,KOMMUNE_NR,KOMMUNE_NAVN,BYGNINGS_NR,BYGNING_LNR,BYGNINGSTYPE_NR,BYGNINGSTYPE_NAVN,BYGNINGSSTATUS_NR,BYGNINGSSTATUS_NAVN,GODKJENT_DATO,IGANGSATT_DATO,TATT_I_BRUK_DATO,BRUKSAREAL_TOTALT,KOMMUNE_NR_ADR,KOMMUNE_NAVN_ADR,ADRESSE_ID,GATENAVN,GATENAVNKODE,HUSNUMMER,BOKSTAV,UNDERNUMMER,POST_NR,POSTSTED
910000,1860,VESTVÅGØY,189570015,0,111.0,Enebolig,TB,Tatt i bruk,10101,10101,10101,115.0,,,56492920.0,Mærvollveien,8009.0,98.0,,,8360.0,BØSTAD
910001,1860,VESTVÅGØY,189570007,0,111.0,Enebolig,TB,Tatt i bruk,10101,10101,10101,127.0,,,56492446.0,Mærvollveien,8009.0,96.0,,,8360.0,BØSTAD
910002,1860,VESTVÅGØY,189569998,0,111.0,Enebolig,BR,Bygning revet/brent,10101,10101,10101,0.0,,,,,,,,,,
910003,1860,VESTVÅGØY,189570198,0,111.0,Enebolig,TB,Tatt i bruk,10101,10101,19390101,124.0,,,56492370.0,Tangstad,8006.0,191.0,,,8360.0,BØSTAD
910004,1860,VESTVÅGØY,189570171,0,181.0,Garasjeuthus anneks til bolig,BR,Bygning revet/brent,10101,10101,10101,84.0,,,,,,,,,,
910005,1860,VESTVÅGØY,189570163,0,244.0,Driftsb. fiske/fangst/oppdr,TB,Tatt i bruk,10101,10101,10101,310.0,,,,,,,,,,
910006,1860,VESTVÅGØY,189570155,0,183.0,Naust båthus sjøbu,TB,Tatt i bruk,10101,10101,10101,156.0,,,,,,,,,,
910007,1860,VESTVÅGØY,189570147,0,239.0,Annen lagerbygning,TB,Tatt i bruk,10101,10101,10101,468.0,,,56497704.0,Mærvollveien,8009.0,198.0,,,8360.0,BØSTAD
910008,1860,VESTVÅGØY,189570139,0,521.0,Hospits pensjonat,TB,Tatt i bruk,10101,10101,10101,696.0,,,56497703.0,Mærvollveien,8009.0,200.0,,,8360.0,BØSTAD
910009,1860,VESTVÅGØY,189570120,0,248.0,Annen fiskeri- og fangstbygn.,TB,Tatt i bruk,10101,10101,10101,773.2,,,,,,,,,,
910010,1860,VESTVÅGØY,189570112,0,111.0,Enebolig,TB,Tatt i bruk,10101,10101,10101,142.0,,,56492443.0,Mærvollveien,8009.0,73.0,,,8360.0,BØSTAD
910011,1860,VESTVÅGØY,189570104,0,161.0,Fritidsbygg(hyttersommerh. ol,TB,Tatt i bruk,10101,10101,10101,76.0,,,56492441.0,Mærvollveien,8009.0,68.0,,,8360.0,BØSTAD
910012,1860,VESTVÅGØY,189570090,0,161.0,Fritidsbygg(hyttersommerh. ol,TB,Tatt i bruk,10101,10101,18500101,63.0,,,56498338.0,Mærvollveien,8009.0,66.0,,,8360.0,BØSTAD
910013,1860,VESTVÅGØY,189570082,0,183.0,Naust båthus sjøbu,TB,Tatt i bruk,10101,10101,19000101,16.0,,,,,,,,,,
910014,1860,VESTVÅGØY,189570074,0,183.0,Naust båthus sjøbu,BR,Bygning revet/brent,10101,10101,10101,0.0,,,,,,,,,,
910015,1860,VESTVÅGØY,189570066,0,183.0,Naust båthus sjøbu,TB,Tatt i bruk,10101,10101,10101,35.0,,,,,,,,,,
910016,1860,VESTVÅGØY,189570058,0,111.0,Enebolig,TB,Tatt i bruk,10101,10101,10101,91.0,,,56492444.0,Mærvollveien,8009.0,75.0,,,8360.0,BØSTAD
910017,1860,VESTVÅGØY,189570031,0,239.0,Annen lagerbygning,TB,Tatt i bruk,10101,10101,10101,105.0,,,,,,,,,,
910018,1860,VESTVÅGØY,189570023,0,181.0,Garasjeuthus anneks til bolig,BR,Bygning revet/brent,10101,10101,10101,0.0,,,,,,,,,,
910019,1860,VESTVÅGØY,189567677,0,111.0,Enebolig,TB,Tatt i bruk,10101,10101,19340101,268.0,,,56489368.0,Leknesveien,3056.0,214.0,,,8370.0,LEKNES
910020,1860,VESTVÅGØY,189567669,0,181.0,Garasjeuthus anneks til bolig,TB,Tatt i bruk,10101,10101,10101,45.0,,,,,,,,,,
910021,1860,VESTVÅGØY,189567650,0,181.0,Garasjeuthus anneks til bolig,TB,Tatt i bruk,10101,10101,10101,25.0,,,,,,,,,,
910022,1860,VESTVÅGØY,189567642,0,241.0,Hus for dyr/landbr.lager/silo,TB,Tatt i bruk,10101,10101,10101,25.0,,,,,,,,,,
910023,1860,VESTVÅGØY,189567634,1,111.0,Enebolig,TB,Tatt i bruk,10101,10101,19930101,69.0,,,,,,,,,,
910024,1860,VESTVÅGØY,189567634,0,111.0,Enebolig,TB,Tatt i bruk,10101,10101,10101,76.0,,,56489373.0,Leknesveien,3056.0,232.0,,,8370.0,LEKNES
910025,1860,VESTVÅGØY,189567626,0,111.0,Enebolig,TB,Tatt i bruk,10101,10101,10101,171.0,,,56489371.0,Leknesveien,3056.0,227.0,,,8370.0,LEKNES
910026,1860,VESTVÅGØY,189567618,0,181.0,Garasjeuthus anneks til bolig,TB,Tatt i bruk,10101,10101,10101,46.0,,,,,,,,,,
910027,1860,VESTVÅGØY,189567596,0,181.0,Garasjeuthus anneks til bolig,TB,Tatt i bruk,10101,10101,10101,83.0,,,,,,,,,,
910028,1860,VESTVÅGØY,189567588,0,672.0,Bedehus menighetshus,TB,Tatt i bruk,10101,10101,10101,111.0,,,56497125.0,Leknesveien,3056.0,228.0,,,8370.0,LEKNES
910029,1860,VESTVÅGØY,189567561,0,161.0,Fritidsbygg(hyttersommerh. ol,TB,Tatt i bruk,10101,10101,10101,90.0,,,56489380.0,Leknesveien,3056.0,259.0,,,8370.0,LEKNES
910030,1860,VESTVÅGØY,189567553,0,161.0,Fritidsbygg(hyttersommerh. ol,TB,Tatt i bruk,10101,10101,10101,85.0,,,56489379.0,Leknesveien,3056.0,257.0,,,8370.0,LEKNES
910031,1860,VESTVÅGØY,189563930,1,161.0,Fritidsbygg(hyttersommerh. ol,TB,Tatt i bruk,10101,10101,20071220,0.0,,,,,,,,,,
910032,1860,VESTVÅGØY,189567545,0,181.0,Garasjeuthus anneks til bolig,TB,Tatt i bruk,10101,10101,10101,106.0,,,,,,,,,,
910033,1860,VESTVÅGØY,189564899,0,181.0,Garasjeuthus anneks til bolig,GR,Bygning godkjent for riving/brenning,10101,10101,10101,131.0,,,,,,,,,,
910034,1860,VESTVÅGØY,189567537,0,241.0,Hus for dyr/landbr.lager/silo,TB,Tatt i bruk,10101,10101,10101,111.0,,,,,,,,,,
910035,1860,VESTVÅGØY,189567529,0,111.0,Enebolig,TB,Tatt i bruk,10101,10101,10101,35.0,,,56489378.0,Leknesveien,3056.0,255.0,,,8370.0,LEKNES
910036,1860,VESTVÅGØY,189564880,1,241.0,Hus for dyr/landbr.lager/silo,TB,Tatt i bruk,19970902,19971002,19971112,77.0,,,,,,,,,,
910037,1860,VESTVÅGØY,189567510,0,111.0,Enebolig,TB,Tatt i bruk,10101,10101,10101,280.0,,,56489388.0,Leknesveien,3056.0,383.0,,,8370.0,LEKNES
910038,1860,VESTVÅGØY,189567723,0,181.0,Garasjeuthus anneks til bolig,TB,Tatt i bruk,10101,10101,10101,59.0,,,,,,,,,,
910039,1860,VESTVÅGØY,189567715,0,181.0,Garasjeuthus anneks til bolig,TB,Tatt i bruk,10101,10101,10101,36.0,,,,,,,,,,
910040,1860,VESTVÅGØY,189567707,0,181.0,Garasjeuthus anneks til bolig,TB,Tatt i bruk,10101,10101,19800101,50.0,,,,,,,,,,
910041,1860,VESTVÅGØY,189567693,0,111.0,Enebolig,TB,Tatt i bruk,10101,10101,19190101,159.0,,,56497083.0,Leknesveien,3056.0,210.0,,,8370.0,LEKNES
910042,1860,VESTVÅGØY,189567685,0,111.0,Enebolig,TB,Tatt i bruk,10101,10101,19801212,116.0,,,56489367.0,Leknesveien,3056.0,212.0,,,8370.0,LEKNES
910043,1860,VESTVÅGØY,189570597,0,111.0,Enebolig,BR,Bygning revet/brent,10101,10101,10101,0.0,,,,,,,,,,
910044,1860,VESTVÅGØY,189570589,1,111.0,Enebolig,BU,Bygningsnummer utgått,20010419,10101,10101,21.0,,,,,,,,,,
910045,1860,VESTVÅGØY,189570589,0,111.0,Enebolig,TB,Tatt i bruk,10101,10101,10101,224.0,,,56494430.0,Rise,8306.0,182.0,,,8370.0,LEKNES
910046,1860,VESTVÅGØY,189570570,0,241.0,Hus for dyr/landbr.lager/silo,BR,Bygning revet/brent,10101,10101,10101,0.0,,,,,,,,,,
910047,1860,VESTVÅGØY,189570562,0,181.0,Garasjeuthus anneks til bolig,TB,Tatt i bruk,10101,10101,19911231,146.0,,,,,,,,,,
910048,1860,VESTVÅGØY,189570554,0,181.0,Garasjeuthus anneks til bolig,BR,Bygning revet/brent,10101,10101,10101,0.0,,,,,,,,,,
910049,1860,VESTVÅGØY,189570546,1,111.0,Enebolig,TB,Tatt i bruk,19930105,19930205,19930820,38.0,,,56496980.0,Rise,8306.0,174.0,,,8370.0,LEKNES
910050,1860,VESTVÅGØY,189570546,0,111.0,Enebolig,TB,Tatt i bruk,10101,10101,19400101,134.0,,,56496980.0,Rise,8306.0,174.0,,,8370.0,LEKNES
910051,1860,VESTVÅGØY,189570538,0,111.0,Enebolig,TB,Tatt i bruk,10101,10101,10101,118.0,,,56494429.0,Rise,8306.0,176.0,,,8370.0,LEKNES
910052,1860,VESTVÅGØY,189570511,1,111.0,Enebolig,TB,Tatt i bruk,20021015,20021020,20021108,57.0,,,56494465.0,Rise,8306.0,188.0,,,8370.0,LEKNES
910053,1860,VESTVÅGØY,189570511,0,111.0,Enebolig,TB,Tatt i bruk,10101,10101,10101,202.0,,,56494465.0,Rise,8306.0,188.0,,,8370.0,LEKNES
910054,1860,VESTVÅGØY,189570503,0,111.0,Enebolig,TB,Tatt i bruk,10101,10101,19390101,110.0,,,56494431.0,Rise,8306.0,186.0,,,8370.0,LEKNES
910055,1860,VESTVÅGØY,189567871,0,111.0,Enebolig,GR,Bygning godkjent for riving/brenning,10101,10101,10101,93.0,,,56489376.0,Leknesveien,3056.0,249.0,A,,8370.0,LEKNES
910056,1860,VESTVÅGØY,189570481,0,181.0,Garasjeuthus anneks til bolig,BR,Bygning revet/brent,10101,10101,10101,0.0,,,,,,,,,,
910057,1860,VESTVÅGØY,189570732,0,181.0,Garasjeuthus anneks til bolig,TB,Tatt i bruk,10101,10101,10101,67.0,,,,,,,,,,
910058,1860,VESTVÅGØY,189570724,0,163.0,Våningh. benyttes som fritidsb,TB,Tatt i bruk,10101,10101,10101,89.0,,,56492885.0,Unstadveien,8010.0,80.0,,,8360.0,BØSTAD
910059,1860,VESTVÅGØY,189570716,0,111.0,Enebolig,TB,Tatt i bruk,10101,10101,10101,193.0,,,56494417.0,Rise,8306.0,106.0,,,8370.0,LEKNES
910060,1860,VESTVÅGØY,189570708,0,111.0,Enebolig,TB,Tatt i bruk,10101,10101,10101,93.0,,,56494420.0,Rise,8306.0,110.0,,,8370.0,LEKNES
910061,1860,VESTVÅGØY,189570694,0,181.0,Garasjeuthus anneks til bolig,TB,Tatt i bruk,10101,10101,10101,80.0,,,,,,,,,,
910062,1860,VESTVÅGØY,189570686,0,181.0,Garasjeuthus anneks til bolig,TB,Tatt i bruk,10101,10101,10101,47.0,,,,,,,,,,
910063,1860,VESTVÅGØY,189570678,0,111.0,Enebolig,TB,Tatt i bruk,10101,10101,10101,120.0,,,56494421.0,Rise,8306.0,112.0,,,8370.0,LEKNES
910064,1860,VESTVÅGØY,189570651,0,241.0,Hus for dyr/landbr.lager/silo,TB,Tatt i bruk,10101,10101,10101,333.0,,,,,,,,,,
910065,1860,VESTVÅGØY,189570643,0,181.0,Garasjeuthus anneks til bolig,TB,Tatt i bruk,10101,10101,10101,98.0,,,56494982.0,,,,,0.0,8370.0,LEKNES
910066,1860,VESTVÅGØY,189570635,0,161.0,Fritidsbygg(hyttersommerh. ol,TB,Tatt i bruk,10101,10101,19320101,67.0,,,,,,,,,,
910067,1860,VESTVÅGØY,189570627,0,241.0,Hus for dyr/landbr.lager/silo,TB,Tatt i bruk,10101,10101,19810101,253.0,,,,,,,,,,
910068,1860,VESTVÅGØY,189570619,1,111.0,Enebolig,TB,Tatt i bruk,19880901,19880901,19881001,102.0,,,56494416.0,Rise,8306.0,178.0,,,8370.0,LEKNES
910069,1860,VESTVÅGØY,189570619,0,111.0,Enebolig,TB,Tatt i bruk,19780216,19780316,19781001,225.0,,,56494416.0,Rise,8306.0,178.0,,,8370.0,LEKNES
910070,1860,VESTVÅGØY,189570600,0,111.0,Enebolig,TB,Tatt i bruk,10101,10101,10101,108.0,,,56494464.0,Rise,8306.0,184.0,,,8370.0,LEKNES
910071,1860,VESTVÅGØY,189567766,1,111.0,Enebolig,TB,Tatt i bruk,19970101,19970502,19971220,28.0,,,56489374.0,Leknesveien,3056.0,244.0,,,8370.0,LEKNES
910072,1860,VESTVÅGØY,189570325,0,181.0,Garasjeuthus anneks til bolig,TB,Tatt i bruk,10101,10101,10101,56.0,,,,,,,,,,
910073,1860,VESTVÅGØY,189567766,0,111.0,Enebolig,TB,Tatt i bruk,10101,10101,19500101,182.0,,,56489374.0,Leknesveien,3056.0,244.0,,,8370.0,LEKNES
910074,1860,VESTVÅGØY,189570317,0,241.0,Hus for dyr/landbr.lager/silo,TB,Tatt i bruk,10101,10101,10101,387.0,,,,,,,,,,
910075,1860,VESTVÅGØY,189567758,0,111.0,Enebolig,TB,Tatt i bruk,10101,10101,19600101,242.0,,,56489369.0,Leknesveien,3056.0,218.0,,,8370.0,LEKNES
910076,1860,VESTVÅGØY,189570309,0,111.0,Enebolig,TB,Tatt i bruk,10101,10101,10101,186.0,,,56494422.0,Rise,8306.0,119.0,,,8370.0,LEKNES
910077,1860,VESTVÅGØY,189567731,0,241.0,Hus for dyr/landbr.lager/silo,TB,Tatt i bruk,10101,10101,10101,211.0,,,,,,,,,,
910078,1860,VESTVÅGØY,189570295,1,111.0,Enebolig,TB,Tatt i bruk,19970701,19970801,19981201,26.0,,,,,,,,,,
910079,1860,VESTVÅGØY,189570295,0,111.0,Enebolig,TB,Tatt i bruk,10101,10101,19600101,244.0,,,56494419.0,Rise,8306.0,109.0,,,8370.0,LEKNES
910080,1860,VESTVÅGØY,189570287,0,249.0,Annen landbruksbygning,TB,Tatt i bruk,10101,10101,10101,92.0,,,,,,,,,,
910081,1860,VESTVÅGØY,189570279,0,111.0,Enebolig,TB,Tatt i bruk,10101,10101,10101,220.0,,,56497124.0,Rise,8306.0,114.0,,,8370.0,LEKNES
910082,1860,VESTVÅGØY,189570260,0,241.0,Hus for dyr/landbr.lager/silo,TB,Tatt i bruk,10101,10101,10101,102.0,,,,,,,,,,
910083,1860,VESTVÅGØY,189570252,0,241.0,Hus for dyr/landbr.lager/silo,TB,Tatt i bruk,10101,10101,10101,281.0,,,,,,,,,,
910084,1860,VESTVÅGØY,189570244,1,111.0,Enebolig,TB,Tatt i bruk,19960717,19970501,19991201,74.0,,,,,,,,,,
910085,1860,VESTVÅGØY,189570244,0,111.0,Enebolig,TB,Tatt i bruk,10101,10101,10101,143.0,,,56494466.0,Rise,8306.0,253.0,,,8370.0,LEKNES
910086,1860,VESTVÅGØY,189570236,0,111.0,Enebolig,TB,Tatt i bruk,10101,10101,10101,162.0,,,56494468.0,Rise,8306.0,257.0,,,8370.0,LEKNES
910087,1860,VESTVÅGØY,189570228,0,662.0,Samfunnshus grendehus,TB,Tatt i bruk,10101,10101,10101,57.0,,,56498350.0,Uttakleivveien,8308.0,205.0,,,8370.0,LEKNES
910088,1860,VESTVÅGØY,189570201,0,183.0,Naust båthus sjøbu,BR,Bygning revet/brent,10101,10101,10101,52.0,,,,,,,,,,
910089,1860,VESTVÅGØY,189567863,0,241.0,Hus for dyr/landbr.lager/silo,GR,Bygning godkjent for riving/brenning,10101,10101,10101,61.0,,,,,,,,,,
910090,1860,VESTVÅGØY,189570473,0,241.0,Hus for dyr/landbr.lager/silo,TB,Tatt i bruk,10101,10101,19550101,49.0,,,,,,,,,,
910091,1860,VESTVÅGØY,189567855,0,241.0,Hus for dyr/landbr.lager/silo,TB,Tatt i bruk,10101,10101,10101,48.0,,,,,,,,,,
910092,1860,VESTVÅGØY,189570465,0,241.0,Hus for dyr/landbr.lager/silo,TB,Tatt i bruk,10101,10101,19550101,629.0,,,,,,,,,,
910093,1860,VESTVÅGØY,189567847,0,111.0,Enebolig,TB,Tatt i bruk,10101,10101,10101,73.0,,,56489377.0,Leknesveien,3056.0,253.0,,,8370.0,LEKNES
910094,1860,VESTVÅGØY,189570457,0,111.0,Enebolig,BR,Bygning revet/brent,10101,10101,19540101,315.0,,,56494428.0,Rise,8306.0,170.0,,,8370.0,LEKNES
910095,1860,VESTVÅGØY,189567839,0,113.0,Våningshus,TB,Tatt i bruk,10101,10101,10101,191.0,,,56489381.0,Leknesveien,3056.0,261.0,,,8370.0,LEKNES
910096,1860,VESTVÅGØY,189570449,0,111.0,Enebolig,TB,Tatt i bruk,10101,10101,10101,58.0,,,56494427.0,Rise,8306.0,166.0,,,8370.0,LEKNES
910097,1860,VESTVÅGØY,189567820,0,181.0,Garasjeuthus anneks til bolig,TB,Tatt i bruk,10101,10101,10101,175.0,,,,,,,,,,
910098,1860,VESTVÅGØY,189570430,0,241.0,Hus for dyr/landbr.lager/silo,TB,Tatt i bruk,10101,10101,10101,87.0,,,,,,,,,,
910099,1860,VESTVÅGØY,189567812,0,181.0,Garasjeuthus anneks til bolig,TB,Tatt i bruk,10101,10101,10101,56.0,,,,,,,,,,
910100,1860,VESTVÅGØY,189570422,0,241.0,Hus for dyr/landbr.lager/silo,TB,Tatt i bruk,10101,10101,10101,103.0,,,,,,,,,,
910101,1860,VESTVÅGØY,189567804,0,181.0,Garasjeuthus anneks til bolig,BR,Bygning revet/brent,10101,10101,10101,20.0,,,,,,,,,,
910102,1860,VESTVÅGØY,189567790,0,181.0,Garasjeuthus anneks til bolig,TB,Tatt i bruk,10101,10101,10101,13.0,,,,,,,,,,
910103,1860,VESTVÅGØY,189570414,1,111.0,Enebolig,TB,Tatt i bruk,19950701,19950701,19990917,38.0,,,,,,,,,,
910104,1860,VESTVÅGØY,189567782,0,111.0,Enebolig,TB,Tatt i bruk,10101,10101,10101,135.0,,,56489372.0,Leknesveien,3056.0,230.0,,,8370.0,LEKNES
910105,1860,VESTVÅGØY,189570414,0,111.0,Enebolig,TB,Tatt i bruk,10101,10101,19900101,211.0,,,56494426.0,Rise,8306.0,164.0,,,8370.0,LEKNES
910106,1860,VESTVÅGØY,189570406,0,111.0,Enebolig,TB,Tatt i bruk,10101,10101,19900101,192.0,,,56494425.0,Rise,8306.0,156.0,,,8370.0,LEKNES
910107,1860,VESTVÅGØY,189570392,0,111.0,Enebolig,TB,Tatt i bruk,10101,10101,19340101,153.0,,,56494424.0,Rise,8306.0,139.0,,,8370.0,LEKNES
910108,1860,VESTVÅGØY,189567774,2,111.0,Enebolig,FA,Ferdigattest,20070919,20071019,10101,44.0,,,,,,,,,,
910109,1860,VESTVÅGØY,189570384,0,181.0,Garasjeuthus anneks til bolig,TB,Tatt i bruk,10101,10101,10101,166.0,,,,,,,,,,
910110,1860,VESTVÅGØY,189570376,0,241.0,Hus for dyr/landbr.lager/silo,TB,Tatt i bruk,10101,10101,10101,322.0,,,,,,,,,,
910111,1860,VESTVÅGØY,189567774,1,111.0,Enebolig,FA,Ferdigattest,20010419,20010519,10101,22.0,,,56489336.0,Leknesveien,3056.0,260.0,,,8370.0,LEKNES
910112,1860,VESTVÅGØY,189570368,0,112.0,Enebolig m/hybel/sokkelleil.,TB,Tatt i bruk,10101,10101,19600101,310.0,,,56494423.0,Rise,8306.0,133.0,,,8370.0,LEKNES
910113,1860,VESTVÅGØY,189567774,0,111.0,Enebolig,TB,Tatt i bruk,10101,10101,19300101,186.0,,,56489336.0,Leknesveien,3056.0,260.0,,,8370.0,LEKNES
910114,1860,VESTVÅGØY,189567766,2,111.0,Enebolig,TB,Tatt i bruk,20031212,20040102,20041111,62.0,,,56489374.0,Leknesveien,3056.0,244.0,,,8370.0,LEKNES
910115,1860,VESTVÅGØY,189570341,0,181.0,Garasjeuthus anneks til bolig,TB,Tatt i bruk,10101,10101,19500101,44.0,,,,,,,,,,
910116,1860,VESTVÅGØY,189570333,0,181.0,Garasjeuthus anneks til bolig,TB,Tatt i bruk,10101,10101,10101,33.0,,,,,,,,,,
910117,1860,VESTVÅGØY,189564104,0,181.0,Garasjeuthus anneks til bolig,BR,Bygning revet/brent,10101,10101,10101,47.0,,,,,,,,,,
910118,1860,VESTVÅGØY,189564090,0,113.0,Våningshus,GR,Bygning godkjent for riving/brenning,10101,10101,19200101,42.0,,,56497754.0,Vikveien,8313.0,242.0,,,8370.0,LEKNES
910119,1860,VESTVÅGØY,189564082,0,181.0,Garasjeuthus anneks til bolig,GR,Bygning godkjent for riving/brenning,10101,10101,10101,83.0,,,,,,,,,,
910120,1860,VESTVÅGØY,189564074,0,181.0,Garasjeuthus anneks til bolig,BR,Bygning revet/brent,10101,10101,10101,0.0,,,,,,,,,,
910121,1860,VESTVÅGØY,189564066,0,181.0,Garasjeuthus anneks til bolig,TB,Tatt i bruk,10101,10101,10101,36.0,,,,,,,,,,
910122,1860,VESTVÅGØY,189564058,0,241.0,Hus for dyr/landbr.lager/silo,TB,Tatt i bruk,10101,10101,10101,506.0,,,,,,,,,,
910123,1860,VESTVÅGØY,189564031,0,111.0,Enebolig,TB,Tatt i bruk,10101,10101,19500101,211.0,,,56494485.0,Vikveien,8313.0,234.0,,,8370.0,LEKNES
910124,1860,VESTVÅGØY,189564023,0,111.0,Enebolig,TB,Tatt i bruk,10101,10101,19500101,150.0,,,56494486.0,Vikveien,8313.0,250.0,,,8370.0,LEKNES
910125,1860,VESTVÅGØY,189564015,0,181.0,Garasjeuthus anneks til bolig,TB,Tatt i bruk,10101,10101,10101,68.0,,,,,,,,,,
910126,1860,VESTVÅGØY,189564007,0,181.0,Garasjeuthus anneks til bolig,TB,Tatt i bruk,10101,10101,10101,26.0,,,,,,,,,,
910127,1860,VESTVÅGØY,189563981,0,161.0,Fritidsbygg(hyttersommerh. ol,TB,Tatt i bruk,10101,10101,19500101,131.0,,,56494953.0,Vikveien,8313.0,258.0,,,8370.0,LEKNES
910128,1860,VESTVÅGØY,189563973,0,161.0,Fritidsbygg(hyttersommerh. ol,BR,Bygning revet/brent,10101,10101,10101,0.0,,,56494981.0,,,,,0.0,8370.0,LEKNES
910129,1860,VESTVÅGØY,189563965,0,161.0,Fritidsbygg(hyttersommerh. ol,BR,Bygning revet/brent,10101,10101,10101,0.0,,,56497684.0,Vikveien,8313.0,230.0,,,8370.0,LEKNES
910130,1860,VESTVÅGØY,189563957,0,161.0,Fritidsbygg(hyttersommerh. ol,BR,Bygning revet/brent,10101,10101,10101,54.0,,,,,,,,,,
910131,1860,VESTVÅGØY,189563949,0,181.0,Garasjeuthus anneks til bolig,BR,Bygning revet/brent,10101,10101,10101,0.0,,,,,,,,,,
910132,1860,VESTVÅGØY,189563930,0,161.0,Fritidsbygg(hyttersommerh. ol,TB,Tatt i bruk,10101,10101,19050101,109.0,,,56497681.0,Vikveien,8313.0,196.0,,,8370.0,LEKNES
910133,1860,VESTVÅGØY,189564279,0,111.0,Enebolig,TB,Tatt i bruk,10101,10101,10101,84.0,,,56494477.0,Haukland,8312.0,48.0,,,8370.0,LEKNES
910134,1860,VESTVÅGØY,189564260,0,181.0,Garasjeuthus anneks til bolig,BR,Bygning revet/brent,10101,10101,10101,0.0,,,,,,,,,,
910135,1860,VESTVÅGØY,189564252,0,181.0,Garasjeuthus anneks til bolig,BR,Bygning revet/brent,10101,10101,10101,0.0,,,,,,,,,,
910136,1860,VESTVÅGØY,189564244,0,241.0,Hus for dyr/landbr.lager/silo,TB,Tatt i bruk,10101,10101,19840101,102.0,,,,,,,,,,
910137,1860,VESTVÅGØY,189564236,0,111.0,Enebolig,TB,Tatt i bruk,10101,10101,19400101,88.0,,,56494958.0,Haukland,8312.0,44.0,,,8370.0,LEKNES
910138,1860,VESTVÅGØY,189564228,0,181.0,Garasjeuthus anneks til bolig,TB,Tatt i bruk,10101,10101,10101,19.0,,,,,,,,,,
910139,1860,VESTVÅGØY,189564201,0,181.0,Garasjeuthus anneks til bolig,TB,Tatt i bruk,10101,10101,10101,50.0,,,,,,,,,,
910140,1860,VESTVÅGØY,189564198,0,181.0,Garasjeuthus anneks til bolig,TB,Tatt i bruk,10101,10101,10101,42.0,,,,,,,,,,
910141,1860,VESTVÅGØY,189564171,0,181.0,Garasjeuthus anneks til bolig,BR,Bygning revet/brent,10101,10101,10101,0.0,,,,,,,,,,
910142,1860,VESTVÅGØY,189564163,0,111.0,Enebolig,TB,Tatt i bruk,10101,10101,10101,106.0,,,56494476.0,Haukland,8312.0,24.0,,,8370.0,LEKNES
910143,1860,VESTVÅGØY,189564155,0,161.0,Fritidsbygg(hyttersommerh. ol,TB,Tatt i bruk,10101,10101,10101,84.0,,,56494446.0,Uttakleivveien,8308.0,72.0,,,8370.0,LEKNES
910144,1860,VESTVÅGØY,189564147,0,161.0,Fritidsbygg(hyttersommerh. ol,TB,Tatt i bruk,10101,10101,10101,43.0,,,56494474.0,Haukland,8312.0,12.0,,,8370.0,LEKNES
910145,1860,VESTVÅGØY,189564139,0,181.0,Garasjeuthus anneks til bolig,TB,Tatt i bruk,10101,10101,10101,61.0,,,,,,,,,,
910146,1860,VESTVÅGØY,189564120,0,249.0,Annen landbruksbygning,TB,Tatt i bruk,10101,10101,10101,21.0,,,,,,,,,,
910147,1860,VESTVÅGØY,189564112,0,673.0,Kremat. gravkapell bårehus,BU,Bygningsnummer utgått,10101,10101,19900101,32.0,,,,,,,,,,
910148,1860,VESTVÅGØY,189563922,0,111.0,Enebolig,TB,Tatt i bruk,10101,10101,10101,168.0,,,56494440.0,Reppeveien,8307.0,61.0,,,8370.0,LEKNES
910149,1860,VESTVÅGØY,189563914,0,241.0,Hus for dyr/landbr.lager/silo,TB,Tatt i bruk,10101,10101,19830101,228.0,,,,,,,,,,
910150,1860,VESTVÅGØY,189563906,0,241.0,Hus for dyr/landbr.lager/silo,TB,Tatt i bruk,10101,10101,10101,173.0,,,,,,,,,,
910151,1860,VESTVÅGØY,189563892,0,181.0,Garasjeuthus anneks til bolig,TB,Tatt i bruk,10101,10101,10101,16.0,,,,,,,,,,
910152,1860,VESTVÅGØY,189563884,0,111.0,Enebolig,TB,Tatt i bruk,10101,10101,19900101,209.0,,,56496981.0,Reppeveien,8307.0,57.0,,,8370.0,LEKNES
910153,1860,VESTVÅGØY,189563876,0,111.0,Enebolig,TB,Tatt i bruk,10101,10101,19630101,190.0,,,56494441.0,Reppeveien,8307.0,63.0,,,8370.0,LEKNES
910154,1860,VESTVÅGØY,189563868,0,241.0,Hus for dyr/landbr.lager/silo,TB,Tatt i bruk,10101,10101,19760101,309.0,,,,,,,,,,
910155,1860,VESTVÅGØY,189564740,0,112.0,Enebolig m/hybel/sokkelleil.,TB,Tatt i bruk,10101,10101,19801111,187.0,,,56494369.0,Lindalsstien,8301.0,17.0,,,8370.0,LEKNES
910156,1860,VESTVÅGØY,189567332,0,111.0,Enebolig,TB,Tatt i bruk,10101,10101,10101,83.0,,,56494938.0,Leiteveien,8316.0,81.0,,,8370.0,LEKNES
910157,1860,VESTVÅGØY,189564732,0,112.0,Enebolig m/hybel/sokkelleil.,TB,Tatt i bruk,10101,10101,19791023,172.0,,,56494371.0,Lindalsstien,8301.0,19.0,,,8370.0,LEKNES
910158,1860,VESTVÅGØY,189567324,0,181.0,Garasjeuthus anneks til bolig,TB,Tatt i bruk,10101,10101,10101,37.0,,,,,,,,,,
910159,1860,VESTVÅGØY,189564724,0,111.0,Enebolig,TB,Tatt i bruk,10101,10101,10101,232.0,,,56494357.0,Lindalsstien,8301.0,6.0,,,8370.0,LEKNES
910160,1860,VESTVÅGØY,189567316,0,161.0,Fritidsbygg(hyttersommerh. ol,TB,Tatt i bruk,10101,10101,10101,90.0,,,56494501.0,Leiteveien,8316.0,69.0,,,8370.0,LEKNES
910161,1860,VESTVÅGØY,189564716,0,181.0,Garasjeuthus anneks til bolig,TB,Tatt i bruk,10101,10101,19780901,70.0,,,,,,,,,,
910162,1860,VESTVÅGØY,189567308,0,241.0,Hus for dyr/landbr.lager/silo,TB,Tatt i bruk,10101,10101,10101,20.0,,,,,,,,,,
910163,1860,VESTVÅGØY,189564708,0,181.0,Garasjeuthus anneks til bolig,TB,Tatt i bruk,10101,10101,19370101,92.0,,,,,,,,,,
910164,1860,VESTVÅGØY,189567294,0,241.0,Hus for dyr/landbr.lager/silo,TB,Tatt i bruk,10101,10101,10101,224.0,,,,,,,,,,
910165,1860,VESTVÅGØY,189564694,0,111.0,Enebolig,TB,Tatt i bruk,10101,10101,19320101,69.0,,,56489410.0,Leknesveien,3056.0,437.0,,,8370.0,LEKNES
910166,1860,VESTVÅGØY,189567286,0,111.0,Enebolig,TB,Tatt i bruk,10101,10101,19790529,209.0,,,56494939.0,Leiteveien,8316.0,82.0,,,8370.0,LEKNES
910167,1860,VESTVÅGØY,189564686,0,111.0,Enebolig,TB,Tatt i bruk,10101,10101,10101,137.0,,,56489409.0,Leknesveien,3056.0,423.0,,,8370.0,LEKNES
910168,1860,VESTVÅGØY,189567278,0,111.0,Enebolig,TB,Tatt i bruk,10101,10101,10101,67.0,,,56494940.0,Leiteveien,8316.0,84.0,,,8370.0,LEKNES
910169,1860,VESTVÅGØY,189567251,0,111.0,Enebolig,TB,Tatt i bruk,10101,10101,10101,81.0,,,56494500.0,Leiteveien,8316.0,67.0,,,8370.0,LEKNES
910170,1860,VESTVÅGØY,189564678,1,111.0,Enebolig,BA,Bygging avlyst,19950701,19950701,10101,51.0,,,,,,,,,,
910171,1860,VESTVÅGØY,189567243,0,181.0,Garasjeuthus anneks til bolig,BR,Bygning revet/brent,10101,10101,10101,0.0,,,,,,,,,,
910172,1860,VESTVÅGØY,189564678,0,111.0,Enebolig,BU,Bygningsnummer utgått,10101,10101,10101,98.0,,,,,,,,,,
910173,1860,VESTVÅGØY,189567235,0,181.0,Garasjeuthus anneks til bolig,BR,Bygning revet/brent,10101,10101,10101,41.0,,,,,,,,,,
910174,1860,VESTVÅGØY,189564651,0,111.0,Enebolig,TB,Tatt i bruk,10101,10101,10101,193.0,,,56489405.0,Leknesveien,3056.0,409.0,,,8370.0,LEKNES
910175,1860,VESTVÅGØY,189567227,0,181.0,Garasjeuthus anneks til bolig,TB,Tatt i bruk,10101,10101,10101,42.0,,,,,,,,,,
910176,1860,VESTVÅGØY,189564643,0,181.0,Garasjeuthus anneks til bolig,TB,Tatt i bruk,10101,10101,10101,75.0,,,,,,,,,,
910177,1860,VESTVÅGØY,189567219,0,111.0,Enebolig,TB,Tatt i bruk,10101,10101,19750527,201.0,,,56489337.0,Leknesveien,3056.0,285.0,,,8370.0,LEKNES
910178,1860,VESTVÅGØY,189564635,0,181.0,Garasjeuthus anneks til bolig,BR,Bygning revet/brent,10101,10101,10101,0.0,,,,,,,,,,
910179,1860,VESTVÅGØY,189567200,0,111.0,Enebolig,BR,Bygning revet/brent,10101,10101,10101,0.0,,,,,,,,,,
910180,1860,VESTVÅGØY,189564627,0,181.0,Garasjeuthus anneks til bolig,BR,Bygning revet/brent,10101,10101,10101,0.0,,,,,,,,,,
910181,1860,VESTVÅGØY,189567197,0,111.0,Enebolig,BR,Bygning revet/brent,10101,10101,10101,107.0,,,,,,,,,,
910182,1860,VESTVÅGØY,189564619,0,111.0,Enebolig,TB,Tatt i bruk,10101,10101,19500101,175.0,,,56489390.0,Leknesveien,3056.0,399.0,,,8370.0,LEKNES
910183,1860,VESTVÅGØY,189567189,0,181.0,Garasjeuthus anneks til bolig,BR,Bygning revet/brent,10101,10101,10101,0.0,,,,,,,,,,
910184,1860,VESTVÅGØY,189564600,0,161.0,Fritidsbygg(hyttersommerh. ol,BR,Bygning revet/brent,10101,10101,10101,0.0,,,56496982.0,Reppeveien,8307.0,59.0,,,8370.0,LEKNES
910185,1860,VESTVÅGØY,189567170,0,181.0,Garasjeuthus anneks til bolig,TB,Tatt i bruk,10101,10101,19871210,32.0,,,,,,,,,,
910186,1860,VESTVÅGØY,189564880,0,241.0,Hus for dyr/landbr.lager/silo,TB,Tatt i bruk,10101,10101,10101,328.0,,,,,,,,,,
910187,1860,VESTVÅGØY,189567502,0,241.0,Hus for dyr/landbr.lager/silo,GR,Bygning godkjent for riving/brenning,10101,10101,10101,143.0,,,,,,,,,,
910188,1860,VESTVÅGØY,189564872,0,181.0,Garasjeuthus anneks til bolig,TB,Tatt i bruk,10101,10101,10101,37.0,,,,,,,,,,
910189,1860,VESTVÅGØY,189567499,0,181.0,Garasjeuthus anneks til bolig,BR,Bygning revet/brent,10101,10101,10101,0.0,,,,,,,,,,
910190,1860,VESTVÅGØY,189564856,0,181.0,Garasjeuthus anneks til bolig,TB,Tatt i bruk,10101,10101,10101,88.0,,,,,,,,,,
910191,1860,VESTVÅGØY,189567480,0,111.0,Enebolig,TB,Tatt i bruk,10101,10101,10101,44.0,,,56489386.0,Leknesveien,3056.0,355.0,,,8370.0,LEKNES
910192,1860,VESTVÅGØY,189567472,0,111.0,Enebolig,TB,Tatt i bruk,10101,10101,19741118,182.0,,,56489387.0,Leknesveien,3056.0,369.0,,,8370.0,LEKNES
910193,1860,VESTVÅGØY,189564848,2,121.0,"Tomannsbolig, vertikaldelt",TB,Tatt i bruk,20020221,20020401,20020626,20.0,,,56489393.0,Leknesveien,3056.0,455.0,,,8370.0,LEKNES
910194,1860,VESTVÅGØY,189567464,0,111.0,Enebolig,TB,Tatt i bruk,10101,10101,10101,130.0,,,56489342.0,Leknesveien,3056.0,371.0,,,8370.0,LEKNES
910195,1860,VESTVÅGØY,189564848,1,121.0,"Tomannsbolig, vertikaldelt",TB,Tatt i bruk,10101,10101,19791017,200.0,,,56489393.0,Leknesveien,3056.0,455.0,,,8370.0,LEKNES
910196,1860,VESTVÅGØY,189567456,0,181.0,Garasjeuthus anneks til bolig,TB,Tatt i bruk,10101,10101,10101,25.0,,,,,,,,,,
910197,1860,VESTVÅGØY,189564848,0,121.0,"Tomannsbolig, vertikaldelt",TB,Tatt i bruk,10101,10101,10101,177.0,,,56489392.0,Leknesveien,3056.0,453.0,,,8370.0,LEKNES
910198,1860,VESTVÅGØY,189567448,0,241.0,Hus for dyr/landbr.lager/silo,TB,Tatt i bruk,10101,10101,10101,196.0,,,,,,,,,,
910199,1860,VESTVÅGØY,189567421,0,241.0,Hus for dyr/landbr.lager/silo,TB,Tatt i bruk,10101,10101,10101,260.0,,,,,,,,,,
910200,1860,VESTVÅGØY,189564821,1,111.0,Enebolig,TB,Tatt i bruk,19930827,19930910,19960131,40.0,,,56489412.0,Leknesveien,3056.0,441.0,,,8370.0,LEKNES
910201,1860,VESTVÅGØY,189567413,0,111.0,Enebolig,TB,Tatt i bruk,10101,10101,19710521,187.0,,,56489340.0,Leknesveien,3056.0,349.0,,,8370.0,LEKNES
910202,1860,VESTVÅGØY,189564821,0,111.0,Enebolig,TB,Tatt i bruk,10101,10101,19650101,131.0,,,56489412.0,Leknesveien,3056.0,441.0,,,8370.0,LEKNES
910203,1860,VESTVÅGØY,189567405,0,111.0,Enebolig,BR,Bygning revet/brent,10101,10101,10101,43.0,,,,,,,,,,
910204,1860,VESTVÅGØY,189564813,0,181.0,Garasjeuthus anneks til bolig,TB,Tatt i bruk,10101,10101,10101,45.0,,,,,,,,,,
910205,1860,VESTVÅGØY,189567391,0,111.0,Enebolig,TB,Tatt i bruk,10101,10101,10101,164.0,,,56489384.0,Leknesveien,3056.0,341.0,,,8370.0,LEKNES
910206,1860,VESTVÅGØY,189564805,0,111.0,Enebolig,TB,Tatt i bruk,10101,10101,19750120,193.0,,,56494356.0,Lindalsstien,8301.0,3.0,,,8370.0,LEKNES
910207,1860,VESTVÅGØY,189567383,0,181.0,Garasjeuthus anneks til bolig,TB,Tatt i bruk,10101,10101,10101,11.0,,,,,,,,,,
910208,1860,VESTVÅGØY,189564791,0,111.0,Enebolig,TB,Tatt i bruk,10101,10101,10101,126.0,,,56494385.0,Lindalsstien,8301.0,5.0,,,8370.0,LEKNES
910209,1860,VESTVÅGØY,189567375,0,181.0,Garasjeuthus anneks til bolig,TB,Tatt i bruk,10101,10101,19890502,28.0,,,,,,,,,,
910210,1860,VESTVÅGØY,189564783,0,111.0,Enebolig,TB,Tatt i bruk,10101,10101,19750424,185.0,,,56494359.0,Lindalsstien,8301.0,7.0,,,8370.0,LEKNES
910211,1860,VESTVÅGØY,189567367,0,111.0,Enebolig,TB,Tatt i bruk,10101,10101,10101,161.0,,,56489383.0,Leknesveien,3056.0,333.0,,,8370.0,LEKNES
910212,1860,VESTVÅGØY,189564767,0,111.0,Enebolig,TB,Tatt i bruk,10101,10101,19790326,184.0,,,56494365.0,Lindalsstien,8301.0,11.0,,,8370.0,LEKNES
910213,1860,VESTVÅGØY,189567359,0,111.0,Enebolig,TB,Tatt i bruk,10101,10101,19820419,135.0,,,56494942.0,Leiteveien,8316.0,91.0,,,8370.0,LEKNES
910214,1860,VESTVÅGØY,189564759,0,111.0,Enebolig,TB,Tatt i bruk,10101,10101,19821209,187.0,,,56494366.0,Lindalsstien,8301.0,13.0,,,8370.0,LEKNES
910215,1860,VESTVÅGØY,189567340,0,111.0,Enebolig,TB,Tatt i bruk,10101,10101,19830122,145.0,,,56494941.0,Leiteveien,8316.0,85.0,,,8370.0,LEKNES
910216,1860,VESTVÅGØY,189564449,0,111.0,Enebolig,BR,Bygning revet/brent,10101,10101,10101,44.0,,,,,,,,,,
910217,1860,VESTVÅGØY,189567006,0,111.0,Enebolig,TB,Tatt i bruk,10101,10101,10101,135.0,,,56494344.0,Skullbrusjyen,8302.0,111.0,,,8370.0,LEKNES
910218,1860,VESTVÅGØY,189564430,0,111.0,Enebolig,TB,Tatt i bruk,10101,10101,10101,163.0,,,56494358.0,Bøveien,8303.0,38.0,,,8370.0,LEKNES
910219,1860,VESTVÅGØY,189566999,0,181.0,Garasjeuthus anneks til bolig,TB,Tatt i bruk,10101,10101,10101,47.0,,,,,,,,,,
910220,1860,VESTVÅGØY,189564422,0,181.0,Garasjeuthus anneks til bolig,TB,Tatt i bruk,10101,10101,19890101,47.0,,,,,,,,,,
910221,1860,VESTVÅGØY,189566980,0,181.0,Garasjeuthus anneks til bolig,BR,Bygning revet/brent,10101,10101,10101,0.0,,,,,,,,,,
910222,1860,VESTVÅGØY,189564414,0,181.0,Garasjeuthus anneks til bolig,TB,Tatt i bruk,10101,10101,10101,69.0,,,,,,,,,,
910223,1860,VESTVÅGØY,189566972,0,111.0,Enebolig,TB,Tatt i bruk,10101,10101,19550101,149.0,,,56494346.0,Skullbrusjyen,8302.0,118.0,,,8370.0,LEKNES
910224,1860,VESTVÅGØY,189564406,0,161.0,Fritidsbygg(hyttersommerh. ol,BR,Bygning revet/brent,10101,10101,10101,0.0,,,,,,,,,,
910225,1860,VESTVÅGØY,189566964,0,111.0,Enebolig,TB,Tatt i bruk,10101,10101,19620101,131.0,,,56494342.0,Skullbrusjyen,8302.0,96.0,,,8370.0,LEKNES
910226,1860,VESTVÅGØY,189564392,0,111.0,Enebolig,TB,Tatt i bruk,10101,10101,19500101,178.0,,,56494480.0,Vikveien,8313.0,6.0,,,8370.0,LEKNES
910227,1860,VESTVÅGØY,189566956,0,241.0,Hus for dyr/landbr.lager/silo,TB,Tatt i bruk,10101,10101,10101,225.0,,,,,,,,,,
910228,1860,VESTVÅGØY,189564384,0,162.0,Helårsb.benyttes som fritidsb.,TB,Tatt i bruk,10101,10101,19540101,81.0,,,56497198.0,Reppeveien,8307.0,15.0,,,8370.0,LEKNES
910229,1860,VESTVÅGØY,189566948,0,111.0,Enebolig,TB,Tatt i bruk,10101,10101,10101,183.0,,,56489286.0,Bolleveien,3018.0,73.0,,,8370.0,LEKNES
910230,1860,VESTVÅGØY,189564376,0,999.0,,TB,Tatt i bruk,10101,10101,10101,0.0,,,,,,,,,,
910231,1860,VESTVÅGØY,189566921,0,241.0,Hus for dyr/landbr.lager/silo,TB,Tatt i bruk,10101,10101,10101,65.0,,,,,,,,,,
910232,1860,VESTVÅGØY,189564368,0,181.0,Garasjeuthus anneks til bolig,BR,Bygning revet/brent,10101,10101,10101,0.0,,,,,,,,,,
910233,1860,VESTVÅGØY,189566913,0,241.0,Hus for dyr/landbr.lager/silo,TB,Tatt i bruk,10101,10101,10101,15.0,,,,,,,,,,
910234,1860,VESTVÅGØY,189564341,0,181.0,Garasjeuthus anneks til bolig,TB,Tatt i bruk,10101,10101,10101,95.0,,,,,,,,,,
910235,1860,VESTVÅGØY,189566905,0,241.0,Hus for dyr/landbr.lager/silo,TB,Tatt i bruk,10101,10101,10101,94.0,,,,,,,,,,
910236,1860,VESTVÅGØY,189564333,0,161.0,Fritidsbygg(hyttersommerh. ol,TB,Tatt i bruk,10101,10101,10101,52.0,,,56494445.0,Uttakleivveien,8308.0,53.0,,,8370.0,LEKNES
910237,1860,VESTVÅGØY,189566891,0,181.0,Garasjeuthus anneks til bolig,TB,Tatt i bruk,10101,10101,10101,30.0,,,,,,,,,,
910238,1860,VESTVÅGØY,189564325,0,161.0,Fritidsbygg(hyttersommerh. ol,TB,Tatt i bruk,10101,10101,19500101,57.0,,,,,,,,,,
910239,1860,VESTVÅGØY,189566883,0,161.0,Fritidsbygg(hyttersommerh. ol,TB,Tatt i bruk,10101,10101,10101,183.0,,,56489355.0,Leknesveien,3056.0,170.0,,,8370.0,LEKNES
910240,1860,VESTVÅGØY,189564317,0,181.0,Garasjeuthus anneks til bolig,TB,Tatt i bruk,10101,10101,19500101,32.0,,,,,,,,,,
910241,1860,VESTVÅGØY,189566875,0,111.0,Enebolig,TB,Tatt i bruk,10101,10101,18750101,167.0,,,56489346.0,Leknesveien,3056.0,108.0,,,8370.0,LEKNES
910242,1860,VESTVÅGØY,189564309,0,241.0,Hus for dyr/landbr.lager/silo,TB,Tatt i bruk,10101,10101,19000101,95.0,,,,,,,,,,
910243,1860,VESTVÅGØY,189566867,0,181.0,Garasjeuthus anneks til bolig,TB,Tatt i bruk,10101,10101,18950101,83.0,,,,,,,,,,
910244,1860,VESTVÅGØY,189564295,0,111.0,Enebolig,TB,Tatt i bruk,10101,10101,19600101,89.0,,,56494957.0,Haukland,8312.0,37.0,,,8370.0,LEKNES
910245,1860,VESTVÅGØY,189564287,0,181.0,Garasjeuthus anneks til bolig,TB,Tatt i bruk,10101,10101,10101,25.0,,,,,,,,,,
910246,1860,VESTVÅGØY,189564597,0,181.0,Garasjeuthus anneks til bolig,BR,Bygning revet/brent,10101,10101,10101,0.0,,,,,,,,,,
910247,1860,VESTVÅGØY,189567162,0,111.0,Enebolig,TB,Tatt i bruk,10101,10101,10101,142.0,,,56489382.0,Leknesveien,3056.0,284.0,,,8370.0,LEKNES
910248,1860,VESTVÅGØY,189564589,0,181.0,Garasjeuthus anneks til bolig,BR,Bygning revet/brent,10101,10101,10101,0.0,,,,,,,,,,
910249,1860,VESTVÅGØY,189567154,0,121.0,"Tomannsbolig, vertikaldelt",TB,Tatt i bruk,10101,10101,19820101,168.0,,,56494949.0,Leiteveien,8316.0,24.0,,,8370.0,LEKNES
910250,1860,VESTVÅGØY,189564570,0,181.0,Garasjeuthus anneks til bolig,TB,Tatt i bruk,10101,10101,10101,33.0,,,,,,,,,,
910251,1860,VESTVÅGØY,189567146,0,121.0,"Tomannsbolig, vertikaldelt",TB,Tatt i bruk,10101,10101,19450101,166.0,,,56494496.0,Leiteveien,8316.0,22.0,,,8370.0,LEKNES
910252,1860,VESTVÅGØY,189564562,0,162.0,Helårsb.benyttes som fritidsb.,TB,Tatt i bruk,10101,10101,10101,197.0,,,56494364.0,Bøveien,8303.0,115.0,,,8370.0,LEKNES
910253,1860,VESTVÅGØY,189567138,0,181.0,Garasjeuthus anneks til bolig,TB,Tatt i bruk,10101,10101,10101,104.0,,,,,,,,,,
910254,1860,VESTVÅGØY,189564554,0,111.0,Enebolig,TB,Tatt i bruk,10101,10101,10101,111.0,,,56494355.0,Bøveien,8303.0,100.0,,,8370.0,LEKNES
910255,1860,VESTVÅGØY,189564546,0,241.0,Hus for dyr/landbr.lager/silo,TB,Tatt i bruk,10101,10101,19710101,334.0,,,,,,,,,,
910256,1860,VESTVÅGØY,189567111,1,241.0,Hus for dyr/landbr.lager/silo,BA,Bygging avlyst,20020118,20020301,10101,110.0,,,,,,,,,,
910257,1860,VESTVÅGØY,189564538,0,241.0,Hus for dyr/landbr.lager/silo,TB,Tatt i bruk,10101,10101,10101,242.0,,,,,,,,,,
910258,1860,VESTVÅGØY,189567111,0,241.0,Hus for dyr/landbr.lager/silo,TB,Tatt i bruk,10101,10101,19590101,463.0,,,,,,,,,,
910259,1860,VESTVÅGØY,189564511,1,111.0,Enebolig,TB,Tatt i bruk,10101,10101,19910916,43.0,,,,,,,,,,
910260,1860,VESTVÅGØY,189567103,0,161.0,Fritidsbygg(hyttersommerh. ol,BR,Bygning revet/brent,10101,10101,10101,0.0,,,56497687.0,Leiteveien,8316.0,42.0,,,8370.0,LEKNES
910261,1860,VESTVÅGØY,189564511,0,111.0,Enebolig,TB,Tatt i bruk,10101,10101,10101,149.0,,,56494363.0,Bøveien,8303.0,101.0,,,8370.0,LEKNES
910262,1860,VESTVÅGØY,189567081,0,181.0,Garasjeuthus anneks til bolig,TB,Tatt i bruk,10101,10101,10101,47.0,,,,,,,,,,
910263,1860,VESTVÅGØY,189567073,0,111.0,Enebolig,TB,Tatt i bruk,10101,10101,19200101,155.0,,,56494498.0,Leiteveien,8316.0,36.0,,,8370.0,LEKNES
910264,1860,VESTVÅGØY,189564503,1,111.0,Enebolig,TB,Tatt i bruk,19950705,19970601,19991201,185.0,,,,,,,,,,
910265,1860,VESTVÅGØY,189567065,0,241.0,Hus for dyr/landbr.lager/silo,TB,Tatt i bruk,10101,10101,10101,190.0,,,,,,,,,,
910266,1860,VESTVÅGØY,189564503,0,111.0,Enebolig,TB,Tatt i bruk,10101,10101,10101,276.0,,,56494361.0,Bøveien,8303.0,70.0,,,8370.0,LEKNES
910267,1860,VESTVÅGØY,189567057,0,121.0,"Tomannsbolig, vertikaldelt",TB,Tatt i bruk,10101,10101,19340101,144.0,,,56498961.0,Leiteveien,8316.0,32.0,,,8370.0,LEKNES
910268,1860,VESTVÅGØY,189564481,0,181.0,Garasjeuthus anneks til bolig,TB,Tatt i bruk,10101,10101,10101,53.0,,,,,,,,,,
910269,1860,VESTVÅGØY,189567049,0,121.0,"Tomannsbolig, vertikaldelt",TB,Tatt i bruk,10101,10101,19340101,144.0,,,56494497.0,Leiteveien,8316.0,34.0,,,8370.0,LEKNES
910270,1860,VESTVÅGØY,189564473,0,181.0,Garasjeuthus anneks til bolig,TB,Tatt i bruk,10101,10101,10101,45.0,,,,,,,,,,
910271,1860,VESTVÅGØY,189567030,0,181.0,Garasjeuthus anneks til bolig,BR,Bygning revet/brent,10101,10101,10101,100.0,,,,,,,,,,
910272,1860,VESTVÅGØY,189564465,0,111.0,Enebolig,TB,Tatt i bruk,10101,10101,10101,183.0,,,56494354.0,Bøveien,8303.0,40.0,,,8370.0,LEKNES
910273,1860,VESTVÅGØY,189567022,0,181.0,Garasjeuthus anneks til bolig,BR,Bygning revet/brent,10101,10101,10101,81.0,,,,,,,,,,
910274,1860,VESTVÅGØY,189564457,0,111.0,Enebolig,TB,Tatt i bruk,10101,10101,19770204,157.0,,,56494353.0,Bøveien,8303.0,30.0,,,8370.0,LEKNES
910275,1860,VESTVÅGØY,189567014,0,111.0,Enebolig,BR,Bygning revet/brent,10101,10101,10101,112.0,,,,,,,,,,
910276,1860,VESTVÅGØY,189569947,0,183.0,Naust båthus sjøbu,TB,Tatt i bruk,10101,10101,10101,23.0,,,,,,,,,,
910277,1860,VESTVÅGØY,189569939,0,162.0,Helårsb.benyttes som fritidsb.,TB,Tatt i bruk,10101,10101,10101,157.0,,,56492448.0,Mærvollveien,8009.0,139.0,,,8360.0,BØSTAD
910278,1860,VESTVÅGØY,189569920,0,111.0,Enebolig,TB,Tatt i bruk,10101,10101,10101,159.0,,,56492449.0,Mærvollveien,8009.0,141.0,,,8360.0,BØSTAD
910279,1860,VESTVÅGØY,189569912,0,183.0,Naust båthus sjøbu,TB,Tatt i bruk,10101,10101,10101,35.0,,,,,,,,,,
910280,1860,VESTVÅGØY,189569904,0,183.0,Naust båthus sjøbu,BR,Bygning revet/brent,10101,10101,10101,0.0,,,,,,,,,,
910281,1860,VESTVÅGØY,189569890,1,163.0,Våningh. benyttes som fritidsb,TB,Tatt i bruk,19940901,19940901,19940901,30.0,,,56497011.0,Mærvollveien,8009.0,144.0,,,8360.0,BØSTAD
910282,1860,VESTVÅGØY,189569890,0,163.0,Våningh. benyttes som fritidsb,TB,Tatt i bruk,10101,10101,10101,47.0,,,56497011.0,Mærvollveien,8009.0,144.0,,,8360.0,BØSTAD
910283,1860,VESTVÅGØY,189569882,0,111.0,Enebolig,TB,Tatt i bruk,10101,10101,10101,160.0,,,56497147.0,Mærvollveien,8009.0,163.0,,,8360.0,BØSTAD
910284,1860,VESTVÅGØY,189569874,0,181.0,Garasjeuthus anneks til bolig,TB,Tatt i bruk,10101,10101,10101,60.0,,,,,,,,,,
910285,1860,VESTVÅGØY,189569866,0,162.0,Helårsb.benyttes som fritidsb.,TB,Tatt i bruk,19800602,19800702,19810911,151.0,,,56492869.0,Mærvollveien,8009.0,177.0,,,8360.0,BØSTAD
910286,1860,VESTVÅGØY,189569858,0,111.0,Enebolig,TB,Tatt i bruk,10101,10101,10101,140.0,,,56492868.0,Mærvollveien,8009.0,173.0,,,8360.0,BØSTAD
910287,1860,VESTVÅGØY,189569831,0,111.0,Enebolig,TB,Tatt i bruk,10101,10101,19900101,146.0,,,56492871.0,Mærvollveien,8009.0,187.0,,,8360.0,BØSTAD
910288,1860,VESTVÅGØY,189569823,0,181.0,Garasjeuthus anneks til bolig,BR,Bygning revet/brent,10101,10101,10101,11.0,,,,,,,,,,
910289,1860,VESTVÅGØY,189569815,0,183.0,Naust båthus sjøbu,TB,Tatt i bruk,10101,10101,10101,33.0,,,,,,,,,,
910290,1860,VESTVÅGØY,189569971,1,111.0,Enebolig,FA,Ferdigattest,20060614,20060714,10101,67.0,,,,,,,,,,
910291,1860,VESTVÅGØY,189569971,0,111.0,Enebolig,TB,Tatt i bruk,10101,10101,10101,267.0,,,56492447.0,Mærvollveien,8009.0,106.0,,,8360.0,BØSTAD
910292,1860,VESTVÅGØY,189569963,0,183.0,Naust båthus sjøbu,TB,Tatt i bruk,10101,10101,10101,154.0,,,,,,,,,,
910293,1860,VESTVÅGØY,189569955,0,244.0,Driftsb. fiske/fangst/oppdr,TB,Tatt i bruk,10101,10101,10101,137.0,,,,,,,,,,
910294,1860,VESTVÅGØY,189569645,0,111.0,Enebolig,TB,Tatt i bruk,10101,10101,10101,71.0,,,56492334.0,Steinfjordveien,8005.0,345.0,,,8360.0,BØSTAD
910295,1860,VESTVÅGØY,189569637,0,181.0,Garasjeuthus anneks til bolig,TB,Tatt i bruk,10101,10101,10101,14.0,,,,,,,,,,
910296,1860,VESTVÅGØY,189569629,0,182.0,Garasjeuth.anneks til fritidb,TB,Tatt i bruk,10101,10101,10101,63.0,,,,,,,,,,
910297,1860,VESTVÅGØY,189572190,0,111.0,Enebolig,TB,Tatt i bruk,10101,10101,10101,71.0,,,56490811.0,Eggumsveien,5013.0,842.0,,,8360.0,BØSTAD
910298,1860,VESTVÅGØY,189569610,0,241.0,Hus for dyr/landbr.lager/silo,TB,Tatt i bruk,10101,10101,10101,60.0,,,,,,,,,,
910299,1860,VESTVÅGØY,189572182,0,111.0,Enebolig,TB,Tatt i bruk,10101,10101,10101,74.0,,,56490812.0,Eggumsveien,5013.0,844.0,,,8360.0,BØSTAD
910300,1860,VESTVÅGØY,189572174,0,162.0,Helårsb.benyttes som fritidsb.,TB,Tatt i bruk,10101,10101,19500101,134.0,,,56490783.0,Eggumsveien,5013.0,848.0,,,8360.0,BØSTAD
910301,1860,VESTVÅGØY,189569602,1,111.0,Enebolig,TB,Tatt i bruk,19980713,19980813,20000601,226.0,,,56492305.0,Indre Steinfjordvei,8008.0,256.0,,,8360.0,BØSTAD
910302,1860,VESTVÅGØY,189572166,0,161.0,Fritidsbygg(hyttersommerh. ol,TB,Tatt i bruk,10101,10101,10101,155.0,,,,,,,,,,
910303,1860,VESTVÅGØY,189569602,0,111.0,Enebolig,TB,Tatt i bruk,10101,10101,10101,349.0,,,56492305.0,Indre Steinfjordvei,8008.0,256.0,,,8360.0,BØSTAD
910304,1860,VESTVÅGØY,189572158,0,111.0,Enebolig,TB,Tatt i bruk,10101,10101,10101,61.0,,,56490785.0,Eggumsveien,5013.0,860.0,,,8360.0,BØSTAD
910305,1860,VESTVÅGØY,189569599,0,111.0,Enebolig,TB,Tatt i bruk,10101,10101,19500101,64.0,,,56492312.0,Indre Steinfjordvei,8008.0,257.0,,,8360.0,BØSTAD
910306,1860,VESTVÅGØY,189572131,0,111.0,Enebolig,TB,Tatt i bruk,10101,10101,10101,125.0,,,56490817.0,Eggumsveien,5013.0,858.0,,,8360.0,BØSTAD
910307,1860,VESTVÅGØY,189572123,0,163.0,Våningh. benyttes som fritidsb,TB,Tatt i bruk,10101,10101,19080101,87.0,,,56490814.0,Eggumsveien,5013.0,852.0,,,8360.0,BØSTAD
910308,1860,VESTVÅGØY,189569580,1,111.0,Enebolig,TB,Tatt i bruk,20030908,20031001,20040801,21.0,,,56492306.0,Indre Steinfjordvei,8008.0,261.0,,,8360.0,BØSTAD
910309,1860,VESTVÅGØY,189572115,0,111.0,Enebolig,TB,Tatt i bruk,10101,10101,10101,133.0,,,56490815.0,Eggumsveien,5013.0,854.0,,,8360.0,BØSTAD
910310,1860,VESTVÅGØY,189569580,0,111.0,Enebolig,TB,Tatt i bruk,10101,10101,19800101,52.0,,,56492306.0,Indre Steinfjordvei,8008.0,261.0,,,8360.0,BØSTAD
910311,1860,VESTVÅGØY,189572093,0,181.0,Garasjeuthus anneks til bolig,TB,Tatt i bruk,10101,10101,10101,111.0,,,,,,,,,,
910312,1860,VESTVÅGØY,189569572,0,161.0,Fritidsbygg(hyttersommerh. ol,BR,Bygning revet/brent,10101,10101,10101,0.0,,,56496463.0,Saupstadveien,8014.0,7.0,,,8360.0,BØSTAD
910313,1860,VESTVÅGØY,189572085,0,181.0,Garasjeuthus anneks til bolig,TB,Tatt i bruk,10101,10101,19100101,63.0,,,,,,,,,,
910314,1860,VESTVÅGØY,189569564,0,111.0,Enebolig,TB,Tatt i bruk,10101,10101,10101,151.0,,,56492339.0,Tangstad,8006.0,13.0,,,8360.0,BØSTAD
910315,1860,VESTVÅGØY,189572077,0,111.0,Enebolig,TB,Tatt i bruk,10101,10101,19490101,102.0,,,56490823.0,Eggumsveien,5013.0,850.0,,,8360.0,BØSTAD
910316,1860,VESTVÅGØY,189569556,0,181.0,Garasjeuthus anneks til bolig,BR,Bygning revet/brent,10101,10101,10101,0.0,,,,,,,,,,
910317,1860,VESTVÅGØY,189569548,0,181.0,Garasjeuthus anneks til bolig,TB,Tatt i bruk,10101,10101,10101,73.0,,,,,,,,,,
910318,1860,VESTVÅGØY,189569521,0,111.0,Enebolig,TB,Tatt i bruk,10101,10101,10101,119.0,,,56492335.0,Steinfjordveien,8005.0,354.0,,,8360.0,BØSTAD
910319,1860,VESTVÅGØY,189569807,0,241.0,Hus for dyr/landbr.lager/silo,TB,Tatt i bruk,10101,10101,10101,127.0,,,,,,,,,,
910320,1860,VESTVÅGØY,189569793,0,161.0,Fritidsbygg(hyttersommerh. ol,BR,Bygning revet/brent,10101,10101,10101,0.0,,,,,,,,,,
910321,1860,VESTVÅGØY,189569785,0,241.0,Hus for dyr/landbr.lager/silo,TB,Tatt i bruk,10101,10101,10101,77.0,,,,,,,,,,
910322,1860,VESTVÅGØY,189569777,0,111.0,Enebolig,TB,Tatt i bruk,10101,10101,10101,221.0,,,56499064.0,Ner-Eltoft,8012.0,36.0,,,8360.0,BØSTAD
910323,1860,VESTVÅGØY,189569769,0,111.0,Enebolig,TB,Tatt i bruk,10101,10101,10101,154.0,,,56495779.0,Ner-Eltoft,8012.0,27.0,,,8360.0,BØSTAD
910324,1860,VESTVÅGØY,189569750,0,181.0,Garasjeuthus anneks til bolig,TB,Tatt i bruk,10101,10101,10101,26.0,,,,,,,,,,
910325,1860,VESTVÅGØY,189569742,0,181.0,Garasjeuthus anneks til bolig,TB,Tatt i bruk,10101,10101,10101,38.0,,,,,,,,,,
910326,1860,VESTVÅGØY,189569734,0,241.0,Hus for dyr/landbr.lager/silo,TB,Tatt i bruk,10101,10101,10101,96.0,,,,,,,,,,
910327,1860,VESTVÅGØY,189569726,0,111.0,Enebolig,TB,Tatt i bruk,10101,10101,10101,145.0,,,56495778.0,Ner-Eltoft,8012.0,23.0,,,8360.0,BØSTAD
910328,1860,VESTVÅGØY,189569718,0,111.0,Enebolig,TB,Tatt i bruk,10101,10101,10101,69.0,,,56495777.0,Ner-Eltoft,8012.0,10.0,,,8360.0,BØSTAD
910329,1860,VESTVÅGØY,189569696,1,111.0,Enebolig,TB,Tatt i bruk,20030408,20030601,20040415,114.0,,,56492333.0,Steinfjordveien,8005.0,326.0,,,8360.0,BØSTAD
910330,1860,VESTVÅGØY,189569696,0,111.0,Enebolig,TB,Tatt i bruk,10101,10101,10101,144.0,,,56492333.0,Steinfjordveien,8005.0,326.0,,,8360.0,BØSTAD
910331,1860,VESTVÅGØY,189569688,0,181.0,Garasjeuthus anneks til bolig,TB,Tatt i bruk,10101,10101,10101,78.0,,,,,,,,,,
910332,1860,VESTVÅGØY,189569661,0,181.0,Garasjeuthus anneks til bolig,TB,Tatt i bruk,10101,10101,19450101,106.0,,,,,,,,,,
910333,1860,VESTVÅGØY,189569653,0,111.0,Enebolig,TB,Tatt i bruk,10101,10101,19380101,82.0,,,56495872.0,Ner-Eltoft,8012.0,7.0,,,8360.0,BØSTAD
910334,1860,VESTVÅGØY,189566697,0,181.0,Garasjeuthus anneks til bolig,BR,Bygning revet/brent,10101,10101,10101,0.0,,,,,,,,,,
910335,1860,VESTVÅGØY,189566689,0,181.0,Garasjeuthus anneks til bolig,TB,Tatt i bruk,10101,10101,10101,77.0,,,,,,,,,,
910336,1860,VESTVÅGØY,189566670,0,241.0,Hus for dyr/landbr.lager/silo,TB,Tatt i bruk,10101,10101,10101,72.0,,,,,,,,,,
910337,1860,VESTVÅGØY,189566662,0,181.0,Garasjeuthus anneks til bolig,TB,Tatt i bruk,10101,10101,10101,27.0,,,,,,,,,,
910338,1860,VESTVÅGØY,189566654,1,111.0,Enebolig,TB,Tatt i bruk,19960101,19961005,19970401,78.0,,,56489348.0,Leknesveien,3056.0,115.0,,,8370.0,LEKNES
910339,1860,VESTVÅGØY,189566654,0,111.0,Enebolig,TB,Tatt i bruk,10101,10101,18960101,179.0,,,56489348.0,Leknesveien,3056.0,115.0,,,8370.0,LEKNES
910340,1860,VESTVÅGØY,189566646,0,111.0,Enebolig,TB,Tatt i bruk,10101,10101,19600101,166.0,,,56489349.0,Leknesveien,3056.0,118.0,,,8370.0,LEKNES
910341,1860,VESTVÅGØY,189566638,0,111.0,Enebolig,TB,Tatt i bruk,10101,10101,19540101,156.0,,,56489345.0,Leknesveien,3056.0,104.0,,,8370.0,LEKNES
910342,1860,VESTVÅGØY,189566611,1,111.0,Enebolig,TB,Tatt i bruk,10101,10101,19880111,54.0,,,,,,,,,,
910343,1860,VESTVÅGØY,189566611,0,111.0,Enebolig,TB,Tatt i bruk,10101,10101,19760402,194.0,,,56489347.0,Leknesveien,3056.0,113.0,,,8370.0,LEKNES
910344,1860,VESTVÅGØY,189566603,2,111.0,Enebolig,TB,Tatt i bruk,19981001,19981101,19990101,24.0,,,,,,,,,,
910345,1860,VESTVÅGØY,189566603,1,111.0,Enebolig,TB,Tatt i bruk,10101,10101,19920316,15.0,,,,,,,,,,
910346,1860,VESTVÅGØY,189566603,0,111.0,Enebolig,TB,Tatt i bruk,10101,10101,10101,151.0,,,56489344.0,Leknesveien,3056.0,103.0,,,8370.0,LEKNES
910347,1860,VESTVÅGØY,189566581,0,181.0,Garasjeuthus anneks til bolig,TB,Tatt i bruk,10101,10101,10101,56.0,,,,,,,,,,
910348,1860,VESTVÅGØY,189566824,0,111.0,Enebolig,TB,Tatt i bruk,10101,10101,10101,87.0,,,56489354.0,Leknesveien,3056.0,164.0,,,8370.0,LEKNES
910349,1860,VESTVÅGØY,189566816,1,111.0,Enebolig,TB,Tatt i bruk,20040510,20040601,20050331,88.0,,,56489357.0,Leknesveien,3056.0,174.0,,,8370.0,LEKNES
910350,1860,VESTVÅGØY,189566816,0,111.0,Enebolig,TB,Tatt i bruk,10101,10101,10101,90.0,,,56489357.0,Leknesveien,3056.0,174.0,,,8370.0,LEKNES
910351,1860,VESTVÅGØY,189566808,0,181.0,Garasjeuthus anneks til bolig,TB,Tatt i bruk,10101,10101,19760101,49.0,,,,,,,,,,
910352,1860,VESTVÅGØY,189566794,0,181.0,Garasjeuthus anneks til bolig,TB,Tatt i bruk,10101,10101,10101,263.0,,,,,,,,,,
910353,1860,VESTVÅGØY,189566786,0,182.0,Garasjeuth.anneks til fritidb,TB,Tatt i bruk,10101,10101,10101,12.0,,,,,,,,,,
910354,1860,VESTVÅGØY,189566778,0,161.0,Fritidsbygg(hyttersommerh. ol,TB,Tatt i bruk,10101,10101,19000101,62.0,,,56489351.0,Leknesveien,3056.0,144.0,,,8370.0,LEKNES
910355,1860,VESTVÅGØY,189566751,0,111.0,Enebolig,TB,Tatt i bruk,10101,10101,19250101,93.4,,,56489350.0,Leknesveien,3056.0,142.0,,,8370.0,LEKNES
910356,1860,VESTVÅGØY,189566743,0,241.0,Hus for dyr/landbr.lager/silo,TB,Tatt i bruk,10101,10101,10101,297.0,,,,,,,,,,
910357,1860,VESTVÅGØY,189566735,1,241.0,Hus for dyr/landbr.lager/silo,TB,Tatt i bruk,19950701,19950707,19960701,178.0,,,,,,,,,,
910358,1860,VESTVÅGØY,189566735,0,241.0,Hus for dyr/landbr.lager/silo,TB,Tatt i bruk,10101,10101,10101,578.0,,,,,,,,,,
910359,1860,VESTVÅGØY,189566727,0,111.0,Enebolig,TB,Tatt i bruk,10101,10101,18900101,155.0,,,56489333.0,Leknesveien,3056.0,138.0,,,8370.0,LEKNES
910360,1860,VESTVÅGØY,189566719,0,111.0,Enebolig,TB,Tatt i bruk,10101,10101,19500101,200.0,,,56489331.0,Leknesveien,3056.0,134.0,,,8370.0,LEKNES
910361,1860,VESTVÅGØY,189566700,0,111.0,Enebolig,TB,Tatt i bruk,10101,10101,10101,175.0,,,56497850.0,Leknesveien,3056.0,147.0,,,8370.0,LEKNES
910362,1860,VESTVÅGØY,189563752,0,111.0,Enebolig,TB,Tatt i bruk,10101,10101,19600101,151.0,,,56494484.0,Vikveien,8313.0,57.0,,,8370.0,LEKNES
910363,1860,VESTVÅGØY,189566441,0,111.0,Enebolig,TB,Tatt i bruk,10101,10101,18800101,102.0,,,56489325.0,Leknesveien,3056.0,63.0,,,8370.0,LEKNES
910364,1860,VESTVÅGØY,189563744,0,181.0,Garasjeuthus anneks til bolig,TB,Tatt i bruk,10101,10101,10101,116.0,,,,,,,,,,
910365,1860,VESTVÅGØY,189566433,0,181.0,Garasjeuthus anneks til bolig,TB,Tatt i bruk,10101,10101,10101,32.0,,,,,,,,,,
910366,1860,VESTVÅGØY,189563736,0,181.0,Garasjeuthus anneks til bolig,TB,Tatt i bruk,10101,10101,19560101,55.0,,,,,,,,,,
910367,1860,VESTVÅGØY,189566425,0,161.0,Fritidsbygg(hyttersommerh. ol,TB,Tatt i bruk,10101,10101,10101,85.0,,,56483902.0,,,,,0.0,8370.0,LEKNES
910368,1860,VESTVÅGØY,189563728,0,181.0,Garasjeuthus anneks til bolig,TB,Tatt i bruk,10101,10101,19550101,22.0,,,,,,,,,,
910369,1860,VESTVÅGØY,189566417,0,161.0,Fritidsbygg(hyttersommerh. ol,TB,Tatt i bruk,10101,10101,10101,40.7,,,56497685.0,Voieveien,8311.0,333.0,,,8370.0,LEKNES
910370,1860,VESTVÅGØY,189563701,0,111.0,Enebolig,TB,Tatt i bruk,10101,10101,19610101,180.0,,,56494483.0,Vikveien,8313.0,45.0,,,8370.0,LEKNES
910371,1860,VESTVÅGØY,189566409,0,161.0,Fritidsbygg(hyttersommerh. ol,TB,Tatt i bruk,10101,10101,10101,52.0,,,56497689.0,Voieveien,8311.0,329.0,,,8370.0,LEKNES
910372,1860,VESTVÅGØY,189563698,0,241.0,Hus for dyr/landbr.lager/silo,TB,Tatt i bruk,10101,10101,10101,170.0,,,,,,,,,,
910373,1860,VESTVÅGØY,189566395,0,181.0,Garasjeuthus anneks til bolig,TB,Tatt i bruk,10101,10101,10101,108.0,,,,,,,,,,
910374,1860,VESTVÅGØY,189563671,0,111.0,Enebolig,TB,Tatt i bruk,10101,10101,19560101,181.0,,,56494955.0,Vikveien,8313.0,36.0,,,8370.0,LEKNES
910375,1860,VESTVÅGØY,189566387,0,161.0,Fritidsbygg(hyttersommerh. ol,TB,Tatt i bruk,10101,10101,10101,60.0,,,56494948.0,Holandsveien,8317.0,90.0,,,8370.0,LEKNES
910376,1860,VESTVÅGØY,189566379,0,161.0,Fritidsbygg(hyttersommerh. ol,TB,Tatt i bruk,10101,10101,10101,62.0,,,56494977.0,,,,,0.0,8370.0,LEKNES
910377,1860,VESTVÅGØY,189563663,0,111.0,Enebolig,TB,Tatt i bruk,19760212,19760312,19761201,172.0,,,56494956.0,Vikveien,8313.0,38.0,,,8370.0,LEKNES
910378,1860,VESTVÅGØY,189566360,0,163.0,Våningh. benyttes som fritidsb,GR,Bygning godkjent for riving/brenning,10101,10101,19250101,129.0,,,56494965.0,Holandsveien,8317.0,94.0,B,,8370.0,LEKNES
910379,1860,VESTVÅGØY,189563655,0,111.0,Enebolig,TB,Tatt i bruk,10101,10101,10101,89.0,,,56494482.0,Vikveien,8313.0,26.0,,,8370.0,LEKNES
910380,1860,VESTVÅGØY,189566352,0,181.0,Garasjeuthus anneks til bolig,BR,Bygning revet/brent,10101,10101,10101,0.0,,,,,,,,,,
910381,1860,VESTVÅGØY,189563647,0,181.0,Garasjeuthus anneks til bolig,TB,Tatt i bruk,10101,10101,10101,57.0,,,,,,,,,,
910382,1860,VESTVÅGØY,189566344,0,111.0,Enebolig,TB,Tatt i bruk,10101,10101,19200101,97.0,,,56494961.0,Holandsveien,8317.0,96.0,,,8370.0,LEKNES
910383,1860,VESTVÅGØY,189566336,0,249.0,Annen landbruksbygning,TB,Tatt i bruk,10101,10101,10101,51.0,,,,,,,,,,
910384,1860,VESTVÅGØY,189563639,1,241.0,Hus for dyr/landbr.lager/silo,TB,Tatt i bruk,19950701,19950701,19960430,70.0,,,,,,,,,,
910385,1860,VESTVÅGØY,189566328,0,241.0,Hus for dyr/landbr.lager/silo,BR,Bygning revet/brent,10101,10101,10101,0.0,,,,,,,,,,
910386,1860,VESTVÅGØY,189563639,0,241.0,Hus for dyr/landbr.lager/silo,TB,Tatt i bruk,10101,10101,10101,224.0,,,,,,,,,,
910387,1860,VESTVÅGØY,189566298,0,181.0,Garasjeuthus anneks til bolig,TB,Tatt i bruk,10101,10101,10101,26.0,,,,,,,,,,
910388,1860,VESTVÅGØY,189563620,0,181.0,Garasjeuthus anneks til bolig,TB,Tatt i bruk,10101,10101,19910711,31.0,,,,,,,,,,
910389,1860,VESTVÅGØY,189566271,0,181.0,Garasjeuthus anneks til bolig,TB,Tatt i bruk,10101,10101,10101,38.0,,,,,,,,,,
910390,1860,VESTVÅGØY,189566573,0,181.0,Garasjeuthus anneks til bolig,TB,Tatt i bruk,10101,10101,19620101,15.0,,,,,,,,,,
910391,1860,VESTVÅGØY,189566565,0,112.0,Enebolig m/hybel/sokkelleil.,TB,Tatt i bruk,10101,10101,19691219,218.0,,,56489343.0,Leknesveien,3056.0,102.0,,,8370.0,LEKNES
910392,1860,VESTVÅGØY,189566557,0,111.0,Enebolig,TB,Tatt i bruk,10101,10101,10101,170.0,,,56489328.0,Leknesveien,3056.0,99.0,,,8370.0,LEKNES
910393,1860,VESTVÅGØY,189566549,0,111.0,Enebolig,TB,Tatt i bruk,10101,10101,19000101,75.0,,,56489326.0,Leknesveien,3056.0,97.0,,,8370.0,LEKNES
910394,1860,VESTVÅGØY,189566530,0,181.0,Garasjeuthus anneks til bolig,TB,Tatt i bruk,10101,10101,10101,42.0,,,,,,,,,,
910395,1860,VESTVÅGØY,189566522,0,181.0,Garasjeuthus anneks til bolig,TB,Tatt i bruk,10101,10101,10101,192.0,,,,,,,,,,
910396,1860,VESTVÅGØY,189566514,0,241.0,Hus for dyr/landbr.lager/silo,TB,Tatt i bruk,10101,10101,10101,45.0,,,,,,,,,,
910397,1860,VESTVÅGØY,189563841,0,181.0,Garasjeuthus anneks til bolig,TB,Tatt i bruk,10101,10101,10101,33.0,,,,,,,,,,
910398,1860,VESTVÅGØY,189566506,0,161.0,Fritidsbygg(hyttersommerh. ol,TB,Tatt i bruk,10101,10101,10101,71.0,,,56494983.0,Leknesveien,3056.0,155.0,,,8370.0,LEKNES
910399,1860,VESTVÅGØY,189563833,0,181.0,Garasjeuthus anneks til bolig,TB,Tatt i bruk,10101,10101,10101,30.0,,,,,,,,,,
910400,1860,VESTVÅGØY,189566492,0,241.0,Hus for dyr/landbr.lager/silo,TB,Tatt i bruk,10101,10101,10101,25.0,,,,,,,,,,
910401,1860,VESTVÅGØY,189563825,0,241.0,Hus for dyr/landbr.lager/silo,TB,Tatt i bruk,10101,10101,10101,418.0,,,,,,,,,,
910402,1860,VESTVÅGØY,189566484,0,241.0,Hus for dyr/landbr.lager/silo,BR,Bygning revet/brent,10101,10101,10101,0.0,,,,,,,,,,
910403,1860,VESTVÅGØY,189563817,0,111.0,Enebolig,TB,Tatt i bruk,10101,10101,10101,117.0,,,56494442.0,Reppeveien,8307.0,70.0,,,8370.0,LEKNES
910404,1860,VESTVÅGØY,189566476,0,111.0,Enebolig,TB,Tatt i bruk,10101,10101,19500101,114.0,,,56489353.0,Leknesveien,3056.0,153.0,,,8370.0,LEKNES
910405,1860,VESTVÅGØY,189566468,0,241.0,Hus for dyr/landbr.lager/silo,TB,Tatt i bruk,10101,10101,10101,76.0,,,,,,,,,,
910406,1860,VESTVÅGØY,189563809,0,111.0,Enebolig,TB,Tatt i bruk,19670817,19670917,19691114,194.0,,,56494443.0,Reppeveien,8307.0,83.0,,,8370.0,LEKNES
910407,1860,VESTVÅGØY,189563795,0,249.0,Annen landbruksbygning,TB,Tatt i bruk,10101,10101,10101,7.0,,,,,,,,,,
910408,1860,VESTVÅGØY,189566441,2,111.0,Enebolig,TB,Tatt i bruk,20040609,20040615,20041201,53.0,,,56489325.0,Leknesveien,3056.0,63.0,,,8370.0,LEKNES
910409,1860,VESTVÅGØY,189563787,0,249.0,Annen landbruksbygning,TB,Tatt i bruk,10101,10101,10101,108.0,,,,,,,,,,
910410,1860,VESTVÅGØY,189563779,0,249.0,Annen landbruksbygning,TB,Tatt i bruk,10101,10101,10101,81.0,,,,,,,,,,
910411,1860,VESTVÅGØY,189566441,1,111.0,Enebolig,TB,Tatt i bruk,19970916,19970916,19971220,34.0,,,56489325.0,Leknesveien,3056.0,63.0,,,8370.0,LEKNES
910412,1860,VESTVÅGØY,189569343,0,181.0,Garasjeuthus anneks til bolig,TB,Tatt i bruk,10101,10101,10101,42.0,,,,,,,,,,
910413,1860,VESTVÅGØY,189569335,0,181.0,Garasjeuthus anneks til bolig,TB,Tatt i bruk,10101,10101,10101,32.0,,,,,,,,,,
910414,1860,VESTVÅGØY,189569327,0,181.0,Garasjeuthus anneks til bolig,TB,Tatt i bruk,10101,10101,10101,56.0,,,,,,,,,,
910415,1860,VESTVÅGØY,189569319,0,181.0,Garasjeuthus anneks til bolig,TB,Tatt i bruk,10101,10101,10101,73.0,,,,,,,,,,
910416,1860,VESTVÅGØY,189569300,0,181.0,Garasjeuthus anneks til bolig,TB,Tatt i bruk,10101,10101,10101,22.0,,,,,,,,,,
910417,1860,VESTVÅGØY,189569297,0,111.0,Enebolig,TB,Tatt i bruk,10101,10101,10101,117.0,,,56492375.0,Bjørnsand,8007.0,16.0,,,8360.0,BØSTAD
910418,1860,VESTVÅGØY,189569289,0,111.0,Enebolig,BU,Bygningsnummer utgått,10101,10101,10101,0.0,,,56492430.0,Rishaugan,8001.0,39.0,,,8360.0,BØSTAD
910419,1860,VESTVÅGØY,189569270,0,111.0,Enebolig,TB,Tatt i bruk,10101,10101,19891127,210.0,,,56492390.0,Rishaugan,8001.0,37.0,,,8360.0,BØSTAD
910420,1860,VESTVÅGØY,189569262,0,111.0,Enebolig,TB,Tatt i bruk,10101,10101,19820104,186.0,,,56492388.0,Rishaugan,8001.0,29.0,,,8360.0,BØSTAD
910421,1860,VESTVÅGØY,189569254,0,244.0,Driftsb. fiske/fangst/oppdr,TB,Tatt i bruk,10101,10101,19500101,322.0,,,6269268918.0,Tangstad,8006.0,192.0,,,8360.0,BØSTAD
910422,1860,VESTVÅGØY,189569246,0,183.0,Naust båthus sjøbu,BR,Bygning revet/brent,10101,10101,10101,106.0,,,,,,,,,,
910423,1860,VESTVÅGØY,189569238,0,244.0,Driftsb. fiske/fangst/oppdr,TB,Tatt i bruk,10101,10101,10101,660.0,,,56498383.0,Tangstad,8006.0,180.0,,,8360.0,BØSTAD
910424,1860,VESTVÅGØY,189569211,0,322.0,Butikk/forretningsbygning,TB,Tatt i bruk,10101,10101,10101,215.0,,,56492367.0,Tangstad,8006.0,183.0,,,8360.0,BØSTAD
910425,1860,VESTVÅGØY,189569203,0,181.0,Garasjeuthus anneks til bolig,TB,Tatt i bruk,10101,10101,10101,21.0,,,,,,,,,,
910426,1860,VESTVÅGØY,189569181,0,162.0,Helårsb.benyttes som fritidsb.,GR,Bygning godkjent for riving/brenning,10101,10101,10101,42.0,,,56492409.0,Tangstad,8006.0,169.0,A,,8360.0,BØSTAD
910427,1860,VESTVÅGØY,189569173,0,111.0,Enebolig,TB,Tatt i bruk,10101,10101,19830207,222.0,,,56492410.0,Tangstad,8006.0,177.0,,,8360.0,BØSTAD
910428,1860,VESTVÅGØY,189569513,0,111.0,Enebolig,TB,Tatt i bruk,10101,10101,10101,114.0,,,56496464.0,Saupstadveien,8014.0,9.0,,,8360.0,BØSTAD
910429,1860,VESTVÅGØY,189569505,0,181.0,Garasjeuthus anneks til bolig,TB,Tatt i bruk,10101,10101,10101,22.0,,,,,,,,,,
910430,1860,VESTVÅGØY,189569491,0,181.0,Garasjeuthus anneks til bolig,TB,Tatt i bruk,10101,10101,10101,41.0,,,,,,,,,,
910431,1860,VESTVÅGØY,189569483,0,181.0,Garasjeuthus anneks til bolig,TB,Tatt i bruk,10101,10101,10101,23.0,,,,,,,,,,
910432,1860,VESTVÅGØY,189569475,0,111.0,Enebolig,TB,Tatt i bruk,10101,10101,10101,119.0,,,56496465.0,Saupstadveien,8014.0,14.0,,,8360.0,BØSTAD
910433,1860,VESTVÅGØY,189569467,0,111.0,Enebolig,TB,Tatt i bruk,10101,10101,10101,135.0,,,56492340.0,Tangstad,8006.0,27.0,,,8360.0,BØSTAD
910434,1860,VESTVÅGØY,189569459,0,181.0,Garasjeuthus anneks til bolig,BR,Bygning revet/brent,10101,10101,10101,0.0,,,,,,,,,,
910435,1860,VESTVÅGØY,189569440,0,181.0,Garasjeuthus anneks til bolig,TB,Tatt i bruk,10101,10101,10101,68.0,,,,,,,,,,
910436,1860,VESTVÅGØY,189569432,0,181.0,Garasjeuthus anneks til bolig,TB,Tatt i bruk,10101,10101,10101,75.0,,,,,,,,,,
910437,1860,VESTVÅGØY,189569424,0,111.0,Enebolig,TB,Tatt i bruk,10101,10101,10101,110.0,,,56492337.0,Tangstad,8006.0,6.0,,,8360.0,BØSTAD
910438,1860,VESTVÅGØY,189569416,0,111.0,Enebolig,TB,Tatt i bruk,10101,10101,19530101,139.0,,,56492338.0,Tangstad,8006.0,8.0,,,8360.0,BØSTAD
910439,1860,VESTVÅGØY,189569408,0,181.0,Garasjeuthus anneks til bolig,TB,Tatt i bruk,10101,10101,10101,49.0,,,,,,,,,,
910440,1860,VESTVÅGØY,189569394,0,181.0,Garasjeuthus anneks til bolig,TB,Tatt i bruk,10101,10101,10101,29.0,,,,,,,,,,
910441,1860,VESTVÅGØY,189569386,0,111.0,Enebolig,TB,Tatt i bruk,10101,10101,10101,128.0,,,56492341.0,Tangstad,8006.0,34.0,,,8360.0,BØSTAD
910442,1860,VESTVÅGØY,189569378,0,111.0,Enebolig,TB,Tatt i bruk,10101,10101,19640101,129.0,,,56492342.0,Tangstad,8006.0,54.0,,,8360.0,BØSTAD
910443,1860,VESTVÅGØY,189569351,0,181.0,Garasjeuthus anneks til bolig,TB,Tatt i bruk,10101,10101,10101,56.0,,,,,,,,,,
910444,1860,VESTVÅGØY,189569009,0,111.0,Enebolig,TB,Tatt i bruk,10101,10101,10101,176.0,,,56492392.0,Rishaugan,8001.0,47.0,,,8360.0,BØSTAD
910445,1860,VESTVÅGØY,189568991,0,181.0,Garasjeuthus anneks til bolig,TB,Tatt i bruk,10101,10101,10101,64.0,,,,,,,,,,
910446,1860,VESTVÅGØY,189568983,0,181.0,Garasjeuthus anneks til bolig,TB,Tatt i bruk,10101,10101,10101,37.0,,,,,,,,,,
910447,1860,VESTVÅGØY,189568975,0,111.0,Enebolig,TB,Tatt i bruk,10101,10101,10101,157.0,,,56492399.0,Tangstad,8006.0,151.0,,,8360.0,BØSTAD
910448,1860,VESTVÅGØY,189568967,1,111.0,Enebolig,BR,Bygning revet/brent,20060203,20060501,20070101,6.0,,,,,,,,,,
910449,1860,VESTVÅGØY,189568967,0,111.0,Enebolig,BR,Bygning revet/brent,10101,10101,19590101,193.0,,,56492408.0,Tangstad,8006.0,165.0,,,8360.0,BØSTAD
910450,1860,VESTVÅGØY,189568959,0,111.0,Enebolig,TB,Tatt i bruk,10101,10101,10101,83.0,,,56492406.0,Tangstad,8006.0,162.0,,,8360.0,BØSTAD
910451,1860,VESTVÅGØY,189566859,0,181.0,Garasjeuthus anneks til bolig,TB,Tatt i bruk,10101,10101,10101,71.0,,,,,,,,,,
910452,1860,VESTVÅGØY,189566840,0,181.0,Garasjeuthus anneks til bolig,GR,Bygning godkjent for riving/brenning,10101,10101,10101,231.0,,,,,,,,,,
910453,1860,VESTVÅGØY,189566832,0,111.0,Enebolig,TB,Tatt i bruk,10101,10101,10101,100.0,,,56489356.0,Leknesveien,3056.0,172.0,,,8370.0,LEKNES
910454,1860,VESTVÅGØY,189569165,0,111.0,Enebolig,TB,Tatt i bruk,10101,10101,10101,137.0,,,56492348.0,Tangstad,8006.0,97.0,,,8360.0,BØSTAD
910455,1860,VESTVÅGØY,189569157,0,181.0,Garasjeuthus anneks til bolig,TB,Tatt i bruk,10101,10101,10101,17.0,,,,,,,,,,
910456,1860,VESTVÅGØY,189569149,0,111.0,Enebolig,TB,Tatt i bruk,10101,10101,10101,117.0,,,56492346.0,Tangstad,8006.0,83.0,,,8360.0,BØSTAD
910457,1860,VESTVÅGØY,189569130,0,181.0,Garasjeuthus anneks til bolig,TB,Tatt i bruk,10101,10101,10101,41.0,,,,,,,,,,
910458,1860,VESTVÅGØY,189569122,0,181.0,Garasjeuthus anneks til bolig,TB,Tatt i bruk,10101,10101,10101,21.0,,,,,,,,,,
910459,1860,VESTVÅGØY,189569114,0,181.0,Garasjeuthus anneks til bolig,TB,Tatt i bruk,10101,10101,10101,69.0,,,,,,,,,,
910460,1860,VESTVÅGØY,189569106,0,181.0,Garasjeuthus anneks til bolig,TB,Tatt i bruk,10101,10101,10101,36.0,,,,,,,,,,
910461,1860,VESTVÅGØY,189569092,0,111.0,Enebolig,TB,Tatt i bruk,10101,10101,10101,186.0,,,56492353.0,Tangstad,8006.0,101.0,,,8360.0,BØSTAD
910462,1860,VESTVÅGØY,189569084,0,181.0,Garasjeuthus anneks til bolig,TB,Tatt i bruk,10101,10101,10101,54.0,,,,,,,,,,
910463,1860,VESTVÅGØY,189569076,0,241.0,Hus for dyr/landbr.lager/silo,TB,Tatt i bruk,10101,10101,19780101,240.0,,,,,,,,,,
910464,1860,VESTVÅGØY,189569068,0,111.0,Enebolig,TB,Tatt i bruk,19820719,19820801,19830225,162.0,,,56492391.0,Rishaugan,8001.0,45.0,,,8360.0,BØSTAD
910465,1860,VESTVÅGØY,189569041,0,111.0,Enebolig,BR,Bygning revet/brent,10101,10101,10101,131.0,,,56492431.0,Rishaugan,8001.0,46.0,,,8360.0,BØSTAD
910466,1860,VESTVÅGØY,189569033,0,181.0,Garasjeuthus anneks til bolig,BR,Bygning revet/brent,10101,10101,10101,0.0,,,,,,,,,,
910467,1860,VESTVÅGØY,189569025,0,181.0,Garasjeuthus anneks til bolig,BR,Bygning revet/brent,10101,10101,10101,101.0,,,,,,,,,,
910468,1860,VESTVÅGØY,189569017,0,181.0,Garasjeuthus anneks til bolig,TB,Tatt i bruk,10101,10101,10101,22.0,,,,,,,,,,
910469,1860,VESTVÅGØY,189562802,0,181.0,Garasjeuthus anneks til bolig,TB,Tatt i bruk,10101,10101,19700101,43.0,,,,,,,,,,
910470,1860,VESTVÅGØY,189562799,0,329.0,Annen forretningsbygning,TB,Tatt i bruk,10101,10101,10101,277.0,,,56484606.0,Haugsmyra,1035.0,15.0,,,8372.0,GRAVDAL
910471,1860,VESTVÅGØY,189562780,0,181.0,Garasjeuthus anneks til bolig,BR,Bygning revet/brent,10101,10101,10101,36.0,,,56484561.0,Gravdalsgata,1032.0,4.0,A,,8372.0,GRAVDAL
910472,1860,VESTVÅGØY,189562772,0,111.0,Enebolig,BR,Bygning revet/brent,10101,10101,10101,80.0,,,,,,,,,,
910473,1860,VESTVÅGØY,189562764,0,111.0,Enebolig,TB,Tatt i bruk,10101,10101,19820317,187.0,,,56484006.0,Abelveien,1008.0,4.0,,,8372.0,GRAVDAL
910474,1860,VESTVÅGØY,189562756,0,111.0,Enebolig,TB,Tatt i bruk,10101,10101,10101,109.0,,,56484604.0,Haugsmyra,1035.0,3.0,,,8372.0,GRAVDAL
910475,1860,VESTVÅGØY,189562748,0,181.0,Garasjeuthus anneks til bolig,TB,Tatt i bruk,10101,10101,10101,28.0,,,,,,,,,,
910476,1860,VESTVÅGØY,189562721,0,181.0,Garasjeuthus anneks til bolig,TB,Tatt i bruk,10101,10101,10101,24.0,,,,,,,,,,
910477,1860,VESTVÅGØY,189562713,0,111.0,Enebolig,TB,Tatt i bruk,19810612,19810612,19810612,48.0,,,56484559.0,Gravdalsgata,1032.0,2.0,,,8372.0,GRAVDAL
910478,1860,VESTVÅGØY,189562705,0,111.0,Enebolig,TB,Tatt i bruk,10101,10101,19250101,144.0,,,56484562.0,Gravdalsgata,1032.0,4.0,B,,8372.0,GRAVDAL
910479,1860,VESTVÅGØY,189562969,0,181.0,Garasjeuthus anneks til bolig,BR,Bygning revet/brent,19690606,19690606,19701211,30.0,,,,,,,,,,
910480,1860,VESTVÅGØY,189562950,0,111.0,Enebolig,TB,Tatt i bruk,10101,10101,10101,153.0,,,56484902.0,Sundsveien,1038.0,34.0,,,8372.0,GRAVDAL
910481,1860,VESTVÅGØY,189562942,0,111.0,Enebolig,TB,Tatt i bruk,10101,10101,19890911,330.0,,,56484093.0,Leirelvveien,1016.0,7.0,,,8372.0,GRAVDAL
910482,1860,VESTVÅGØY,189562918,0,662.0,Samfunnshus grendehus,TB,Tatt i bruk,10101,10101,19370101,552.0,,,56484901.0,Sundsveien,1038.0,21.0,,,8372.0,GRAVDAL
910483,1860,VESTVÅGØY,189562896,1,136.0,Andre småhus m/3 boliger el fl,FA,Ferdigattest,20040304,20040401,20050412,187.0,,,56484900.0,Sundsveien,1038.0,15.0,A,,8372.0,GRAVDAL
910484,1860,VESTVÅGØY,189562896,0,136.0,Andre småhus m/3 boliger el fl,TB,Tatt i bruk,10101,10101,19810302,685.4,,,555304546.0,Sundsveien,1038.0,15.0,B,,8372.0,GRAVDAL
910485,1860,VESTVÅGØY,189562888,0,239.0,Annen lagerbygning,TB,Tatt i bruk,10101,10101,10101,733.0,,,56484608.0,Haugsmyra,1035.0,18.0,,,8372.0,GRAVDAL
910486,1860,VESTVÅGØY,189562861,0,141.0,Stort frittliggende boligbygg på 2 etg.,TB,Tatt i bruk,10101,10101,10101,376.0,,,56484607.0,Haugsmyra,1035.0,17.0,,,8372.0,GRAVDAL
910487,1860,VESTVÅGØY,189562853,0,111.0,Enebolig,TB,Tatt i bruk,10101,10101,19831219,174.4,,,56484593.0,Myrløyken,1033.0,9.0,,,8372.0,GRAVDAL
910488,1860,VESTVÅGØY,189562845,0,111.0,Enebolig,TB,Tatt i bruk,19650101,19650101,19651231,188.0,,,56484609.0,Haugsmyra,1035.0,21.0,,,8372.0,GRAVDAL
910489,1860,VESTVÅGØY,189562837,0,111.0,Enebolig,TB,Tatt i bruk,10101,10101,19700219,185.0,,,56484613.0,Haugsmyra,1035.0,29.0,,,8372.0,GRAVDAL
910490,1860,VESTVÅGØY,189562829,0,111.0,Enebolig,TB,Tatt i bruk,10101,10101,10101,104.0,,,56484611.0,Haugsmyra,1035.0,27.0,,,8372.0,GRAVDAL
910491,1860,VESTVÅGØY,189562810,0,181.0,Garasjeuthus anneks til bolig,TB,Tatt i bruk,10101,10101,19700101,15.0,,,,,,,,,,
910492,1860,VESTVÅGØY,189572069,0,181.0,Garasjeuthus anneks til bolig,TB,Tatt i bruk,10101,10101,19530101,53.0,,,,,,,,,,
910493,1860,VESTVÅGØY,189572050,0,181.0,Garasjeuthus anneks til bolig,TB,Tatt i bruk,10101,10101,10101,44.0,,,,,,,,,,
910494,1860,VESTVÅGØY,189572042,0,181.0,Garasjeuthus anneks til bolig,TB,Tatt i bruk,10101,10101,10101,58.0,,,,,,,,,,
910495,1860,VESTVÅGØY,189563477,0,181.0,Garasjeuthus anneks til bolig,TB,Tatt i bruk,10101,10101,10101,62.0,,,,,,,,,,
910496,1860,VESTVÅGØY,189563469,0,111.0,Enebolig,TB,Tatt i bruk,10101,10101,10101,145.0,,,56494438.0,Reppeveien,8307.0,3.0,,,8370.0,LEKNES
910497,1860,VESTVÅGØY,189566190,3,219.0,Annen industribygning,TB,Tatt i bruk,19940524,19940624,19950216,180.0,,,,,,,,,,
910498,1860,VESTVÅGØY,189563450,0,111.0,Enebolig,TB,Tatt i bruk,10101,10101,10101,210.6,,,56494943.0,Leiteveien,8316.0,147.0,,,8370.0,LEKNES
910499,1860,VESTVÅGØY,189563442,0,181.0,Garasjeuthus anneks til bolig,BR,Bygning revet/brent,10101,10101,10101,0.0,,,,,,,,,,
910500,1860,VESTVÅGØY,189566190,2,219.0,Annen industribygning,TB,Tatt i bruk,19930106,19930206,19940120,114.0,,,,,,,,,,
910501,1860,VESTVÅGØY,189563434,0,181.0,Garasjeuthus anneks til bolig,TB,Tatt i bruk,10101,10101,10101,84.0,,,,,,,,,,
910502,1860,VESTVÅGØY,189563426,0,181.0,Garasjeuthus anneks til bolig,BR,Bygning revet/brent,10101,10101,19790515,24.0,,,,,,,,,,
910503,1860,VESTVÅGØY,189566190,1,219.0,Annen industribygning,TB,Tatt i bruk,19920306,19920406,19940121,45.0,,,,,,,,,,
910504,1860,VESTVÅGØY,189563418,0,111.0,Enebolig,TB,Tatt i bruk,10101,10101,10101,184.0,,,56496391.0,Abelveien,1008.0,42.0,,,8372.0,GRAVDAL
910505,1860,VESTVÅGØY,189566190,0,219.0,Annen industribygning,TB,Tatt i bruk,10101,10101,10101,577.0,,,56494964.0,Holandsveien,8317.0,173.0,,,8370.0,LEKNES
910506,1860,VESTVÅGØY,189563361,1,111.0,Enebolig,FA,Ferdigattest,20070509,20070609,10101,49.0,,,,,,,,,,
910507,1860,VESTVÅGØY,189566182,0,183.0,Naust båthus sjøbu,TB,Tatt i bruk,10101,10101,10101,44.0,,,,,,,,,,
910508,1860,VESTVÅGØY,189563361,0,111.0,Enebolig,TB,Tatt i bruk,10101,10101,10101,236.0,,,56484596.0,Myrløyken,1033.0,12.0,,,8372.0,GRAVDAL
910509,1860,VESTVÅGØY,189566174,0,161.0,Fritidsbygg(hyttersommerh. ol,TB,Tatt i bruk,10101,10101,10101,49.0,,,56497678.0,Holandsveien,8317.0,216.0,,,8370.0,LEKNES
910510,1860,VESTVÅGØY,189563353,0,111.0,Enebolig,TB,Tatt i bruk,10101,10101,19821220,186.0,,,56484595.0,Myrløyken,1033.0,11.0,,,8372.0,GRAVDAL
910511,1860,VESTVÅGØY,189566166,0,161.0,Fritidsbygg(hyttersommerh. ol,TB,Tatt i bruk,10101,10101,10101,18.0,,,56497677.0,Holandsveien,8317.0,214.0,,,8370.0,LEKNES
910512,1860,VESTVÅGØY,189563345,0,136.0,Andre småhus m/3 boliger el fl,TB,Tatt i bruk,10101,10101,19670101,178.0,,,56484014.0,Abelveien,1008.0,22.0,,,8372.0,GRAVDAL
910513,1860,VESTVÅGØY,189566131,0,111.0,Enebolig,TB,Tatt i bruk,10101,10101,19000101,87.0,,,56497123.0,Valberget,8315.0,19.0,,,8370.0,LEKNES
910514,1860,VESTVÅGØY,189563337,0,136.0,Andre småhus m/3 boliger el fl,TB,Tatt i bruk,10101,10101,19670101,178.0,,,56484013.0,Abelveien,1008.0,20.0,,,8372.0,GRAVDAL
910515,1860,VESTVÅGØY,189566123,0,241.0,Hus for dyr/landbr.lager/silo,TB,Tatt i bruk,10101,10101,10101,90.0,,,,,,,,,,
910516,1860,VESTVÅGØY,189563329,0,111.0,Enebolig,TB,Tatt i bruk,10101,10101,19670608,178.0,,,56484012.0,Abelveien,1008.0,18.0,,,8372.0,GRAVDAL
910517,1860,VESTVÅGØY,189566115,0,181.0,Garasjeuthus anneks til bolig,TB,Tatt i bruk,10101,10101,10101,60.0,,,,,,,,,,
910518,1860,VESTVÅGØY,189563310,0,111.0,Enebolig,TB,Tatt i bruk,10101,10101,10101,223.0,,,56484011.0,Abelveien,1008.0,16.0,,,8372.0,GRAVDAL
910519,1860,VESTVÅGØY,189566107,0,181.0,Garasjeuthus anneks til bolig,TB,Tatt i bruk,10101,10101,10101,10.0,,,,,,,,,,
910520,1860,VESTVÅGØY,189563302,0,122.0,"Tomannsbolig, horisontaldelt",TB,Tatt i bruk,10101,10101,10101,436.0,,,56484008.0,Abelveien,1008.0,10.0,,,8372.0,GRAVDAL
910521,1860,VESTVÅGØY,189566093,0,161.0,Fritidsbygg(hyttersommerh. ol,TB,Tatt i bruk,10101,10101,19000101,39.0,,,56494491.0,Valberget,8315.0,33.0,,,8370.0,LEKNES
910522,1860,VESTVÅGØY,189563299,0,111.0,Enebolig,TB,Tatt i bruk,10101,10101,10101,226.0,,,56484005.0,Abelveien,1008.0,3.0,,,8372.0,GRAVDAL
910523,1860,VESTVÅGØY,189566085,0,161.0,Fritidsbygg(hyttersommerh. ol,TB,Tatt i bruk,10101,10101,10101,98.0,,,56494472.0,Offersøyveien,8309.0,277.0,,,8370.0,LEKNES
910524,1860,VESTVÅGØY,189563612,0,111.0,Enebolig,TB,Tatt i bruk,19820615,19820715,19821222,188.0,,,56494945.0,Holandsveien,8317.0,15.0,,,8370.0,LEKNES
910525,1860,VESTVÅGØY,189566263,1,241.0,Hus for dyr/landbr.lager/silo,FA,Ferdigattest,20060623,20060723,10101,87.0,,,,,,,,,,
910526,1860,VESTVÅGØY,189566263,0,241.0,Hus for dyr/landbr.lager/silo,TB,Tatt i bruk,10101,10101,10101,636.0,,,,,,,,,,
910527,1860,VESTVÅGØY,189563604,0,111.0,Enebolig,TB,Tatt i bruk,19821112,19821122,19821208,194.0,,,56494946.0,Holandsveien,8317.0,19.0,,,8370.0,LEKNES
910528,1860,VESTVÅGØY,189566255,1,241.0,Hus for dyr/landbr.lager/silo,TB,Tatt i bruk,19990312,19990412,19990601,40.0,,,,,,,,,,
910529,1860,VESTVÅGØY,189563590,0,111.0,Enebolig,TB,Tatt i bruk,19790719,19790819,19800210,193.0,,,56494947.0,Holandsveien,8317.0,21.0,,,8370.0,LEKNES
910530,1860,VESTVÅGØY,189566255,0,241.0,Hus for dyr/landbr.lager/silo,TB,Tatt i bruk,10101,10101,10101,31.0,,,,,,,,,,
910531,1860,VESTVÅGØY,189563582,1,111.0,Enebolig,TB,Tatt i bruk,10101,10101,19280101,59.0,,,,,,,,,,
910532,1860,VESTVÅGØY,189566247,0,121.0,"Tomannsbolig, vertikaldelt",TB,Tatt i bruk,10101,10101,19680101,206.0,,,56494962.0,Holandsveien,8317.0,98.0,,,8370.0,LEKNES
910533,1860,VESTVÅGØY,189563582,0,111.0,Enebolig,TB,Tatt i bruk,10101,10101,19280101,333.0,,,56494479.0,Vikveien,8313.0,2.0,,,8370.0,LEKNES
910534,1860,VESTVÅGØY,189563566,0,181.0,Garasjeuthus anneks til bolig,TB,Tatt i bruk,10101,10101,10101,128.0,,,,,,,,,,
910535,1860,VESTVÅGØY,189566239,0,111.0,Enebolig,TB,Tatt i bruk,19770620,19770720,19780727,212.0,,,56494963.0,Holandsveien,8317.0,151.0,,,8370.0,LEKNES
910536,1860,VESTVÅGØY,189563558,0,181.0,Garasjeuthus anneks til bolig,TB,Tatt i bruk,10101,10101,19840101,70.0,,,,,,,,,,
910537,1860,VESTVÅGØY,189566220,0,181.0,Garasjeuthus anneks til bolig,TB,Tatt i bruk,10101,10101,19500101,76.0,,,,,,,,,,
910538,1860,VESTVÅGØY,189563531,0,112.0,Enebolig m/hybel/sokkelleil.,TB,Tatt i bruk,19760212,19760312,19761006,190.0,,,56494944.0,Holandsveien,8317.0,5.0,,,8370.0,LEKNES
910539,1860,VESTVÅGØY,189566212,0,181.0,Garasjeuthus anneks til bolig,TB,Tatt i bruk,19790530,19790630,19791001,33.0,,,,,,,,,,
910540,1860,VESTVÅGØY,189563523,0,181.0,Garasjeuthus anneks til bolig,TB,Tatt i bruk,10101,10101,10101,24.0,,,,,,,,,,
910541,1860,VESTVÅGØY,189563515,0,181.0,Garasjeuthus anneks til bolig,BR,Bygning revet/brent,10101,10101,10101,0.0,,,,,,,,,,
910542,1860,VESTVÅGØY,189566204,1,219.0,Annen industribygning,TB,Tatt i bruk,19950609,19950709,19980617,120.0,,,,,,,,,,
910543,1860,VESTVÅGØY,189563507,0,121.0,"Tomannsbolig, vertikaldelt",TB,Tatt i bruk,10101,10101,10101,131.0,,,56494481.0,Vikveien,8313.0,7.0,,,8370.0,LEKNES
910544,1860,VESTVÅGØY,189566204,0,219.0,Annen industribygning,TB,Tatt i bruk,10101,10101,10101,181.0,,,56494964.0,Holandsveien,8317.0,173.0,,,8370.0,LEKNES
910545,1860,VESTVÅGØY,189563493,0,111.0,Enebolig,TB,Tatt i bruk,10101,10101,10101,166.0,,,56494439.0,Reppeveien,8307.0,14.0,,,8370.0,LEKNES
910546,1860,VESTVÅGØY,189563485,0,181.0,Garasjeuthus anneks til bolig,TB,Tatt i bruk,10101,10101,10101,44.0,,,,,,,,,,
910547,1860,VESTVÅGØY,189566190,4,219.0,Annen industribygning,TB,Tatt i bruk,19971215,19980115,19980617,216.0,,,,,,,,,,
910548,1860,VESTVÅGØY,189565925,0,181.0,Garasjeuthus anneks til bolig,TB,Tatt i bruk,10101,10101,10101,41.0,,,,,,,,,,
910549,1860,VESTVÅGØY,189563159,0,111.0,Enebolig,TB,Tatt i bruk,10101,10101,10101,82.0,,,56484615.0,Haugsmyra,1035.0,31.0,,,8372.0,GRAVDAL
910550,1860,VESTVÅGØY,189565917,0,181.0,Garasjeuthus anneks til bolig,TB,Tatt i bruk,10101,10101,10101,8.0,,,,,,,,,,
910551,1860,VESTVÅGØY,189563140,0,111.0,Enebolig,TB,Tatt i bruk,10101,10101,19660101,181.0,,,56484592.0,Myrløyken,1033.0,6.0,,,8372.0,GRAVDAL
910552,1860,VESTVÅGØY,189563132,0,181.0,Garasjeuthus anneks til bolig,TB,Tatt i bruk,10101,10101,19830504,42.0,,,,,,,,,,
910553,1860,VESTVÅGØY,189563124,0,181.0,Garasjeuthus anneks til bolig,TB,Tatt i bruk,19720101,19720101,19721231,15.0,,,,,,,,,,
910554,1860,VESTVÅGØY,189563086,0,181.0,Garasjeuthus anneks til bolig,TB,Tatt i bruk,10101,10101,19810101,20.0,,,,,,,,,,
910555,1860,VESTVÅGØY,189563051,0,111.0,Enebolig,TB,Tatt i bruk,10101,10101,10101,170.0,,,56484906.0,Sundsveien,1038.0,45.0,,,8372.0,GRAVDAL
910556,1860,VESTVÅGØY,189563043,0,181.0,Garasjeuthus anneks til bolig,TB,Tatt i bruk,10101,10101,10101,31.0,,,,,,,,,,
910557,1860,VESTVÅGØY,189563035,0,181.0,Garasjeuthus anneks til bolig,BU,Bygningsnummer utgått,10101,10101,10101,0.0,,,,,,,,,,
910558,1860,VESTVÅGØY,189563019,1,111.0,Enebolig,TB,Tatt i bruk,20050726,20050826,20061023,28.0,,,,,,,,,,
910559,1860,VESTVÅGØY,189563019,0,111.0,Enebolig,TB,Tatt i bruk,10101,10101,10101,156.0,,,56484907.0,Sundsveien,1038.0,46.0,,,8372.0,GRAVDAL
910560,1860,VESTVÅGØY,189563000,0,111.0,Enebolig,TB,Tatt i bruk,10101,10101,10101,143.0,,,56484903.0,Sundsveien,1038.0,38.0,,,8372.0,GRAVDAL
910561,1860,VESTVÅGØY,189562993,0,111.0,Enebolig,TB,Tatt i bruk,10101,10101,10101,168.0,,,56484905.0,Sundsveien,1038.0,42.0,,,8372.0,GRAVDAL
910562,1860,VESTVÅGØY,189562985,0,181.0,Garasjeuthus anneks til bolig,TB,Tatt i bruk,10101,10101,10101,89.0,,,,,,,,,,
910563,1860,VESTVÅGØY,189563280,0,112.0,Enebolig m/hybel/sokkelleil.,TB,Tatt i bruk,10101,10101,19550101,183.0,,,56484009.0,Abelveien,1008.0,12.0,,,8372.0,GRAVDAL
910564,1860,VESTVÅGØY,189566077,1,241.0,Hus for dyr/landbr.lager/silo,FA,Ferdigattest,20070205,20070305,10101,76.0,,,,,,,,,,
910565,1860,VESTVÅGØY,189563272,0,181.0,Garasjeuthus anneks til bolig,BU,Bygningsnummer utgått,10101,10101,10101,0.0,,,,,,,,,,
910566,1860,VESTVÅGØY,189566077,0,241.0,Hus for dyr/landbr.lager/silo,TB,Tatt i bruk,10101,10101,10101,210.0,,,,,,,,,,
910567,1860,VESTVÅGØY,189563264,0,181.0,Garasjeuthus anneks til bolig,TB,Tatt i bruk,10101,10101,19200101,46.0,,,,,,,,,,
910568,1860,VESTVÅGØY,189566069,0,111.0,Enebolig,TB,Tatt i bruk,10101,10101,10101,90.0,,,56494492.0,Valberget,8315.0,35.0,,,8370.0,LEKNES
910569,1860,VESTVÅGØY,189566050,0,111.0,Enebolig,TB,Tatt i bruk,19751209,19760101,19770329,186.0,,,56494950.0,Valberget,8315.0,36.0,,,8370.0,LEKNES
910570,1860,VESTVÅGØY,189563256,1,111.0,Enebolig,BA,Bygging avlyst,19990828,10101,10101,108.0,,,,,,,,,,
910571,1860,VESTVÅGØY,189566042,0,111.0,Enebolig,TB,Tatt i bruk,10101,10101,10101,198.0,,,56494493.0,Valberget,8315.0,45.0,,,8370.0,LEKNES
910572,1860,VESTVÅGØY,189563256,0,111.0,Enebolig,TB,Tatt i bruk,10101,10101,19200101,50.0,,,56484007.0,Abelveien,1008.0,6.0,,,8372.0,GRAVDAL
910573,1860,VESTVÅGØY,189566034,0,181.0,Garasjeuthus anneks til bolig,TB,Tatt i bruk,10101,10101,10101,62.0,,,,,,,,,,
910574,1860,VESTVÅGØY,189563248,0,111.0,Enebolig,TB,Tatt i bruk,10101,10101,10101,177.0,,,56496564.0,Buksnesveien,1047.0,349.0,,,8372.0,GRAVDAL
910575,1860,VESTVÅGØY,189563221,0,181.0,Garasjeuthus anneks til bolig,TB,Tatt i bruk,10101,10101,19700101,28.0,,,,,,,,,,
910576,1860,VESTVÅGØY,189566026,0,111.0,Enebolig,TB,Tatt i bruk,19830301,19830401,19870605,178.0,,,56494461.0,Offersøyveien,8309.0,253.0,,,8370.0,LEKNES
910577,1860,VESTVÅGØY,189566018,0,241.0,Hus for dyr/landbr.lager/silo,TB,Tatt i bruk,10101,10101,10101,53.0,,,,,,,,,,
910578,1860,VESTVÅGØY,189563213,0,181.0,Garasjeuthus anneks til bolig,TB,Tatt i bruk,19700101,19700101,19701211,15.0,,,,,,,,,,
910579,1860,VESTVÅGØY,189565992,0,181.0,Garasjeuthus anneks til bolig,TB,Tatt i bruk,10101,10101,10101,64.0,,,,,,,,,,
910580,1860,VESTVÅGØY,189565984,0,181.0,Garasjeuthus anneks til bolig,TB,Tatt i bruk,10101,10101,10101,39.0,,,,,,,,,,
910581,1860,VESTVÅGØY,189563205,0,245.0,Naust/redskapshus for fiske,TB,Tatt i bruk,19730101,19730101,19731231,372.2,,,56497171.0,Buksnesveien,1047.0,347.0,,,8372.0,GRAVDAL
910582,1860,VESTVÅGØY,189565976,0,111.0,Enebolig,TB,Tatt i bruk,10101,10101,10101,152.0,,,56494460.0,Offersøyveien,8309.0,251.0,,,8370.0,LEKNES
910583,1860,VESTVÅGØY,189563191,0,244.0,Driftsb. fiske/fangst/oppdr,BR,Bygning revet/brent,10101,10101,19180101,1837.0,,,,,,,,,,
910584,1860,VESTVÅGØY,189565968,0,249.0,Annen landbruksbygning,TB,Tatt i bruk,10101,10101,10101,21.0,,,,,,,,,,
910585,1860,VESTVÅGØY,189563183,0,319.0,Annen kontorbygning,TB,Tatt i bruk,10101,10101,19800130,3084.0,,,56484016.0,Industriveien,1009.0,1.0,,,8372.0,GRAVDAL
910586,1860,VESTVÅGØY,189565941,0,241.0,Hus for dyr/landbr.lager/silo,TB,Tatt i bruk,10101,10101,10101,86.0,,,,,,,,,,
910587,1860,VESTVÅGØY,189563175,0,111.0,Enebolig,TB,Tatt i bruk,10101,10101,19750806,133.0,,,56484591.0,Myrløyken,1033.0,4.0,,,8372.0,GRAVDAL
910588,1860,VESTVÅGØY,189565933,0,111.0,Enebolig,TB,Tatt i bruk,10101,10101,10101,44.0,,,56499105.0,Offersøyveien,8309.0,205.0,,,8370.0,LEKNES
910589,1860,VESTVÅGØY,189563167,0,181.0,Garasjeuthus anneks til bolig,BR,Bygning revet/brent,10101,10101,10101,0.0,,,,,,,,,,
910590,1860,VESTVÅGØY,189568800,0,111.0,Enebolig,BR,Bygning revet/brent,10101,10101,10101,48.0,,,56492387.0,Tangstad,8006.0,130.0,,,8360.0,BØSTAD
910591,1860,VESTVÅGØY,189571291,0,181.0,Garasjeuthus anneks til bolig,BR,Bygning revet/brent,10101,10101,10101,0.0,,,,,,,,,,
910592,1860,VESTVÅGØY,189568797,0,111.0,Enebolig,TB,Tatt i bruk,10101,10101,10101,240.0,,,56492377.0,Tangstad,8006.0,128.0,,,8360.0,BØSTAD
910593,1860,VESTVÅGØY,189571283,0,181.0,Garasjeuthus anneks til bolig,TB,Tatt i bruk,10101,10101,10101,33.0,,,,,,,,,,
910594,1860,VESTVÅGØY,189568789,0,181.0,Garasjeuthus anneks til bolig,TB,Tatt i bruk,10101,10101,10101,69.0,,,,,,,,,,
910595,1860,VESTVÅGØY,189571275,0,111.0,Enebolig,TB,Tatt i bruk,10101,10101,10101,172.0,,,56492916.0,Unstadveien,8010.0,119.0,,,8360.0,BØSTAD
910596,1860,VESTVÅGØY,189568770,0,181.0,Garasjeuthus anneks til bolig,TB,Tatt i bruk,10101,10101,10101,35.0,,,,,,,,,,
910597,1860,VESTVÅGØY,189571267,0,111.0,Enebolig,TB,Tatt i bruk,10101,10101,10101,147.0,,,56497705.0,Unstadveien,8010.0,123.0,,,8360.0,BØSTAD
910598,1860,VESTVÅGØY,189568762,0,181.0,Garasjeuthus anneks til bolig,TB,Tatt i bruk,10101,10101,10101,40.0,,,,,,,,,,
910599,1860,VESTVÅGØY,189571259,0,181.0,Garasjeuthus anneks til bolig,TB,Tatt i bruk,10101,10101,10101,99.0,,,,,,,,,,
910600,1860,VESTVÅGØY,189568754,0,111.0,Enebolig,TB,Tatt i bruk,10101,10101,10101,142.0,,,56496522.0,Tangstad,8006.0,114.0,,,8360.0,BØSTAD
910601,1860,VESTVÅGØY,189571240,0,181.0,Garasjeuthus anneks til bolig,BR,Bygning revet/brent,10101,10101,10101,0.0,,,,,,,,,,
910602,1860,VESTVÅGØY,189568746,0,111.0,Enebolig,TB,Tatt i bruk,10101,10101,10101,66.0,,,56492355.0,Tangstad,8006.0,118.0,,,8360.0,BØSTAD
910603,1860,VESTVÅGØY,189571232,0,181.0,Garasjeuthus anneks til bolig,TB,Tatt i bruk,10101,10101,10101,119.0,,,,,,,,,,
910604,1860,VESTVÅGØY,189568738,0,181.0,Garasjeuthus anneks til bolig,TB,Tatt i bruk,10101,10101,10101,21.0,,,,,,,,,,
910605,1860,VESTVÅGØY,189571224,0,163.0,Våningh. benyttes som fritidsb,TB,Tatt i bruk,10101,10101,19050101,124.0,,,56493025.0,Unstadsjøveien,8013.0,4.0,,,8360.0,BØSTAD
910606,1860,VESTVÅGØY,189568711,0,181.0,Garasjeuthus anneks til bolig,TB,Tatt i bruk,10101,10101,10101,81.0,,,,,,,,,,
910607,1860,VESTVÅGØY,189571216,0,241.0,Hus for dyr/landbr.lager/silo,TB,Tatt i bruk,10101,10101,10101,326.0,,,,,,,,,,
910608,1860,VESTVÅGØY,189568703,0,181.0,Garasjeuthus anneks til bolig,TB,Tatt i bruk,10101,10101,10101,27.0,,,,,,,,,,
910609,1860,VESTVÅGØY,189571208,0,111.0,Enebolig,TB,Tatt i bruk,10101,10101,19750101,197.0,,,56493028.0,Unstadsjøveien,8013.0,23.0,,,8360.0,BØSTAD
910610,1860,VESTVÅGØY,189568681,0,111.0,Enebolig,TB,Tatt i bruk,10101,10101,10101,149.0,,,56492379.0,Tangstad,8006.0,121.0,,,8360.0,BØSTAD
910611,1860,VESTVÅGØY,189571194,0,241.0,Hus for dyr/landbr.lager/silo,BR,Bygning revet/brent,10101,10101,10101,0.0,,,,,,,,,,
910612,1860,VESTVÅGØY,189568673,0,162.0,Helårsb.benyttes som fritidsb.,TB,Tatt i bruk,10101,10101,10101,81.0,,,56492358.0,Tangstad,8006.0,145.0,,,8360.0,BØSTAD
910613,1860,VESTVÅGØY,189571186,0,241.0,Hus for dyr/landbr.lager/silo,BR,Bygning revet/brent,10101,10101,10101,124.0,,,,,,,,,,
910614,1860,VESTVÅGØY,189568665,0,241.0,Hus for dyr/landbr.lager/silo,TB,Tatt i bruk,10101,10101,10101,98.0,,,,,,,,,,
910615,1860,VESTVÅGØY,189571178,0,111.0,Enebolig,TB,Tatt i bruk,10101,10101,10101,162.0,,,56492901.0,Unstadveien,8010.0,129.0,,,8360.0,BØSTAD
910616,1860,VESTVÅGØY,189568657,0,163.0,Våningh. benyttes som fritidsb,TB,Tatt i bruk,10101,10101,19900101,93.0,,,56491649.0,Valbergsveien,7007.0,2099.0,,,8357.0,VALBERG
910617,1860,VESTVÅGØY,189571151,0,249.0,Annen landbruksbygning,TB,Tatt i bruk,10101,10101,10101,111.0,,,,,,,,,,
910618,1860,VESTVÅGØY,189568649,0,183.0,Naust båthus sjøbu,BR,Bygning revet/brent,10101,10101,10101,0.0,,,,,,,,,,
910619,1860,VESTVÅGØY,189571143,0,111.0,Enebolig,TB,Tatt i bruk,10101,10101,10101,164.0,,,56493027.0,Unstadsjøveien,8013.0,18.0,,,8360.0,BØSTAD
910620,1860,VESTVÅGØY,189568630,0,183.0,Naust båthus sjøbu,TB,Tatt i bruk,10101,10101,19650101,14.0,,,,,,,,,,
910621,1860,VESTVÅGØY,189571135,0,111.0,Enebolig,TB,Tatt i bruk,10101,10101,10101,121.0,,,56493029.0,Unstadsjøveien,8013.0,26.0,,,8360.0,BØSTAD
910622,1860,VESTVÅGØY,189571437,0,163.0,Våningh. benyttes som fritidsb,TB,Tatt i bruk,10101,10101,10101,111.0,,,56497706.0,Unstadveien,8010.0,121.0,,,8360.0,BØSTAD
910623,1860,VESTVÅGØY,189568940,0,241.0,Hus for dyr/landbr.lager/silo,TB,Tatt i bruk,10101,10101,10101,100.0,,,,,,,,,,
910624,1860,VESTVÅGØY,189571429,0,111.0,Enebolig,BR,Bygning revet/brent,10101,10101,10101,0.0,,,,,,,,,,
910625,1860,VESTVÅGØY,189571410,0,241.0,Hus for dyr/landbr.lager/silo,TB,Tatt i bruk,10101,10101,10101,226.0,,,,,,,,,,
910626,1860,VESTVÅGØY,189568932,1,241.0,Hus for dyr/landbr.lager/silo,TB,Tatt i bruk,20040401,20040502,20050401,196.0,,,,,,,,,,
910627,1860,VESTVÅGØY,189571402,0,183.0,Naust båthus sjøbu,TB,Tatt i bruk,10101,10101,10101,29.0,,,,,,,,,,
910628,1860,VESTVÅGØY,189568932,0,241.0,Hus for dyr/landbr.lager/silo,TB,Tatt i bruk,10101,10101,10101,93.0,,,,,,,,,,
910629,1860,VESTVÅGØY,189571399,0,183.0,Naust båthus sjøbu,TB,Tatt i bruk,10101,10101,10101,26.0,,,,,,,,,,
910630,1860,VESTVÅGØY,189568924,0,181.0,Garasjeuthus anneks til bolig,TB,Tatt i bruk,10101,10101,10101,43.0,,,,,,,,,,
910631,1860,VESTVÅGØY,189571380,0,183.0,Naust båthus sjøbu,TB,Tatt i bruk,10101,10101,10101,46.0,,,,,,,,,,
910632,1860,VESTVÅGØY,189568916,0,111.0,Enebolig,TB,Tatt i bruk,10101,10101,10101,142.0,,,56492401.0,Tangstad,8006.0,159.0,,,8360.0,BØSTAD
910633,1860,VESTVÅGØY,189571372,0,183.0,Naust båthus sjøbu,TB,Tatt i bruk,10101,10101,10101,39.0,,,,,,,,,,
910634,1860,VESTVÅGØY,189568908,0,111.0,Enebolig,TB,Tatt i bruk,10101,10101,10101,204.0,,,56492397.0,Tangstad,8006.0,149.0,,,8360.0,BØSTAD
910635,1860,VESTVÅGØY,189571364,0,183.0,Naust båthus sjøbu,TB,Tatt i bruk,10101,10101,10101,26.0,,,,,,,,,,
910636,1860,VESTVÅGØY,189568894,0,181.0,Garasjeuthus anneks til bolig,TB,Tatt i bruk,10101,10101,10101,26.0,,,,,,,,,,
910637,1860,VESTVÅGØY,189571356,0,673.0,Kremat. gravkapell bårehus,TB,Tatt i bruk,10101,10101,10101,8.0,,,281533549.0,Unstadsjøveien,8013.0,1.0,,,8360.0,BØSTAD
910638,1860,VESTVÅGØY,189568886,0,181.0,Garasjeuthus anneks til bolig,TB,Tatt i bruk,10101,10101,10101,46.0,,,,,,,,,,
910639,1860,VESTVÅGØY,189568878,0,111.0,Enebolig,TB,Tatt i bruk,10101,10101,10101,422.4,,,519565600.0,Tangstad,8006.0,147.0,,,8360.0,BØSTAD
910640,1860,VESTVÅGØY,189571348,1,529.0,Annen bygning for overnatting,TB,Tatt i bruk,19880616,19880716,19900322,80.0,,,,,,,,,,
910641,1860,VESTVÅGØY,189568851,0,181.0,Garasjeuthus anneks til bolig,BR,Bygning revet/brent,10101,10101,10101,19.0,,,,,,,,,,
910642,1860,VESTVÅGØY,189571348,0,529.0,Annen bygning for overnatting,TB,Tatt i bruk,10101,10101,10101,365.7,,,,,,,,,,
910643,1860,VESTVÅGØY,189568843,0,111.0,Enebolig,TB,Tatt i bruk,10101,10101,19730521,185.0,,,56492364.0,Tangstad,8006.0,154.0,,,8360.0,BØSTAD
910644,1860,VESTVÅGØY,189568835,1,111.0,Enebolig,TB,Tatt i bruk,20030911,20031001,20040801,14.0,,,56492362.0,Tangstad,8006.0,153.0,,,8360.0,BØSTAD
910645,1860,VESTVÅGØY,189571321,0,111.0,Enebolig,TB,Tatt i bruk,10101,10101,19700101,203.0,,,56497131.0,Unstadveien,8010.0,115.0,,,8360.0,BØSTAD
910646,1860,VESTVÅGØY,189568835,0,111.0,Enebolig,TB,Tatt i bruk,10101,10101,10101,108.0,,,56492362.0,Tangstad,8006.0,153.0,,,8360.0,BØSTAD
910647,1860,VESTVÅGØY,189568827,0,111.0,Enebolig,BR,Bygning revet/brent,10101,10101,10101,158.0,,,,,,,,,,
910648,1860,VESTVÅGØY,189571313,0,249.0,Annen landbruksbygning,TB,Tatt i bruk,19930423,19930523,19950214,170.0,,,,,,,,,,
910649,1860,VESTVÅGØY,189568819,0,111.0,Enebolig,BR,Bygning revet/brent,10101,10101,10101,131.0,,,,,,,,,,
910650,1860,VESTVÅGØY,189571305,0,181.0,Garasjeuthus anneks til bolig,BR,Bygning revet/brent,10101,10101,10101,0.0,,,,,,,,,,
910651,1860,VESTVÅGØY,189568452,0,183.0,Naust båthus sjøbu,TB,Tatt i bruk,10101,10101,19500101,22.0,,,,,,,,,,
910652,1860,VESTVÅGØY,189568444,0,183.0,Naust båthus sjøbu,TB,Tatt i bruk,10101,10101,19420101,22.0,,,,,,,,,,
910653,1860,VESTVÅGØY,189568436,0,241.0,Hus for dyr/landbr.lager/silo,TB,Tatt i bruk,10101,10101,19500101,67.0,,,,,,,,,,
910654,1860,VESTVÅGØY,189568428,0,182.0,Garasjeuth.anneks til fritidb,TB,Tatt i bruk,10101,10101,10101,23.0,,,,,,,,,,
910655,1860,VESTVÅGØY,189568401,0,182.0,Garasjeuth.anneks til fritidb,TB,Tatt i bruk,10101,10101,10101,52.0,,,,,,,,,,
910656,1860,VESTVÅGØY,189568398,0,161.0,Fritidsbygg(hyttersommerh. ol,TB,Tatt i bruk,10101,10101,19300101,79.0,,,56492414.0,Bjørnsand,8007.0,194.0,,,8360.0,BØSTAD
910657,1860,VESTVÅGØY,189568371,0,161.0,Fritidsbygg(hyttersommerh. ol,TB,Tatt i bruk,10101,10101,19300101,74.0,,,56492412.0,Bjørnsand,8007.0,174.0,,,8360.0,BØSTAD
910658,1860,VESTVÅGØY,189568363,0,161.0,Fritidsbygg(hyttersommerh. ol,TB,Tatt i bruk,10101,10101,10101,46.0,,,56492270.0,Bjørnsand,8007.0,200.0,,,8360.0,BØSTAD
910659,1860,VESTVÅGØY,189568355,0,161.0,Fritidsbygg(hyttersommerh. ol,BR,Bygning revet/brent,10101,10101,10101,0.0,,,56492270.0,Bjørnsand,8007.0,200.0,,,8360.0,BØSTAD
910660,1860,VESTVÅGØY,189568347,0,181.0,Garasjeuthus anneks til bolig,TB,Tatt i bruk,10101,10101,10101,17.0,,,,,,,,,,
910661,1860,VESTVÅGØY,189568339,0,183.0,Naust båthus sjøbu,TB,Tatt i bruk,10101,10101,10101,134.0,,,,,,,,,,
910662,1860,VESTVÅGØY,189568320,0,161.0,Fritidsbygg(hyttersommerh. ol,TB,Tatt i bruk,10101,10101,10101,130.0,,,56496971.0,Mærvollveien,8009.0,260.0,,,8360.0,BØSTAD
910663,1860,VESTVÅGØY,189568312,0,181.0,Garasjeuthus anneks til bolig,TB,Tatt i bruk,10101,10101,10101,70.0,,,,,,,,,,
910664,1860,VESTVÅGØY,189568304,0,181.0,Garasjeuthus anneks til bolig,TB,Tatt i bruk,10101,10101,10101,37.0,,,,,,,,,,
910665,1860,VESTVÅGØY,189568290,0,163.0,Våningh. benyttes som fritidsb,TB,Tatt i bruk,10101,10101,10101,40.0,,,56499435.0,Mærvollveien,8009.0,259.0,,,8360.0,BØSTAD
910666,1860,VESTVÅGØY,189568282,0,161.0,Fritidsbygg(hyttersommerh. ol,TB,Tatt i bruk,10101,10101,10101,43.0,,,,,,,,,,
910667,1860,VESTVÅGØY,189568622,0,183.0,Naust båthus sjøbu,TB,Tatt i bruk,10101,10101,10101,85.0,,,,,,,,,,
910668,1860,VESTVÅGØY,189571127,0,241.0,Hus for dyr/landbr.lager/silo,BR,Bygning revet/brent,10101,10101,10101,115.0,,,,,,,,,,
910669,1860,VESTVÅGØY,189568614,0,181.0,Garasjeuthus anneks til bolig,TB,Tatt i bruk,10101,10101,10101,109.0,,,,,,,,,,
910670,1860,VESTVÅGØY,189571119,0,181.0,Garasjeuthus anneks til bolig,TB,Tatt i bruk,10101,10101,10101,45.0,,,,,,,,,,
910671,1860,VESTVÅGØY,189568606,0,111.0,Enebolig,TB,Tatt i bruk,10101,10101,10101,138.0,,,56492356.0,Tangstad,8006.0,124.0,,,8360.0,BØSTAD
910672,1860,VESTVÅGØY,189571100,0,241.0,Hus for dyr/landbr.lager/silo,BR,Bygning revet/brent,10101,10101,10101,76.0,,,,,,,,,,
910673,1860,VESTVÅGØY,189568592,0,111.0,Enebolig,TB,Tatt i bruk,10101,10101,19480101,152.0,,,56496467.0,Saupstadveien,8014.0,51.0,,,8360.0,BØSTAD
910674,1860,VESTVÅGØY,189571097,0,163.0,Våningh. benyttes som fritidsb,TB,Tatt i bruk,10101,10101,10101,132.0,,,56493041.0,Unstadsjøveien,8013.0,32.0,,,8360.0,BØSTAD
910675,1860,VESTVÅGØY,189568584,0,181.0,Garasjeuthus anneks til bolig,BR,Bygning revet/brent,10101,10101,10101,0.0,,,,,,,,,,
910676,1860,VESTVÅGØY,189571089,0,241.0,Hus for dyr/landbr.lager/silo,TB,Tatt i bruk,10101,10101,19400101,339.0,,,,,,,,,,
910677,1860,VESTVÅGØY,189568576,0,181.0,Garasjeuthus anneks til bolig,TB,Tatt i bruk,10101,10101,19800101,41.0,,,,,,,,,,
910678,1860,VESTVÅGØY,189571070,0,181.0,Garasjeuthus anneks til bolig,TB,Tatt i bruk,10101,10101,19300101,22.0,,,,,,,,,,
910679,1860,VESTVÅGØY,189568568,0,161.0,Fritidsbygg(hyttersommerh. ol,TB,Tatt i bruk,10101,10101,10101,86.0,,,56496466.0,Saupstadveien,8014.0,53.0,,,8360.0,BØSTAD
910680,1860,VESTVÅGØY,189571062,0,113.0,Våningshus,TB,Tatt i bruk,10101,10101,19300101,61.0,,,56493100.0,Unstadsjøveien,8013.0,44.0,,,8360.0,BØSTAD
910681,1860,VESTVÅGØY,189568541,0,161.0,Fritidsbygg(hyttersommerh. ol,TB,Tatt i bruk,10101,10101,19450101,59.0,,,56496482.0,Saupstadveien,8014.0,49.0,,,8360.0,BØSTAD
910682,1860,VESTVÅGØY,189571054,0,161.0,Fritidsbygg(hyttersommerh. ol,TB,Tatt i bruk,10101,10101,18630101,107.0,,,56493046.0,Unstadsjøveien,8013.0,63.0,,,8360.0,BØSTAD
910683,1860,VESTVÅGØY,189568533,0,161.0,Fritidsbygg(hyttersommerh. ol,TB,Tatt i bruk,10101,10101,19520101,72.0,,,56496996.0,Bjørnsand,8007.0,214.0,,,8360.0,BØSTAD
910684,1860,VESTVÅGØY,189571046,0,161.0,Fritidsbygg(hyttersommerh. ol,TB,Tatt i bruk,10101,10101,10101,39.0,,,463491684.0,Unstadsjøveien,8013.0,65.0,,,8360.0,BØSTAD
910685,1860,VESTVÅGØY,189568525,0,183.0,Naust båthus sjøbu,TB,Tatt i bruk,10101,10101,19500101,24.0,,,,,,,,,,
910686,1860,VESTVÅGØY,189571038,0,181.0,Garasjeuthus anneks til bolig,TB,Tatt i bruk,10101,10101,19560101,41.0,,,,,,,,,,
910687,1860,VESTVÅGØY,189568517,0,183.0,Naust båthus sjøbu,BR,Bygning revet/brent,10101,10101,19500101,31.0,,,,,,,,,,
910688,1860,VESTVÅGØY,189571011,0,161.0,Fritidsbygg(hyttersommerh. ol,TB,Tatt i bruk,10101,10101,19000101,73.0,,,56498302.0,Unstadsjøveien,8013.0,51.0,,,8360.0,BØSTAD
910689,1860,VESTVÅGØY,189568509,0,183.0,Naust båthus sjøbu,BR,Bygning revet/brent,10101,10101,10101,0.0,,,,,,,,,,
910690,1860,VESTVÅGØY,189568495,0,182.0,Garasjeuth.anneks til fritidb,TB,Tatt i bruk,10101,10101,19500101,16.0,,,,,,,,,,
910691,1860,VESTVÅGØY,189568487,0,182.0,Garasjeuth.anneks til fritidb,TB,Tatt i bruk,10101,10101,19300101,68.0,,,,,,,,,,
910692,1860,VESTVÅGØY,189568479,0,161.0,Fritidsbygg(hyttersommerh. ol,TB,Tatt i bruk,10101,10101,19300101,125.0,,,56492271.0,Bjørnsand,8007.0,212.0,,,8360.0,BØSTAD
910693,1860,VESTVÅGØY,189568460,0,161.0,Fritidsbygg(hyttersommerh. ol,TB,Tatt i bruk,10101,10101,19420101,109.0,,,56492269.0,Bjørnsand,8007.0,201.0,,,8360.0,BØSTAD
910694,1860,VESTVÅGØY,189571887,0,241.0,Hus for dyr/landbr.lager/silo,TB,Tatt i bruk,10101,10101,10101,93.0,,,,,,,,,,
910695,1860,VESTVÅGØY,189571879,0,111.0,Enebolig,TB,Tatt i bruk,10101,10101,10101,127.0,,,56496475.0,Saupstadveien,8014.0,217.0,,,8360.0,BØSTAD
910696,1860,VESTVÅGØY,189571860,1,111.0,Enebolig,TB,Tatt i bruk,19960116,19960216,19960830,71.0,,,56497183.0,Indre Steinfjordvei,8008.0,29.0,,,8360.0,BØSTAD
910697,1860,VESTVÅGØY,189571860,0,111.0,Enebolig,TB,Tatt i bruk,19800429,19800529,19810518,188.0,,,56497183.0,Indre Steinfjordvei,8008.0,29.0,,,8360.0,BØSTAD
910698,1860,VESTVÅGØY,189571852,0,111.0,Enebolig,TB,Tatt i bruk,19800410,19800510,19810212,182.0,,,56496479.0,Saupstadveien,8014.0,245.0,,,8360.0,BØSTAD
910699,1860,VESTVÅGØY,189571844,0,111.0,Enebolig,TB,Tatt i bruk,10101,10101,10101,75.0,,,56498384.0,Saupstadveien,8014.0,243.0,,,8360.0,BØSTAD
910700,1860,VESTVÅGØY,189571836,0,161.0,Fritidsbygg(hyttersommerh. ol,TB,Tatt i bruk,10101,10101,10101,75.0,,,56496478.0,Saupstadveien,8014.0,241.0,,,8360.0,BØSTAD
910701,1860,VESTVÅGØY,189571828,0,181.0,Garasjeuthus anneks til bolig,TB,Tatt i bruk,10101,10101,10101,72.0,,,,,,,,,,
910702,1860,VESTVÅGØY,189571801,0,181.0,Garasjeuthus anneks til bolig,TB,Tatt i bruk,10101,10101,10101,100.0,,,,,,,,,,
910703,1860,VESTVÅGØY,189571798,0,111.0,Enebolig,TB,Tatt i bruk,10101,10101,10101,200.0,,,56492313.0,Mærvollveien,8009.0,1.0,,,8360.0,BØSTAD
910704,1860,VESTVÅGØY,189571771,0,111.0,Enebolig,TB,Tatt i bruk,10101,10101,10101,145.0,,,56492307.0,Mærvollveien,8009.0,8.0,,,8360.0,BØSTAD
910705,1860,VESTVÅGØY,189571763,0,162.0,Helårsb.benyttes som fritidsb.,TB,Tatt i bruk,10101,10101,19370801,172.0,,,56496480.0,Saupstadveien,8014.0,256.0,,,8360.0,BØSTAD
910706,1860,VESTVÅGØY,189571755,0,111.0,Enebolig,TB,Tatt i bruk,10101,10101,10101,95.0,,,56492315.0,Mærvollveien,8009.0,15.0,,,8360.0,BØSTAD
910707,1860,VESTVÅGØY,189572034,0,113.0,Våningshus,TB,Tatt i bruk,10101,10101,10101,187.0,,,56496474.0,Saupstadveien,8014.0,209.0,,,8360.0,BØSTAD
910708,1860,VESTVÅGØY,189572026,0,241.0,Hus for dyr/landbr.lager/silo,TB,Tatt i bruk,10101,10101,10101,91.0,,,,,,,,,,
910709,1860,VESTVÅGØY,189572018,0,999.0,,TB,Tatt i bruk,10101,10101,10101,0.0,,,56499050.0,Saupstadveien,8014.0,205.0,,,8360.0,BØSTAD
910710,1860,VESTVÅGØY,189571992,0,181.0,Garasjeuthus anneks til bolig,TB,Tatt i bruk,10101,10101,10101,40.0,,,,,,,,,,
910711,1860,VESTVÅGØY,189571984,0,641.0,Museum kunstgalleri,TB,Tatt i bruk,10101,10101,10101,90.0,,,,,,,,,,
910712,1860,VESTVÅGØY,189571976,0,162.0,Helårsb.benyttes som fritidsb.,TB,Tatt i bruk,10101,10101,10101,133.0,,,56496473.0,Saupstadveien,8014.0,208.0,,,8360.0,BØSTAD
910713,1860,VESTVÅGØY,189571968,1,111.0,Enebolig,TB,Tatt i bruk,20020402,10101,20041110,30.0,,,56496477.0,Saupstadveien,8014.0,235.0,,,8360.0,BØSTAD
910714,1860,VESTVÅGØY,189571968,0,111.0,Enebolig,TB,Tatt i bruk,19810401,19810501,19821209,529.5,,,56496477.0,Saupstadveien,8014.0,235.0,,,8360.0,BØSTAD
910715,1860,VESTVÅGØY,189571941,0,111.0,Enebolig,TB,Tatt i bruk,10101,10101,10101,154.0,,,56497199.0,Saupstadveien,8014.0,225.0,,,8360.0,BØSTAD
910716,1860,VESTVÅGØY,189571933,0,181.0,Garasjeuthus anneks til bolig,TB,Tatt i bruk,10101,10101,10101,54.0,,,,,,,,,,
910717,1860,VESTVÅGØY,189571925,0,241.0,Hus for dyr/landbr.lager/silo,TB,Tatt i bruk,10101,10101,10101,600.0,,,,,,,,,,
910718,1860,VESTVÅGØY,189571917,0,161.0,Fritidsbygg(hyttersommerh. ol,TB,Tatt i bruk,10101,10101,10101,59.0,,,,,,,,,,
910719,1860,VESTVÅGØY,189571909,0,161.0,Fritidsbygg(hyttersommerh. ol,TB,Tatt i bruk,10101,10101,19300101,43.0,,,56496476.0,Saupstadveien,8014.0,221.0,,,8360.0,BØSTAD
910720,1860,VESTVÅGØY,189571895,0,181.0,Garasjeuthus anneks til bolig,TB,Tatt i bruk,10101,10101,19300101,86.0,,,,,,,,,,
910721,1860,VESTVÅGØY,189571615,0,111.0,Enebolig,TB,Tatt i bruk,10101,10101,10101,64.0,,,56492435.0,Mærvollveien,8009.0,49.0,,,8360.0,BØSTAD
910722,1860,VESTVÅGØY,189571607,0,111.0,Enebolig,TB,Tatt i bruk,10101,10101,10101,216.0,,,56492436.0,Mærvollveien,8009.0,50.0,,,8360.0,BØSTAD
910723,1860,VESTVÅGØY,189571593,0,111.0,Enebolig,TB,Tatt i bruk,10101,10101,10101,107.0,,,56492437.0,Mærvollveien,8009.0,57.0,,,8360.0,BØSTAD
910724,1860,VESTVÅGØY,189571585,0,181.0,Garasjeuthus anneks til bolig,TB,Tatt i bruk,10101,10101,10101,61.0,,,,,,,,,,
910725,1860,VESTVÅGØY,189571577,0,181.0,Garasjeuthus anneks til bolig,TB,Tatt i bruk,10101,10101,18800101,65.0,,,,,,,,,,
910726,1860,VESTVÅGØY,189571569,0,161.0,Fritidsbygg(hyttersommerh. ol,TB,Tatt i bruk,10101,10101,19450101,85.0,,,56492438.0,Mærvollveien,8009.0,63.0,,,8360.0,BØSTAD
910727,1860,VESTVÅGØY,189571550,0,163.0,Våningh. benyttes som fritidsb,TB,Tatt i bruk,10101,10101,19460101,92.0,,,56492440.0,Mærvollveien,8009.0,67.0,,,8360.0,BØSTAD
910728,1860,VESTVÅGØY,189571542,0,111.0,Enebolig,TB,Tatt i bruk,10101,10101,18900101,67.0,,,56496470.0,Saupstadveien,8014.0,160.0,,,8360.0,BØSTAD
910729,1860,VESTVÅGØY,189571534,0,162.0,Helårsb.benyttes som fritidsb.,TB,Tatt i bruk,10101,10101,19500101,71.0,,,56497053.0,Saupstadveien,8014.0,162.0,,,8360.0,BØSTAD
910730,1860,VESTVÅGØY,189571526,0,111.0,Enebolig,TB,Tatt i bruk,10101,10101,19300101,61.0,,,56496469.0,Saupstadveien,8014.0,158.0,,,8360.0,BØSTAD
910731,1860,VESTVÅGØY,189571518,0,181.0,Garasjeuthus anneks til bolig,TB,Tatt i bruk,10101,10101,19300101,112.0,,,,,,,,,,
910732,1860,VESTVÅGØY,189571496,0,181.0,Garasjeuthus anneks til bolig,BR,Bygning revet/brent,10101,10101,10101,0.0,,,,,,,,,,
910733,1860,VESTVÅGØY,189571488,0,181.0,Garasjeuthus anneks til bolig,BR,Bygning revet/brent,10101,10101,10101,0.0,,,,,,,,,,
910734,1860,VESTVÅGØY,189571461,0,181.0,Garasjeuthus anneks til bolig,TB,Tatt i bruk,10101,10101,10101,97.0,,,,,,,,,,
910735,1860,VESTVÅGØY,189571453,0,111.0,Enebolig,TB,Tatt i bruk,10101,10101,10101,86.0,,,56496471.0,Saupstadveien,8014.0,197.0,,,8360.0,BØSTAD
910736,1860,VESTVÅGØY,189571445,0,161.0,Fritidsbygg(hyttersommerh. ol,TB,Tatt i bruk,10101,10101,10101,60.0,,,56496472.0,Saupstadveien,8014.0,195.0,,,8360.0,BØSTAD
910737,1860,VESTVÅGØY,189568940,1,241.0,Hus for dyr/landbr.lager/silo,TB,Tatt i bruk,19900801,19900801,19920205,145.0,,,,,,,,,,
910738,1860,VESTVÅGØY,189571747,0,111.0,Enebolig,TB,Tatt i bruk,19790515,19790615,19800519,184.0,,,56492314.0,Mærvollveien,8009.0,7.0,,,8360.0,BØSTAD
910739,1860,VESTVÅGØY,189571739,0,183.0,Naust båthus sjøbu,TB,Tatt i bruk,10101,10101,19000101,23.0,,,,,,,,,,
910740,1860,VESTVÅGØY,189571720,0,181.0,Garasjeuthus anneks til bolig,TB,Tatt i bruk,10101,10101,19000101,100.0,,,,,,,,,,
910741,1860,VESTVÅGØY,189571712,0,181.0,Garasjeuthus anneks til bolig,TB,Tatt i bruk,10101,10101,10101,74.0,,,,,,,,,,
910742,1860,VESTVÅGØY,189571704,0,181.0,Garasjeuthus anneks til bolig,BR,Bygning revet/brent,10101,10101,10101,45.0,,,,,,,,,,
910743,1860,VESTVÅGØY,189571690,0,111.0,Enebolig,TB,Tatt i bruk,10101,10101,10101,110.0,,,56492308.0,Mærvollveien,8009.0,23.0,,,8360.0,BØSTAD
910744,1860,VESTVÅGØY,189571682,0,111.0,Enebolig,TB,Tatt i bruk,19860430,19860530,19870410,216.0,,,56492434.0,Mærvollveien,8009.0,45.0,,,8360.0,BØSTAD
910745,1860,VESTVÅGØY,189571674,1,212.0,Verkstedbygning,BR,Bygning revet/brent,19940901,19940901,19950301,57.0,,,,,,,,,,
910746,1860,VESTVÅGØY,189571674,0,212.0,Verkstedbygning,BR,Bygning revet/brent,10101,10101,10101,403.0,,,,,,,,,,
910747,1860,VESTVÅGØY,189571666,0,181.0,Garasjeuthus anneks til bolig,BR,Bygning revet/brent,10101,10101,10101,0.0,,,,,,,,,,
910748,1860,VESTVÅGØY,189571658,0,181.0,Garasjeuthus anneks til bolig,TB,Tatt i bruk,10101,10101,10101,40.0,,,,,,,,,,
910749,1860,VESTVÅGØY,189571631,0,161.0,Fritidsbygg(hyttersommerh. ol,TB,Tatt i bruk,10101,10101,10101,73.0,,,56497005.0,Mærvollveien,8009.0,51.0,,,8360.0,BØSTAD
910750,1860,VESTVÅGØY,189571623,0,181.0,Garasjeuthus anneks til bolig,TB,Tatt i bruk,10101,10101,10101,69.0,,,,,,,,,,
910751,1860,VESTVÅGØY,189565496,0,111.0,Enebolig,BR,Bygning revet/brent,10101,10101,10101,0.0,,,,,,,,,,
910752,1860,VESTVÅGØY,189565488,0,181.0,Garasjeuthus anneks til bolig,BR,Bygning revet/brent,10101,10101,10101,0.0,,,,,,,,,,
910753,1860,VESTVÅGØY,189565461,0,181.0,Garasjeuthus anneks til bolig,TB,Tatt i bruk,10101,10101,10101,62.0,,,,,,,,,,
910754,1860,VESTVÅGØY,189565453,0,181.0,Garasjeuthus anneks til bolig,BR,Bygning revet/brent,10101,10101,10101,0.0,,,,,,,,,,
910755,1860,VESTVÅGØY,189565445,0,111.0,Enebolig,TB,Tatt i bruk,10101,10101,10101,255.0,,,56489427.0,Leknesveien,3056.0,575.0,,,8370.0,LEKNES
910756,1860,VESTVÅGØY,189565437,0,111.0,Enebolig,BR,Bygning revet/brent,10101,10101,10101,80.0,,,56494368.0,Ner-Voll,8304.0,13.0,,,8370.0,LEKNES
910757,1860,VESTVÅGØY,189565429,0,181.0,Garasjeuthus anneks til bolig,BR,Bygning revet/brent,10101,10101,10101,0.0,,,,,,,,,,
910758,1860,VESTVÅGØY,189565410,0,181.0,Garasjeuthus anneks til bolig,TB,Tatt i bruk,10101,10101,10101,79.0,,,,,,,,,,
910759,1860,VESTVÅGØY,189565402,0,111.0,Enebolig,TB,Tatt i bruk,10101,10101,10101,159.0,,,56489398.0,Leknesveien,3056.0,570.0,,,8370.0,LEKNES
910760,1860,VESTVÅGØY,189565399,0,111.0,Enebolig,TB,Tatt i bruk,10101,10101,10101,91.0,,,56489426.0,Leknesveien,3056.0,550.0,,,8370.0,LEKNES
910761,1860,VESTVÅGØY,189565380,0,181.0,Garasjeuthus anneks til bolig,TB,Tatt i bruk,10101,10101,10101,111.0,,,,,,,,,,
910762,1860,VESTVÅGØY,189565372,0,181.0,Garasjeuthus anneks til bolig,BR,Bygning revet/brent,10101,10101,10101,22.0,,,,,,,,,,
910763,1860,VESTVÅGØY,189565364,0,181.0,Garasjeuthus anneks til bolig,BR,Bygning revet/brent,10101,10101,19500101,82.0,,,,,,,,,,
910764,1860,VESTVÅGØY,189565356,0,181.0,Garasjeuthus anneks til bolig,BR,Bygning revet/brent,10101,10101,10101,13.0,,,,,,,,,,
910765,1860,VESTVÅGØY,189565348,0,111.0,Enebolig,TB,Tatt i bruk,10101,10101,19500101,107.0,,,56489425.0,Leknesveien,3056.0,517.0,,,8370.0,LEKNES
910766,1860,VESTVÅGØY,189565321,0,181.0,Garasjeuthus anneks til bolig,BR,Bygning revet/brent,10101,10101,10101,0.0,,,,,,,,,,
910767,1860,VESTVÅGØY,189565607,1,111.0,Enebolig,TB,Tatt i bruk,20070802,20070902,20080801,5.0,,,,,,,,,,
910768,1860,VESTVÅGØY,189565607,0,111.0,Enebolig,TB,Tatt i bruk,10101,10101,10101,135.0,,,56489430.0,Leknesveien,3056.0,633.0,,,8370.0,LEKNES
910769,1860,VESTVÅGØY,189565593,0,112.0,Enebolig m/hybel/sokkelleil.,TB,Tatt i bruk,10101,10101,19800530,197.0,,,56489428.0,Leknesveien,3056.0,613.0,,,8370.0,LEKNES
910770,1860,VESTVÅGØY,189565585,0,181.0,Garasjeuthus anneks til bolig,BR,Bygning revet/brent,10101,10101,10101,0.0,,,,,,,,,,
910771,1860,VESTVÅGØY,189565577,0,181.0,Garasjeuthus anneks til bolig,BR,Bygning revet/brent,10101,10101,10101,0.0,,,,,,,,,,
910772,1860,VESTVÅGØY,189565569,0,181.0,Garasjeuthus anneks til bolig,TB,Tatt i bruk,10101,10101,10101,74.0,,,,,,,,,,
910773,1860,VESTVÅGØY,189565550,0,181.0,Garasjeuthus anneks til bolig,TB,Tatt i bruk,10101,10101,10101,22.0,,,,,,,,,,
910774,1860,VESTVÅGØY,189565542,2,111.0,Enebolig,TB,Tatt i bruk,20001005,20001015,20010701,44.0,,,56489429.0,Leknesveien,3056.0,615.0,,,8370.0,LEKNES
910775,1860,VESTVÅGØY,189565542,1,111.0,Enebolig,TB,Tatt i bruk,19960828,19970502,19971215,19.0,,,56489429.0,Leknesveien,3056.0,615.0,,,8370.0,LEKNES
910776,1860,VESTVÅGØY,189565542,0,111.0,Enebolig,TB,Tatt i bruk,10101,10101,19900101,200.0,,,56489429.0,Leknesveien,3056.0,615.0,,,8370.0,LEKNES
910777,1860,VESTVÅGØY,189565534,0,111.0,Enebolig,TB,Tatt i bruk,10101,10101,10101,149.0,,,56489402.0,Leknesveien,3056.0,609.0,,,8370.0,LEKNES
910778,1860,VESTVÅGØY,189565526,0,241.0,Hus for dyr/landbr.lager/silo,TB,Tatt i bruk,10101,10101,10101,164.0,,,,,,,,,,
910779,1860,VESTVÅGØY,189565518,0,111.0,Enebolig,TB,Tatt i bruk,10101,10101,10101,82.0,,,56494373.0,Ner-Voll,8304.0,18.0,,,8370.0,LEKNES
910780,1860,VESTVÅGØY,189562578,0,181.0,Garasjeuthus anneks til bolig,TB,Tatt i bruk,10101,10101,19750101,24.0,,,,,,,,,,
910781,1860,VESTVÅGØY,189565186,0,111.0,Enebolig,TB,Tatt i bruk,10101,10101,10101,140.0,,,56494488.0,Søljeveien,8314.0,23.0,,,8370.0,LEKNES
910782,1860,VESTVÅGØY,189562551,0,181.0,Garasjeuthus anneks til bolig,TB,Tatt i bruk,10101,10101,19770101,40.0,,,,,,,,,,
910783,1860,VESTVÅGØY,189565178,0,241.0,Hus for dyr/landbr.lager/silo,TB,Tatt i bruk,10101,10101,10101,63.0,,,,,,,,,,
910784,1860,VESTVÅGØY,189562543,0,111.0,Enebolig,TB,Tatt i bruk,10101,10101,19670101,176.0,,,56484617.0,Haugsmyra,1035.0,34.0,,,8372.0,GRAVDAL
910785,1860,VESTVÅGØY,189565151,0,241.0,Hus for dyr/landbr.lager/silo,BU,Bygningsnummer utgått,10101,10101,10101,0.0,,,,,,,,,,
910786,1860,VESTVÅGØY,189562535,0,111.0,Enebolig,TB,Tatt i bruk,10101,10101,10101,78.0,,,56484620.0,Haugsmyra,1035.0,40.0,,,8372.0,GRAVDAL
910787,1860,VESTVÅGØY,189565143,0,241.0,Hus for dyr/landbr.lager/silo,TB,Tatt i bruk,10101,10101,10101,94.0,,,,,,,,,,
910788,1860,VESTVÅGØY,189565135,1,111.0,Enebolig,TB,Tatt i bruk,10101,10101,19880801,21.0,,,56497020.0,Søljeveien,8314.0,40.0,,,8370.0,LEKNES
910789,1860,VESTVÅGØY,189562527,0,111.0,Enebolig,TB,Tatt i bruk,19650101,19650101,19651231,151.0,,,56484618.0,Haugsmyra,1035.0,36.0,,,8372.0,GRAVDAL
910790,1860,VESTVÅGØY,189562519,0,112.0,Enebolig m/hybel/sokkelleil.,TB,Tatt i bruk,10101,10101,19700101,163.0,,,56484616.0,Haugsmyra,1035.0,32.0,,,8372.0,GRAVDAL
910791,1860,VESTVÅGØY,189565135,0,111.0,Enebolig,TB,Tatt i bruk,19870128,19870701,19880801,197.0,,,56497020.0,Søljeveien,8314.0,40.0,,,8370.0,LEKNES
910792,1860,VESTVÅGØY,189562500,0,111.0,Enebolig,TB,Tatt i bruk,10101,10101,19700101,192.0,,,56484612.0,Haugsmyra,1035.0,28.0,,,8372.0,GRAVDAL
910793,1860,VESTVÅGØY,189565127,0,111.0,Enebolig,TB,Tatt i bruk,10101,10101,10101,116.0,,,56489422.0,Leknesveien,3056.0,500.0,,,8370.0,LEKNES
910794,1860,VESTVÅGØY,189562497,0,111.0,Enebolig,TB,Tatt i bruk,10101,10101,19830118,215.4,,,56483918.0,Haugaliveien,1001.0,4.0,,,8372.0,GRAVDAL
910795,1860,VESTVÅGØY,189565119,0,181.0,Garasjeuthus anneks til bolig,BR,Bygning revet/brent,10101,10101,10101,0.0,,,,,,,,,,
910796,1860,VESTVÅGØY,189562470,0,111.0,Enebolig,TB,Tatt i bruk,10101,10101,19840315,185.0,,,56496558.0,Haugaliveien,1001.0,24.0,,,8372.0,GRAVDAL
910797,1860,VESTVÅGØY,189565100,0,181.0,Garasjeuthus anneks til bolig,TB,Tatt i bruk,10101,10101,10101,35.0,,,,,,,,,,
910798,1860,VESTVÅGØY,189562462,0,111.0,Enebolig,TB,Tatt i bruk,10101,10101,19801222,165.0,,,56483920.0,Kløvsteinveien,1002.0,2.0,,,8372.0,GRAVDAL
910799,1860,VESTVÅGØY,189565097,0,181.0,Garasjeuthus anneks til bolig,TB,Tatt i bruk,10101,10101,10101,67.0,,,,,,,,,,
910800,1860,VESTVÅGØY,189562454,0,111.0,Enebolig,TB,Tatt i bruk,10101,10101,19700128,177.0,,,56484631.0,Haugsmyra,1035.0,67.0,,,8372.0,GRAVDAL
910801,1860,VESTVÅGØY,189565089,0,181.0,Garasjeuthus anneks til bolig,TB,Tatt i bruk,10101,10101,10101,13.0,,,,,,,,,,
910802,1860,VESTVÅGØY,189562446,0,181.0,Garasjeuthus anneks til bolig,TB,Tatt i bruk,10101,10101,19850101,40.0,,,,,,,,,,
910803,1860,VESTVÅGØY,189565070,0,111.0,Enebolig,TB,Tatt i bruk,10101,10101,19530101,188.0,,,56489419.0,Leknesveien,3056.0,495.0,,,8370.0,LEKNES
910804,1860,VESTVÅGØY,189562438,0,181.0,Garasjeuthus anneks til bolig,TB,Tatt i bruk,10101,10101,10101,17.0,,,,,,,,,,
910805,1860,VESTVÅGØY,189565062,0,111.0,Enebolig,TB,Tatt i bruk,10101,10101,19360101,127.0,,,56489420.0,Leknesveien,3056.0,497.0,,,8370.0,LEKNES
910806,1860,VESTVÅGØY,189562411,0,111.0,Enebolig,TB,Tatt i bruk,10101,10101,10101,180.0,,,56484632.0,Haugsmyra,1035.0,69.0,,,8372.0,GRAVDAL
910807,1860,VESTVÅGØY,189565054,0,181.0,Garasjeuthus anneks til bolig,TB,Tatt i bruk,10101,10101,19360101,9.0,,,,,,,,,,
910808,1860,VESTVÅGØY,189562403,0,111.0,Enebolig,TB,Tatt i bruk,10101,10101,19280101,162.3,,,56484634.0,Haugsmyra,1035.0,73.0,,,8372.0,GRAVDAL
910809,1860,VESTVÅGØY,189565046,0,181.0,Garasjeuthus anneks til bolig,BR,Bygning revet/brent,10101,10101,10101,0.0,,,,,,,,,,
910810,1860,VESTVÅGØY,189565313,0,111.0,Enebolig,TB,Tatt i bruk,10101,10101,10101,86.0,,,56489424.0,Leknesveien,3056.0,511.0,,,8370.0,LEKNES
910811,1860,VESTVÅGØY,189565305,0,111.0,Enebolig,TB,Tatt i bruk,10101,10101,19700101,128.0,,,56489423.0,Leknesveien,3056.0,509.0,,,8370.0,LEKNES
910812,1860,VESTVÅGØY,189562691,0,111.0,Enebolig,TB,Tatt i bruk,10101,10101,19240101,243.0,,,56484563.0,Gravdalsgata,1032.0,6.0,,,8372.0,GRAVDAL
910813,1860,VESTVÅGØY,189565291,0,181.0,Garasjeuthus anneks til bolig,TB,Tatt i bruk,10101,10101,19060101,38.0,,,,,,,,,,
910814,1860,VESTVÅGØY,189562683,0,111.0,Enebolig,TB,Tatt i bruk,10101,10101,19781205,186.0,,,56484004.0,Abelveien,1008.0,2.0,,,8372.0,GRAVDAL
910815,1860,VESTVÅGØY,189565283,0,181.0,Garasjeuthus anneks til bolig,TB,Tatt i bruk,10101,10101,19060101,50.0,,,,,,,,,,
910816,1860,VESTVÅGØY,189565275,0,181.0,Garasjeuthus anneks til bolig,BR,Bygning revet/brent,10101,10101,10101,0.0,,,,,,,,,,
910817,1860,VESTVÅGØY,189562675,0,111.0,Enebolig,TB,Tatt i bruk,19790105,19790105,19791217,322.0,,,56484560.0,Gravdalsgata,1032.0,3.0,,,8372.0,GRAVDAL
910818,1860,VESTVÅGØY,189565267,0,181.0,Garasjeuthus anneks til bolig,TB,Tatt i bruk,10101,10101,10101,80.0,,,,,,,,,,
910819,1860,VESTVÅGØY,189565259,1,111.0,Enebolig,TB,Tatt i bruk,10101,10101,19780124,50.0,,,,,,,,,,
910820,1860,VESTVÅGØY,189562667,0,181.0,Garasjeuthus anneks til bolig,TB,Tatt i bruk,19820914,19820914,19830404,41.0,,,,,,,,,,
910821,1860,VESTVÅGØY,189565259,0,111.0,Enebolig,TB,Tatt i bruk,10101,10101,10101,117.0,,,56494436.0,Rise,8306.0,255.0,,,8370.0,LEKNES
910822,1860,VESTVÅGØY,189562659,0,181.0,Garasjeuthus anneks til bolig,TB,Tatt i bruk,10101,10101,10101,24.0,,,,,,,,,,
910823,1860,VESTVÅGØY,189565240,0,241.0,Hus for dyr/landbr.lager/silo,TB,Tatt i bruk,10101,10101,10101,275.0,,,,,,,,,,
910824,1860,VESTVÅGØY,189562640,0,111.0,Enebolig,TB,Tatt i bruk,10101,10101,10101,228.0,,,56484647.0,Sundsveien,1038.0,8.0,,,8372.0,GRAVDAL
910825,1860,VESTVÅGØY,189562632,0,111.0,Enebolig,TB,Tatt i bruk,10101,10101,10101,219.0,,,56484898.0,Sundsveien,1038.0,10.0,,,8372.0,GRAVDAL
910826,1860,VESTVÅGØY,189565232,1,161.0,Fritidsbygg(hyttersommerh. ol,TB,Tatt i bruk,20060504,20060601,20070801,37.0,,,,,,,,,,
910827,1860,VESTVÅGØY,189562624,0,111.0,Enebolig,TB,Tatt i bruk,10101,10101,19630101,187.0,,,56484899.0,Sundsveien,1038.0,12.0,,,8372.0,GRAVDAL
910828,1860,VESTVÅGØY,189565232,0,161.0,Fritidsbygg(hyttersommerh. ol,TB,Tatt i bruk,10101,10101,10101,158.0,,,56494413.0,Rise,8306.0,48.0,,,8370.0,LEKNES
910829,1860,VESTVÅGØY,189562616,0,181.0,Garasjeuthus anneks til bolig,TB,Tatt i bruk,10101,10101,10101,24.0,,,,,,,,,,
910830,1860,VESTVÅGØY,189565224,0,181.0,Garasjeuthus anneks til bolig,TB,Tatt i bruk,10101,10101,10101,47.0,,,,,,,,,,
910831,1860,VESTVÅGØY,189562608,0,181.0,Garasjeuthus anneks til bolig,TB,Tatt i bruk,10101,10101,19880101,23.0,,,,,,,,,,
910832,1860,VESTVÅGØY,189565216,0,111.0,Enebolig,TB,Tatt i bruk,10101,10101,10101,115.0,,,56494951.0,Søljeveien,8314.0,76.0,,,8370.0,LEKNES
910833,1860,VESTVÅGØY,189562594,0,112.0,Enebolig m/hybel/sokkelleil.,TB,Tatt i bruk,10101,10101,19780217,173.0,,,56484614.0,Haugsmyra,1035.0,30.0,,,8372.0,GRAVDAL
910834,1860,VESTVÅGØY,189565208,0,111.0,Enebolig,TB,Tatt i bruk,10101,10101,10101,186.0,,,56494412.0,Rise,8306.0,39.0,,,8370.0,LEKNES
910835,1860,VESTVÅGØY,189562586,0,181.0,Garasjeuthus anneks til bolig,TB,Tatt i bruk,10101,10101,19871210,46.0,,,,,,,,,,
910836,1860,VESTVÅGØY,189565194,0,111.0,Enebolig,TB,Tatt i bruk,10101,10101,10101,79.0,,,56494411.0,Rise,8306.0,26.0,,,8370.0,LEKNES
910837,1860,VESTVÅGØY,189568096,0,112.0,Enebolig m/hybel/sokkelleil.,TB,Tatt i bruk,10101,10101,10101,194.0,,,56489363.0,Leknesveien,3056.0,191.0,,,8370.0,LEKNES
910838,1860,VESTVÅGØY,189568088,0,239.0,Annen lagerbygning,BR,Bygning revet/brent,10101,10101,10101,0.0,,,,,,,,,,
910839,1860,VESTVÅGØY,189568061,0,111.0,Enebolig,TB,Tatt i bruk,10101,10101,19000101,255.0,,,56489365.0,Leknesveien,3056.0,200.0,,,8370.0,LEKNES
910840,1860,VESTVÅGØY,189568053,0,111.0,Enebolig,TB,Tatt i bruk,10101,10101,19880119,167.0,,,56494378.0,Skullbrusjyen,8302.0,19.0,,,8370.0,LEKNES
910841,1860,VESTVÅGØY,189568045,0,111.0,Enebolig,TB,Tatt i bruk,10101,10101,19820527,164.0,,,56494377.0,Skullbrusjyen,8302.0,15.0,,,8370.0,LEKNES
910842,1860,VESTVÅGØY,189568037,1,112.0,Enebolig m/hybel/sokkelleil.,TB,Tatt i bruk,20020620,20021001,20030201,89.0,,,56494376.0,Skullbrusjyen,8302.0,12.0,,,8370.0,LEKNES
910843,1860,VESTVÅGØY,189568037,0,112.0,Enebolig m/hybel/sokkelleil.,TB,Tatt i bruk,10101,10101,10101,188.0,,,56494376.0,Skullbrusjyen,8302.0,12.0,,,8370.0,LEKNES
910844,1860,VESTVÅGØY,189568029,0,112.0,Enebolig m/hybel/sokkelleil.,TB,Tatt i bruk,10101,10101,19800123,188.0,,,56494375.0,Skullbrusjyen,8302.0,7.0,,,8370.0,LEKNES
910845,1860,VESTVÅGØY,189568010,0,111.0,Enebolig,TB,Tatt i bruk,10101,10101,19490101,130.0,,,56494340.0,Skullbrusjyen,8302.0,45.0,,,8370.0,LEKNES
910846,1860,VESTVÅGØY,189568002,0,181.0,Garasjeuthus anneks til bolig,TB,Tatt i bruk,10101,10101,19490101,51.0,,,,,,,,,,
910847,1860,VESTVÅGØY,189567995,0,181.0,Garasjeuthus anneks til bolig,BR,Bygning revet/brent,10101,10101,10101,53.0,,,,,,,,,,
910848,1860,VESTVÅGØY,189567987,0,122.0,"Tomannsbolig, horisontaldelt",BF,Bygning flyttet,10101,10101,10101,200.0,,,56489366.0,Leknesveien,3056.0,201.0,,,8370.0,LEKNES
910849,1860,VESTVÅGØY,189567979,0,111.0,Enebolig,TB,Tatt i bruk,10101,10101,19670101,156.0,,,56489334.0,Leknesveien,3056.0,197.0,,,8370.0,LEKNES
910850,1860,VESTVÅGØY,189565909,0,111.0,Enebolig,TB,Tatt i bruk,10101,10101,10101,90.0,,,56494473.0,Voieveien,8311.0,77.0,,,8370.0,LEKNES
910851,1860,VESTVÅGØY,189567960,0,111.0,Enebolig,TB,Tatt i bruk,10101,10101,19590101,141.0,,,56489362.0,Leknesveien,3056.0,189.0,,,8370.0,LEKNES
910852,1860,VESTVÅGØY,189567952,0,181.0,Garasjeuthus anneks til bolig,TB,Tatt i bruk,10101,10101,10101,32.0,,,,,,,,,,
910853,1860,VESTVÅGØY,189568274,0,181.0,Garasjeuthus anneks til bolig,TB,Tatt i bruk,10101,10101,10101,18.0,,,,,,,,,,
910854,1860,VESTVÅGØY,189568266,0,111.0,Enebolig,TB,Tatt i bruk,10101,10101,10101,146.0,,,56495753.0,Mærvollveien,8009.0,243.0,,,8360.0,BØSTAD
910855,1860,VESTVÅGØY,189568258,0,111.0,Enebolig,TB,Tatt i bruk,10101,10101,10101,84.0,,,56492918.0,Mærvollveien,8009.0,235.0,,,8360.0,BØSTAD
910856,1860,VESTVÅGØY,189568231,0,111.0,Enebolig,TB,Tatt i bruk,10101,10101,10101,73.0,,,56492879.0,Mærvollveien,8009.0,238.0,,,8360.0,BØSTAD
910857,1860,VESTVÅGØY,189568223,0,181.0,Garasjeuthus anneks til bolig,TB,Tatt i bruk,10101,10101,10101,39.0,,,,,,,,,,
910858,1860,VESTVÅGØY,189568215,0,181.0,Garasjeuthus anneks til bolig,TB,Tatt i bruk,10101,10101,10101,12.0,,,,,,,,,,
910859,1860,VESTVÅGØY,189568207,0,163.0,Våningh. benyttes som fritidsb,TB,Tatt i bruk,10101,10101,10101,134.0,,,56492877.0,Mærvollveien,8009.0,231.0,,,8360.0,BØSTAD
910860,1860,VESTVÅGØY,189568193,0,183.0,Naust båthus sjøbu,TB,Tatt i bruk,10101,10101,19900101,15.0,,,,,,,,,,
910861,1860,VESTVÅGØY,189568185,0,161.0,Fritidsbygg(hyttersommerh. ol,TB,Tatt i bruk,10101,10101,10101,104.0,,,56492875.0,Mærvollveien,8009.0,229.0,,,8360.0,BØSTAD
910862,1860,VESTVÅGØY,189568177,0,161.0,Fritidsbygg(hyttersommerh. ol,BR,Bygning revet/brent,10101,10101,10101,0.0,,,56492919.0,Mærvollveien,8009.0,225.0,,,8360.0,BØSTAD
910863,1860,VESTVÅGØY,189568169,0,181.0,Garasjeuthus anneks til bolig,TB,Tatt i bruk,10101,10101,10101,26.0,,,,,,,,,,
910864,1860,VESTVÅGØY,189568150,0,161.0,Fritidsbygg(hyttersommerh. ol,TB,Tatt i bruk,10101,10101,10101,71.0,,,6403414460.0,Mærvollveien,8009.0,227.0,,,8360.0,BØSTAD
910865,1860,VESTVÅGØY,189568142,0,181.0,Garasjeuthus anneks til bolig,TB,Tatt i bruk,10101,10101,10101,33.0,,,,,,,,,,
910866,1860,VESTVÅGØY,189568134,0,111.0,Enebolig,TB,Tatt i bruk,10101,10101,10101,168.0,,,56492873.0,Mærvollveien,8009.0,205.0,,,8360.0,BØSTAD
910867,1860,VESTVÅGØY,189568126,0,181.0,Garasjeuthus anneks til bolig,BR,Bygning revet/brent,10101,10101,10101,0.0,,,,,,,,,,
910868,1860,VESTVÅGØY,189568118,0,112.0,Enebolig m/hybel/sokkelleil.,TB,Tatt i bruk,10101,10101,19801210,200.5,,,56489364.0,Leknesveien,3056.0,193.0,,,8370.0,LEKNES
910869,1860,VESTVÅGØY,189565763,0,619.0,Annen skolebygning,BR,Bygning revet/brent,10101,10101,10101,0.0,,,56489406.0,Leknesveien,3056.0,413.0,,,8370.0,LEKNES
910870,1860,VESTVÅGØY,189565755,0,181.0,Garasjeuthus anneks til bolig,BR,Bygning revet/brent,10101,10101,10101,0.0,,,,,,,,,,
910871,1860,VESTVÅGØY,189565747,1,111.0,Enebolig,TB,Tatt i bruk,10101,10101,10101,60.0,,,,,,,,,,
910872,1860,VESTVÅGØY,189565747,0,111.0,Enebolig,TB,Tatt i bruk,10101,10101,10101,201.0,,,56489397.0,Leknesveien,3056.0,515.0,,,8370.0,LEKNES
910873,1860,VESTVÅGØY,189565739,0,241.0,Hus for dyr/landbr.lager/silo,TB,Tatt i bruk,10101,10101,10101,324.0,,,,,,,,,,
910874,1860,VESTVÅGØY,189565720,0,241.0,Hus for dyr/landbr.lager/silo,TB,Tatt i bruk,10101,10101,10101,285.0,,,,,,,,,,
910875,1860,VESTVÅGØY,189565712,0,111.0,Enebolig,TB,Tatt i bruk,10101,10101,10101,234.0,,,56489396.0,Leknesveien,3056.0,513.0,,,8370.0,LEKNES
910876,1860,VESTVÅGØY,189565704,0,111.0,Enebolig,TB,Tatt i bruk,10101,10101,10101,118.0,,,56494487.0,Søljeveien,8314.0,1.0,,,8370.0,LEKNES
910877,1860,VESTVÅGØY,189565690,0,673.0,Kremat. gravkapell bårehus,TB,Tatt i bruk,10101,10101,10101,16.0,,,56497686.0,Leknesveien,3056.0,630.0,,,8370.0,LEKNES
910878,1860,VESTVÅGØY,189565682,0,241.0,Hus for dyr/landbr.lager/silo,TB,Tatt i bruk,10101,10101,10101,26.0,,,,,,,,,,
910879,1860,VESTVÅGØY,189565674,0,181.0,Garasjeuthus anneks til bolig,TB,Tatt i bruk,10101,10101,10101,45.0,,,,,,,,,,
910880,1860,VESTVÅGØY,189565666,0,111.0,Enebolig,TB,Tatt i bruk,10101,10101,10101,122.0,,,56489399.0,Leknesveien,3056.0,627.0,,,8370.0,LEKNES
910881,1860,VESTVÅGØY,189565658,0,111.0,Enebolig,TB,Tatt i bruk,10101,10101,10101,115.0,,,56489431.0,Leknesveien,3056.0,635.0,,,8370.0,LEKNES
910882,1860,VESTVÅGØY,189565631,0,111.0,Enebolig,TB,Tatt i bruk,10101,10101,19640101,170.0,,,56494410.0,Rise,8306.0,4.0,,,8370.0,LEKNES
910883,1860,VESTVÅGØY,189565623,0,181.0,Garasjeuthus anneks til bolig,TB,Tatt i bruk,10101,10101,19310101,116.0,,,,,,,,,,
910884,1860,VESTVÅGØY,189565615,0,181.0,Garasjeuthus anneks til bolig,BR,Bygning revet/brent,10101,10101,10101,22.0,,,,,,,,,,
910885,1860,VESTVÅGØY,189565895,0,111.0,Enebolig,TB,Tatt i bruk,19680520,19680620,19690505,176.0,,,56494960.0,Voieveien,8311.0,60.0,,,8370.0,LEKNES
910886,1860,VESTVÅGØY,189567944,0,181.0,Garasjeuthus anneks til bolig,TB,Tatt i bruk,10101,10101,19680101,74.0,,,,,,,,,,
910887,1860,VESTVÅGØY,189567936,0,113.0,Våningshus,TB,Tatt i bruk,10101,10101,10101,158.0,,,56489361.0,Leknesveien,3056.0,186.0,,,8370.0,LEKNES
910888,1860,VESTVÅGØY,189565887,1,111.0,Enebolig,TB,Tatt i bruk,19971021,19971121,19991010,39.0,,,,,,,,,,
910889,1860,VESTVÅGØY,189567928,1,111.0,Enebolig,TB,Tatt i bruk,10101,10101,19980101,17.0,,,,,,,,,,
910890,1860,VESTVÅGØY,189565887,0,111.0,Enebolig,TB,Tatt i bruk,10101,10101,10101,163.0,,,56494463.0,Voieveien,8311.0,59.0,,,8370.0,LEKNES
910891,1860,VESTVÅGØY,189567928,0,111.0,Enebolig,TB,Tatt i bruk,10101,10101,19600101,134.0,,,56489360.0,Leknesveien,3056.0,181.0,,,8370.0,LEKNES
910892,1860,VESTVÅGØY,189565879,0,111.0,Enebolig,TB,Tatt i bruk,10101,10101,10101,138.0,,,56494462.0,Voieveien,8311.0,53.0,,,8370.0,LEKNES
910893,1860,VESTVÅGØY,189567901,0,111.0,Enebolig,TB,Tatt i bruk,10101,10101,10101,134.0,,,56489359.0,Leknesveien,3056.0,177.0,,,8370.0,LEKNES
910894,1860,VESTVÅGØY,189567898,0,111.0,Enebolig,TB,Tatt i bruk,10101,10101,19480101,194.0,,,56489358.0,Leknesveien,3056.0,175.0,,,8370.0,LEKNES
910895,1860,VESTVÅGØY,189565860,1,161.0,Fritidsbygg(hyttersommerh. ol,TB,Tatt i bruk,20050518,20050601,20060701,14.0,,,,,,,,,,
910896,1860,VESTVÅGØY,189565860,0,161.0,Fritidsbygg(hyttersommerh. ol,TB,Tatt i bruk,19730806,19730906,19740801,46.0,,,56497033.0,Voieveien,8311.0,75.0,,,8370.0,LEKNES
910897,1860,VESTVÅGØY,189565852,0,181.0,Garasjeuthus anneks til bolig,TB,Tatt i bruk,10101,10101,10101,93.0,,,,,,,,,,
910898,1860,VESTVÅGØY,189565844,0,249.0,Annen landbruksbygning,TB,Tatt i bruk,19901115,19901215,19920130,140.0,,,,,,,,,,
910899,1860,VESTVÅGØY,189565836,0,249.0,Annen landbruksbygning,TB,Tatt i bruk,10101,10101,10101,40.0,,,,,,,,,,
910900,1860,VESTVÅGØY,189565801,0,111.0,Enebolig,TB,Tatt i bruk,10101,10101,10101,128.0,,,56497650.0,Voieveien,8311.0,186.0,,,8370.0,LEKNES
910901,1860,VESTVÅGØY,189565798,1,241.0,Hus for dyr/landbr.lager/silo,TB,Tatt i bruk,10101,10101,10101,55.0,,,,,,,,,,
910902,1860,VESTVÅGØY,189565798,0,241.0,Hus for dyr/landbr.lager/silo,TB,Tatt i bruk,10101,10101,10101,136.0,,,,,,,,,,
910903,1860,VESTVÅGØY,189570902,0,163.0,Våningh. benyttes som fritidsb,TB,Tatt i bruk,10101,10101,10101,75.0,,,56492900.0,Unstadveien,8010.0,128.0,,,8360.0,BØSTAD
910904,1860,VESTVÅGØY,189570899,0,111.0,Enebolig,TB,Tatt i bruk,10101,10101,10101,128.0,,,56492917.0,Unstadveien,8010.0,120.0,,,8360.0,BØSTAD
910905,1860,VESTVÅGØY,189570880,0,111.0,Enebolig,TB,Tatt i bruk,10101,10101,10101,157.0,,,56492895.0,Unstadveien,8010.0,112.0,,,8360.0,BØSTAD
910906,1860,VESTVÅGØY,189570872,0,241.0,Hus for dyr/landbr.lager/silo,TB,Tatt i bruk,10101,10101,10101,75.0,,,,,,,,,,
910907,1860,VESTVÅGØY,189570864,0,181.0,Garasjeuthus anneks til bolig,BU,Bygningsnummer utgått,10101,10101,10101,0.0,,,,,,,,,,
910908,1860,VESTVÅGØY,189570856,0,181.0,Garasjeuthus anneks til bolig,TB,Tatt i bruk,10101,10101,10101,125.0,,,,,,,,,,
910909,1860,VESTVÅGØY,189570848,0,111.0,Enebolig,TB,Tatt i bruk,10101,10101,10101,85.0,,,56492890.0,Unstadveien,8010.0,102.0,,,8360.0,BØSTAD
910910,1860,VESTVÅGØY,189570821,0,161.0,Fritidsbygg(hyttersommerh. ol,TB,Tatt i bruk,10101,10101,10101,59.0,,,56492914.0,Unstadveien,8010.0,99.0,,,8360.0,BØSTAD
910911,1860,VESTVÅGØY,189570813,0,181.0,Garasjeuthus anneks til bolig,BR,Bygning revet/brent,10101,10101,10101,21.0,,,,,,,,,,
910912,1860,VESTVÅGØY,189570805,0,181.0,Garasjeuthus anneks til bolig,TB,Tatt i bruk,10101,10101,10101,100.0,,,,,,,,,,
910913,1860,VESTVÅGØY,189570791,0,241.0,Hus for dyr/landbr.lager/silo,TB,Tatt i bruk,10101,10101,10101,129.0,,,,,,,,,,
910914,1860,VESTVÅGØY,189570783,0,162.0,Helårsb.benyttes som fritidsb.,TB,Tatt i bruk,10101,10101,10101,173.0,,,56492889.0,Unstadveien,8010.0,98.0,,,8360.0,BØSTAD
910915,1860,VESTVÅGØY,189570775,0,111.0,Enebolig,TB,Tatt i bruk,10101,10101,10101,140.0,,,56492888.0,Unstadveien,8010.0,96.0,,,8360.0,BØSTAD
910916,1860,VESTVÅGØY,189570767,0,241.0,Hus for dyr/landbr.lager/silo,TB,Tatt i bruk,10101,10101,10101,182.0,,,,,,,,,,
910917,1860,VESTVÅGØY,189570759,0,241.0,Hus for dyr/landbr.lager/silo,TB,Tatt i bruk,10101,10101,10101,136.0,,,,,,,,,,
910918,1860,VESTVÅGØY,189570740,0,163.0,Våningh. benyttes som fritidsb,TB,Tatt i bruk,10101,10101,10101,107.0,,,56492886.0,Unstadveien,8010.0,82.0,,,8360.0,BØSTAD
910919,1860,VESTVÅGØY,189571003,0,181.0,Garasjeuthus anneks til bolig,TB,Tatt i bruk,10101,10101,10101,55.0,,,,,,,,,,
910920,1860,VESTVÅGØY,189570996,0,161.0,Fritidsbygg(hyttersommerh. ol,TB,Tatt i bruk,10101,10101,10101,77.0,,,56493045.0,Unstadsjøveien,8013.0,46.0,,,8360.0,BØSTAD
910921,1860,VESTVÅGØY,189570988,0,111.0,Enebolig,TB,Tatt i bruk,10101,10101,10101,154.0,,,56493044.0,Unstadsjøveien,8013.0,41.0,,,8360.0,BØSTAD
910922,1860,VESTVÅGØY,189570961,0,181.0,Garasjeuthus anneks til bolig,TB,Tatt i bruk,10101,10101,10101,100.0,,,,,,,,,,
910923,1860,VESTVÅGØY,189570953,0,181.0,Garasjeuthus anneks til bolig,TB,Tatt i bruk,10101,10101,10101,45.0,,,,,,,,,,
910924,1860,VESTVÅGØY,189570945,0,181.0,Garasjeuthus anneks til bolig,TB,Tatt i bruk,10101,10101,19710101,57.0,,,,,,,,,,
910925,1860,VESTVÅGØY,189570937,0,111.0,Enebolig,TB,Tatt i bruk,10101,10101,10101,154.0,,,56496390.0,Unstadsjøveien,8013.0,39.0,,,8360.0,BØSTAD
910926,1860,VESTVÅGØY,189570929,0,163.0,Våningh. benyttes som fritidsb,TB,Tatt i bruk,10101,10101,10101,159.0,,,56496973.0,Unstadsjøveien,8013.0,35.0,,,8360.0,BØSTAD
910927,1860,VESTVÅGØY,189570910,0,111.0,Enebolig,TB,Tatt i bruk,10101,10101,10101,134.0,,,56493042.0,Unstadsjøveien,8013.0,33.0,,,8360.0,BØSTAD
910928,1860,VESTVÅGØY,189562160,1,111.0,Enebolig,TB,Tatt i bruk,20000823,20001001,20040801,25.0,,,56483964.0,Brattbergveien,1006.0,15.0,,,8372.0,GRAVDAL
910929,1860,VESTVÅGØY,189562160,0,111.0,Enebolig,TB,Tatt i bruk,10101,10101,19910816,329.0,,,56483964.0,Brattbergveien,1006.0,15.0,,,8372.0,GRAVDAL
910930,1860,VESTVÅGØY,189562152,0,112.0,Enebolig m/hybel/sokkelleil.,TB,Tatt i bruk,10101,10101,19720605,165.0,,,56483951.0,Gulløkveien,1005.0,7.0,,,8372.0,GRAVDAL
910931,1860,VESTVÅGØY,189562144,0,111.0,Enebolig,TB,Tatt i bruk,10101,10101,19720509,157.0,,,56483949.0,Gulløkveien,1005.0,5.0,,,8372.0,GRAVDAL
910932,1860,VESTVÅGØY,189562136,0,111.0,Enebolig,TB,Tatt i bruk,10101,10101,19740111,167.0,,,56483961.0,Brattbergveien,1006.0,12.0,,,8372.0,GRAVDAL
910933,1860,VESTVÅGØY,189562128,0,112.0,Enebolig m/hybel/sokkelleil.,TB,Tatt i bruk,10101,10101,19750101,306.8,,,56483963.0,Brattbergveien,1006.0,14.0,,,8372.0,GRAVDAL
910934,1860,VESTVÅGØY,189562101,0,111.0,Enebolig,TB,Tatt i bruk,10101,10101,19720601,166.0,,,56483965.0,Brattbergveien,1006.0,16.0,,,8372.0,GRAVDAL
910935,1860,VESTVÅGØY,189562098,0,181.0,Garasjeuthus anneks til bolig,TB,Tatt i bruk,10101,10101,19810101,31.0,,,,,,,,,,
910936,1860,VESTVÅGØY,189562071,0,181.0,Garasjeuthus anneks til bolig,TB,Tatt i bruk,10101,10101,10101,75.0,,,,,,,,,,
910937,1860,VESTVÅGØY,189562063,0,181.0,Garasjeuthus anneks til bolig,TB,Tatt i bruk,10101,10101,10101,24.0,,,,,,,,,,
910938,1860,VESTVÅGØY,189562055,0,112.0,Enebolig m/hybel/sokkelleil.,TB,Tatt i bruk,10101,10101,19720509,217.0,,,56483947.0,Gulløkveien,1005.0,3.0,,,8372.0,GRAVDAL
910939,1860,VESTVÅGØY,189562047,0,111.0,Enebolig,TB,Tatt i bruk,10101,10101,19761220,227.0,,,56483948.0,Gulløkveien,1005.0,4.0,,,8372.0,GRAVDAL
910940,1860,VESTVÅGØY,189562039,0,112.0,Enebolig m/hybel/sokkelleil.,TB,Tatt i bruk,10101,10101,19730507,223.0,,,56483928.0,Kløvsteinveien,1002.0,12.0,,,8372.0,GRAVDAL
910941,1860,VESTVÅGØY,189562020,0,181.0,Garasjeuthus anneks til bolig,TB,Tatt i bruk,10101,10101,19810101,28.0,,,,,,,,,,
910942,1860,VESTVÅGØY,189562012,0,181.0,Garasjeuthus anneks til bolig,TB,Tatt i bruk,10101,10101,19810101,30.0,,,,,,,,,,
910943,1860,VESTVÅGØY,189562381,0,181.0,Garasjeuthus anneks til bolig,TB,Tatt i bruk,10101,10101,10101,24.0,,,,,,,,,,
910944,1860,VESTVÅGØY,189565038,0,181.0,Garasjeuthus anneks til bolig,TB,Tatt i bruk,10101,10101,10101,60.0,,,,,,,,,,
910945,1860,VESTVÅGØY,189562373,0,181.0,Garasjeuthus anneks til bolig,TB,Tatt i bruk,10101,10101,10101,48.0,,,,,,,,,,
910946,1860,VESTVÅGØY,189565011,0,111.0,Enebolig,TB,Tatt i bruk,10101,10101,10101,206.0,,,56489415.0,Leknesveien,3056.0,462.0,,,8370.0,LEKNES
910947,1860,VESTVÅGØY,189562365,0,181.0,Garasjeuthus anneks til bolig,TB,Tatt i bruk,10101,10101,19480101,30.0,,,,,,,,,,
910948,1860,VESTVÅGØY,189565003,0,111.0,Enebolig,TB,Tatt i bruk,10101,10101,10101,136.0,,,56489414.0,Leknesveien,3056.0,458.0,,,8370.0,LEKNES
910949,1860,VESTVÅGØY,189562357,0,111.0,Enebolig,TB,Tatt i bruk,10101,10101,19520101,97.0,,,56484635.0,Haugsmyra,1035.0,77.0,,,8372.0,GRAVDAL
910950,1860,VESTVÅGØY,189564996,0,181.0,Garasjeuthus anneks til bolig,BR,Bygning revet/brent,10101,10101,10101,0.0,,,,,,,,,,
910951,1860,VESTVÅGØY,189562349,0,111.0,Enebolig,TB,Tatt i bruk,10101,10101,19700101,159.0,,,56484633.0,Haugsmyra,1035.0,71.0,,,8372.0,GRAVDAL
910952,1860,VESTVÅGØY,189564988,0,181.0,Garasjeuthus anneks til bolig,GR,Bygning godkjent for riving/brenning,10101,10101,10101,47.0,,,,,,,,,,
910953,1860,VESTVÅGØY,189562330,0,111.0,Enebolig,TB,Tatt i bruk,10101,10101,19500101,122.4,,,56484636.0,Haugsmyra,1035.0,81.0,,,8372.0,GRAVDAL
910954,1860,VESTVÅGØY,189564961,0,111.0,Enebolig,GR,Bygning godkjent for riving/brenning,10101,10101,10101,131.0,,,56489391.0,Leknesveien,3056.0,450.0,,,8370.0,LEKNES
910955,1860,VESTVÅGØY,189562322,0,111.0,Enebolig,TB,Tatt i bruk,10101,10101,19610101,125.0,,,56484637.0,Haugsmyra,1035.0,85.0,,,8372.0,GRAVDAL
910956,1860,VESTVÅGØY,189564953,0,181.0,Garasjeuthus anneks til bolig,TB,Tatt i bruk,10101,10101,10101,73.0,,,,,,,,,,
910957,1860,VESTVÅGØY,189562314,0,111.0,Enebolig,TB,Tatt i bruk,10101,10101,19300101,174.0,,,56484638.0,Haugsmyra,1035.0,87.0,,,8372.0,GRAVDAL
910958,1860,VESTVÅGØY,189564945,0,241.0,Hus for dyr/landbr.lager/silo,TB,Tatt i bruk,10101,10101,10101,178.0,,,,,,,,,,
910959,1860,VESTVÅGØY,189562306,0,181.0,Garasjeuthus anneks til bolig,TB,Tatt i bruk,10101,10101,10101,30.0,,,,,,,,,,
910960,1860,VESTVÅGØY,189564937,0,111.0,Enebolig,TB,Tatt i bruk,10101,10101,19830323,173.0,,,56489395.0,Leknesveien,3056.0,496.0,,,8370.0,LEKNES
910961,1860,VESTVÅGØY,189562292,0,111.0,Enebolig,TB,Tatt i bruk,10101,10101,19730105,175.0,,,56483954.0,Gulløkveien,1005.0,10.0,,,8372.0,GRAVDAL
910962,1860,VESTVÅGØY,189564929,0,111.0,Enebolig,TB,Tatt i bruk,10101,10101,10101,81.0,,,56489394.0,Leknesveien,3056.0,494.0,,,8370.0,LEKNES
910963,1860,VESTVÅGØY,189562284,0,121.0,"Tomannsbolig, vertikaldelt",TB,Tatt i bruk,10101,10101,19880624,108.0,,,56483968.0,Legdaveien,1007.0,3.0,,,8372.0,GRAVDAL
910964,1860,VESTVÅGØY,189564910,0,181.0,Garasjeuthus anneks til bolig,BR,Bygning revet/brent,10101,10101,10101,0.0,,,,,,,,,,
910965,1860,VESTVÅGØY,189562276,0,111.0,Enebolig,TB,Tatt i bruk,10101,10101,19730725,114.0,,,56483937.0,Falksteinveien,1003.0,16.0,,,8372.0,GRAVDAL
910966,1860,VESTVÅGØY,189564902,0,181.0,Garasjeuthus anneks til bolig,BR,Bygning revet/brent,10101,10101,10101,33.0,,,,,,,,,,
910967,1860,VESTVÅGØY,189562241,0,111.0,Enebolig,TB,Tatt i bruk,10101,10101,19760113,172.0,,,56483936.0,Falksteinveien,1003.0,14.0,,,8372.0,GRAVDAL
910968,1860,VESTVÅGØY,189562209,0,111.0,Enebolig,TB,Tatt i bruk,10101,10101,19830727,223.0,,,56483933.0,Falksteinveien,1003.0,8.0,,,8372.0,GRAVDAL
910969,1860,VESTVÅGØY,189562195,0,111.0,Enebolig,TB,Tatt i bruk,10101,10101,19831111,189.0,,,56483946.0,Svingveien,1004.0,13.0,,,8372.0,GRAVDAL
910970,1860,VESTVÅGØY,189562187,0,112.0,Enebolig m/hybel/sokkelleil.,TB,Tatt i bruk,10101,10101,19741015,214.0,,,56483938.0,Falksteinveien,1003.0,18.0,,,8372.0,GRAVDAL
910971,1860,VESTVÅGØY,189561806,0,181.0,Garasjeuthus anneks til bolig,TB,Tatt i bruk,10101,10101,19880107,29.0,,,,,,,,,,
910972,1860,VESTVÅGØY,189561792,0,181.0,Garasjeuthus anneks til bolig,TB,Tatt i bruk,10101,10101,19800101,35.0,,,,,,,,,,
910973,1860,VESTVÅGØY,189561784,0,181.0,Garasjeuthus anneks til bolig,TB,Tatt i bruk,19880101,19880101,19880111,29.0,,,,,,,,,,
910974,1860,VESTVÅGØY,189561776,0,111.0,Enebolig,TB,Tatt i bruk,10101,10101,19510101,100.0,,,56484629.0,Haugsmyra,1035.0,63.0,,,8372.0,GRAVDAL
910975,1860,VESTVÅGØY,189561768,0,111.0,Enebolig,TB,Tatt i bruk,10101,10101,19691201,123.0,,,56484626.0,Haugsmyra,1035.0,58.0,,,8372.0,GRAVDAL
910976,1860,VESTVÅGØY,189561741,1,111.0,Enebolig,TB,Tatt i bruk,19960115,19960502,19961001,44.0,,,56484627.0,Haugsmyra,1035.0,59.0,,,8372.0,GRAVDAL
910977,1860,VESTVÅGØY,189561741,0,111.0,Enebolig,TB,Tatt i bruk,10101,10101,10101,155.0,,,56484627.0,Haugsmyra,1035.0,59.0,,,8372.0,GRAVDAL
910978,1860,VESTVÅGØY,189561733,0,111.0,Enebolig,TB,Tatt i bruk,10101,10101,19690101,145.0,,,56484624.0,Haugsmyra,1035.0,55.0,,,8372.0,GRAVDAL
910979,1860,VESTVÅGØY,189561725,0,111.0,Enebolig,TB,Tatt i bruk,10101,10101,19670101,153.0,,,56484622.0,Haugsmyra,1035.0,53.0,,,8372.0,GRAVDAL
910980,1860,VESTVÅGØY,189561717,0,111.0,Enebolig,TB,Tatt i bruk,10101,10101,10101,142.0,,,56495052.0,Haugsmyra,1035.0,43.0,,,8372.0,GRAVDAL
910981,1860,VESTVÅGØY,189561695,0,111.0,Enebolig,TB,Tatt i bruk,10101,10101,19691119,130.0,,,56488032.0,Haugsongelen,1050.0,6.0,,,8372.0,GRAVDAL
910982,1860,VESTVÅGØY,189561687,0,181.0,Garasjeuthus anneks til bolig,TB,Tatt i bruk,10101,10101,10101,20.0,,,,,,,,,,
910983,1860,VESTVÅGØY,189561679,0,181.0,Garasjeuthus anneks til bolig,TB,Tatt i bruk,10101,10101,10101,38.0,,,,,,,,,,
910984,1860,VESTVÅGØY,189562004,0,112.0,Enebolig m/hybel/sokkelleil.,TB,Tatt i bruk,10101,10101,19710101,191.0,,,56483950.0,Gulløkveien,1005.0,6.0,,,8372.0,GRAVDAL
910985,1860,VESTVÅGØY,189561997,0,112.0,Enebolig m/hybel/sokkelleil.,TB,Tatt i bruk,10101,10101,19720509,170.0,,,56483952.0,Gulløkveien,1005.0,8.0,,,8372.0,GRAVDAL
910986,1860,VESTVÅGØY,189561989,0,111.0,Enebolig,TB,Tatt i bruk,10101,10101,19741022,161.0,,,56483935.0,Falksteinveien,1003.0,12.0,,,8372.0,GRAVDAL
910987,1860,VESTVÅGØY,189561970,0,111.0,Enebolig,TB,Tatt i bruk,10101,10101,19731219,188.0,,,56483934.0,Falksteinveien,1003.0,10.0,,,8372.0,GRAVDAL
910988,1860,VESTVÅGØY,189561962,0,111.0,Enebolig,TB,Tatt i bruk,10101,10101,19831228,228.0,,,56483930.0,Falksteinveien,1003.0,4.0,,,8372.0,GRAVDAL
910989,1860,VESTVÅGØY,189561954,0,111.0,Enebolig,TB,Tatt i bruk,10101,10101,19740101,221.0,,,56483931.0,Falksteinveien,1003.0,5.0,,,8372.0,GRAVDAL
910990,1860,VESTVÅGØY,189561938,0,111.0,Enebolig,TB,Tatt i bruk,10101,10101,19681217,171.0,,,56484625.0,Haugsmyra,1035.0,56.0,,,8372.0,GRAVDAL
910991,1860,VESTVÅGØY,189561911,0,111.0,Enebolig,TB,Tatt i bruk,10101,10101,19720802,152.0,,,56484623.0,Haugsmyra,1035.0,54.0,,,8372.0,GRAVDAL
910992,1860,VESTVÅGØY,189561903,0,131.0,Rekkehus,TB,Tatt i bruk,10101,10101,19821222,146.0,,,56497174.0,Haugsmyra,1035.0,52.0,A,,8372.0,GRAVDAL
910993,1860,VESTVÅGØY,189561881,0,112.0,Enebolig m/hybel/sokkelleil.,TB,Tatt i bruk,10101,10101,19701022,267.0,,,56497173.0,Haugsmyra,1035.0,50.0,,,8372.0,GRAVDAL
910994,1860,VESTVÅGØY,189561873,0,111.0,Enebolig,TB,Tatt i bruk,10101,10101,10101,225.0,,,56483926.0,Kløvsteinveien,1002.0,9.0,,,8372.0,GRAVDAL
910995,1860,VESTVÅGØY,189561857,0,181.0,Garasjeuthus anneks til bolig,TB,Tatt i bruk,10101,10101,19860101,30.0,,,,,,,,,,
910996,1860,VESTVÅGØY,189561849,0,111.0,Enebolig,TB,Tatt i bruk,10101,10101,19830324,245.0,,,56483940.0,Svingveien,1004.0,2.0,,,8372.0,GRAVDAL
910997,1860,VESTVÅGØY,189561830,0,111.0,Enebolig,TB,Tatt i bruk,10101,10101,19820315,227.0,,,56483924.0,Kløvsteinveien,1002.0,6.0,,,8372.0,GRAVDAL
910998,1860,VESTVÅGØY,189561822,0,111.0,Enebolig,TB,Tatt i bruk,10101,10101,19810526,186.0,,,56483923.0,Kløvsteinveien,1002.0,5.0,,,8372.0,GRAVDAL
910999,1860,VESTVÅGØY,189561814,0,111.0,Enebolig,TB,Tatt i bruk,10101,10101,19820220,190.0,,,56483925.0,Kløvsteinveien,1002.0,8.0,,,8372.0,GRAVDAL
911000,1860,VESTVÅGØY,189573480,1,111.0,Enebolig,TB,Tatt i bruk,19900117,19960217,19980721,15.0,,,56491645.0,Ureveien,6010.0,17.0,,,8352.0,SENNESVIK
911001,1860,VESTVÅGØY,189573480,0,111.0,Enebolig,TB,Tatt i bruk,10101,10101,19600101,148.0,,,56491645.0,Ureveien,6010.0,17.0,,,8352.0,SENNESVIK
911002,1860,VESTVÅGØY,189573472,0,111.0,Enebolig,TB,Tatt i bruk,10101,10101,10101,132.0,,,56491666.0,Ureveien,6010.0,33.0,,,8352.0,SENNESVIK
911003,1860,VESTVÅGØY,189573464,0,241.0,Hus for dyr/landbr.lager/silo,TB,Tatt i bruk,10101,10101,10101,115.0,,,,,,,,,,
911004,1860,VESTVÅGØY,189573456,0,181.0,Garasjeuthus anneks til bolig,TB,Tatt i bruk,10101,10101,10101,88.0,,,,,,,,,,
911005,1860,VESTVÅGØY,189573448,0,662.0,Samfunnshus grendehus,TB,Tatt i bruk,10101,10101,10101,927.0,,,56491663.0,Ureveien,6010.0,31.0,,,8352.0,SENNESVIK
911006,1860,VESTVÅGØY,189573421,0,111.0,Enebolig,TB,Tatt i bruk,10101,10101,10101,211.0,,,56491648.0,Ureveien,6010.0,20.0,,,8352.0,SENNESVIK
911007,1860,VESTVÅGØY,189573413,0,662.0,Samfunnshus grendehus,TB,Tatt i bruk,19750304,19750404,19820823,263.0,,,56491657.0,Ureveien,6010.0,22.0,,,8352.0,SENNESVIK
911008,1860,VESTVÅGØY,189573405,0,111.0,Enebolig,TB,Tatt i bruk,10101,10101,10101,181.0,,,56491650.0,Ureveien,6010.0,24.0,,,8352.0,SENNESVIK
911009,1860,VESTVÅGØY,189573391,0,181.0,Garasjeuthus anneks til bolig,TB,Tatt i bruk,10101,10101,10101,24.0,,,,,,,,,,
911010,1860,VESTVÅGØY,189573383,0,111.0,Enebolig,TB,Tatt i bruk,10101,10101,10101,71.0,,,56491653.0,Ureveien,6010.0,26.0,,,8352.0,SENNESVIK
911011,1860,VESTVÅGØY,189573375,0,111.0,Enebolig,TB,Tatt i bruk,10101,10101,10101,191.0,,,56490921.0,Einangen,6003.0,240.0,,,8352.0,SENNESVIK
911012,1860,VESTVÅGØY,189573367,0,181.0,Garasjeuthus anneks til bolig,TB,Tatt i bruk,10101,10101,10101,39.0,,,,,,,,,,
911013,1860,VESTVÅGØY,189573359,0,181.0,Garasjeuthus anneks til bolig,TB,Tatt i bruk,10101,10101,10101,14.0,,,,,,,,,,
911014,1860,VESTVÅGØY,189573340,0,181.0,Garasjeuthus anneks til bolig,TB,Tatt i bruk,10101,10101,19590101,26.0,,,,,,,,,,
911015,1860,VESTVÅGØY,189573642,0,181.0,Garasjeuthus anneks til bolig,TB,Tatt i bruk,10101,10101,10101,82.0,,,,,,,,,,
911016,1860,VESTVÅGØY,189573634,0,181.0,Garasjeuthus anneks til bolig,TB,Tatt i bruk,10101,10101,10101,77.0,,,,,,,,,,
911017,1860,VESTVÅGØY,189573626,0,111.0,Enebolig,TB,Tatt i bruk,10101,10101,10101,102.0,,,56490923.0,Einangen,6003.0,251.0,,,8352.0,SENNESVIK
911018,1860,VESTVÅGØY,189573618,0,111.0,Enebolig,TB,Tatt i bruk,10101,10101,10101,194.0,,,56491640.0,Ureveien,6010.0,4.0,,,8352.0,SENNESVIK
911019,1860,VESTVÅGØY,189573596,0,111.0,Enebolig,TB,Tatt i bruk,10101,10101,10101,150.0,,,56490929.0,Einangen,6003.0,275.0,,,8352.0,SENNESVIK
911020,1860,VESTVÅGØY,189573588,0,181.0,Garasjeuthus anneks til bolig,TB,Tatt i bruk,10101,10101,10101,28.0,,,,,,,,,,
911021,1860,VESTVÅGØY,189573561,0,181.0,Garasjeuthus anneks til bolig,TB,Tatt i bruk,10101,10101,10101,69.0,,,,,,,,,,
911022,1860,VESTVÅGØY,189573553,0,241.0,Hus for dyr/landbr.lager/silo,TB,Tatt i bruk,10101,10101,10101,72.0,,,,,,,,,,
911023,1860,VESTVÅGØY,189573545,0,111.0,Enebolig,TB,Tatt i bruk,10101,10101,10101,210.0,,,56490926.0,Einangen,6003.0,255.0,,,8352.0,SENNESVIK
911024,1860,VESTVÅGØY,189573537,0,111.0,Enebolig,TB,Tatt i bruk,10101,10101,10101,134.0,,,56490925.0,Einangen,6003.0,253.0,,,8352.0,SENNESVIK
911025,1860,VESTVÅGØY,189573529,0,111.0,Enebolig,TB,Tatt i bruk,10101,10101,10101,145.0,,,56491643.0,Ureveien,6010.0,9.0,,,8352.0,SENNESVIK
911026,1860,VESTVÅGØY,189573510,0,181.0,Garasjeuthus anneks til bolig,TB,Tatt i bruk,19880101,19880201,19920511,64.0,,,,,,,,,,
911027,1860,VESTVÅGØY,189573502,0,181.0,Garasjeuthus anneks til bolig,TB,Tatt i bruk,10101,10101,10101,71.0,,,,,,,,,,
911028,1860,VESTVÅGØY,189573499,0,111.0,Enebolig,TB,Tatt i bruk,10101,10101,19550101,192.0,,,56490927.0,Einangen,6003.0,257.0,,,8352.0,SENNESVIK
911029,1860,VESTVÅGØY,189573189,0,111.0,Enebolig,TB,Tatt i bruk,10101,10101,19801219,163.0,,,56492212.0,Ureveien,6010.0,59.0,,,8352.0,SENNESVIK
911030,1860,VESTVÅGØY,189573170,0,111.0,Enebolig,TB,Tatt i bruk,19810730,19810830,19830328,184.0,,,56492216.0,Ureveien,6010.0,63.0,,,8352.0,SENNESVIK
911031,1860,VESTVÅGØY,189573332,0,162.0,Helårsb.benyttes som fritidsb.,TB,Tatt i bruk,10101,10101,19490101,154.0,,,56491658.0,Ureveien,6010.0,28.0,,,8352.0,SENNESVIK
911032,1860,VESTVÅGØY,189573324,0,161.0,Fritidsbygg(hyttersommerh. ol,TB,Tatt i bruk,10101,10101,10101,47.0,,,56483905.0,,,,,0.0,8352.0,SENNESVIK
911033,1860,VESTVÅGØY,189573316,0,161.0,Fritidsbygg(hyttersommerh. ol,TB,Tatt i bruk,10101,10101,10101,130.0,,,56494989.0,,,,,0.0,8352.0,SENNESVIK
911034,1860,VESTVÅGØY,189573308,0,241.0,Hus for dyr/landbr.lager/silo,TB,Tatt i bruk,10101,10101,10101,151.0,,,,,,,,,,
911035,1860,VESTVÅGØY,189573294,0,181.0,Garasjeuthus anneks til bolig,TB,Tatt i bruk,10101,10101,10101,14.0,,,,,,,,,,
911036,1860,VESTVÅGØY,189573286,0,181.0,Garasjeuthus anneks til bolig,TB,Tatt i bruk,10101,10101,10101,19.0,,,,,,,,,,
911037,1860,VESTVÅGØY,189573278,0,111.0,Enebolig,TB,Tatt i bruk,10101,10101,10101,147.0,,,56491667.0,Ureveien,6010.0,35.0,,,8352.0,SENNESVIK
911038,1860,VESTVÅGØY,189573251,0,111.0,Enebolig,TB,Tatt i bruk,10101,10101,10101,174.0,,,56497143.0,Ureveien,6010.0,37.0,,,8352.0,SENNESVIK
911039,1860,VESTVÅGØY,189573243,0,111.0,Enebolig,TB,Tatt i bruk,10101,10101,10101,76.0,,,56491671.0,Ureveien,6010.0,41.0,,,8352.0,SENNESVIK
911040,1860,VESTVÅGØY,189573235,0,241.0,Hus for dyr/landbr.lager/silo,TB,Tatt i bruk,10101,10101,10101,117.0,,,,,,,,,,
911041,1860,VESTVÅGØY,189573227,1,241.0,Hus for dyr/landbr.lager/silo,TB,Tatt i bruk,19990315,19991015,20020120,330.0,,,,,,,,,,
911042,1860,VESTVÅGØY,189573227,0,241.0,Hus for dyr/landbr.lager/silo,TB,Tatt i bruk,10101,10101,10101,283.0,,,,,,,,,,
911043,1860,VESTVÅGØY,189573219,0,111.0,Enebolig,TB,Tatt i bruk,10101,10101,19900101,251.0,,,56491673.0,Ureveien,6010.0,43.0,,,8352.0,SENNESVIK
911044,1860,VESTVÅGØY,189573200,0,111.0,Enebolig,BR,Bygning revet/brent,10101,10101,10101,0.0,,,,,,,,,,
911045,1860,VESTVÅGØY,189573197,0,181.0,Garasjeuthus anneks til bolig,TB,Tatt i bruk,10101,10101,10101,125.0,,,,,,,,,,
911046,1860,VESTVÅGØY,189579500,0,181.0,Garasjeuthus anneks til bolig,TB,Tatt i bruk,10101,10101,10101,38.0,,,,,,,,,,
911047,1860,VESTVÅGØY,189582285,0,111.0,Enebolig,TB,Tatt i bruk,10101,10101,19771123,97.0,,,56489978.0,Frøyveien,5004.0,14.0,,,8360.0,BØSTAD
911048,1860,VESTVÅGØY,189579497,0,181.0,Garasjeuthus anneks til bolig,TB,Tatt i bruk,10101,10101,10101,82.0,,,,,,,,,,
911049,1860,VESTVÅGØY,189582277,0,111.0,Enebolig,TB,Tatt i bruk,10101,10101,19790608,201.0,,,56489976.0,Frøyveien,5004.0,12.0,,,8360.0,BØSTAD
911050,1860,VESTVÅGØY,189579489,0,241.0,Hus for dyr/landbr.lager/silo,TB,Tatt i bruk,10101,10101,10101,259.0,,,,,,,,,,
911051,1860,VESTVÅGØY,189582269,0,111.0,Enebolig,TB,Tatt i bruk,10101,10101,19780101,140.0,,,56489960.0,Høvdingveien,5002.0,45.0,,,8360.0,BØSTAD
911052,1860,VESTVÅGØY,189579470,0,241.0,Hus for dyr/landbr.lager/silo,TB,Tatt i bruk,10101,10101,10101,597.0,,,,,,,,,,
911053,1860,VESTVÅGØY,189582250,0,111.0,Enebolig,TB,Tatt i bruk,10101,10101,19800609,203.0,,,56489969.0,Brynjeveien,5003.0,23.0,,,8360.0,BØSTAD
911054,1860,VESTVÅGØY,189582234,1,111.0,Enebolig,TB,Tatt i bruk,10101,10101,19871210,24.0,,,,,,,,,,
911055,1860,VESTVÅGØY,189579462,1,111.0,Enebolig,TB,Tatt i bruk,19851028,19851101,19920325,31.0,,,,,,,,,,
911056,1860,VESTVÅGØY,189582234,0,111.0,Enebolig,TB,Tatt i bruk,10101,10101,19800807,242.0,,,56495105.0,Høvdingveien,5002.0,23.0,,,8360.0,BØSTAD
911057,1860,VESTVÅGØY,189579462,0,111.0,Enebolig,TB,Tatt i bruk,10101,10101,10101,197.0,,,56489401.0,Leknesveien,3056.0,658.0,,,8370.0,LEKNES
911058,1860,VESTVÅGØY,189582226,0,111.0,Enebolig,TB,Tatt i bruk,10101,10101,10101,155.0,,,56489957.0,Høvdingveien,5002.0,6.0,,,8360.0,BØSTAD
911059,1860,VESTVÅGØY,189579454,0,122.0,"Tomannsbolig, horisontaldelt",TB,Tatt i bruk,10101,10101,10101,207.0,,,56489434.0,Leknesveien,3056.0,660.0,,,8370.0,LEKNES
911060,1860,VESTVÅGØY,189582218,0,111.0,Enebolig,TB,Tatt i bruk,10101,10101,19730101,251.0,,,56489964.0,Brynjeveien,5003.0,5.0,,,8360.0,BØSTAD
911061,1860,VESTVÅGØY,189579446,0,181.0,Garasjeuthus anneks til bolig,TB,Tatt i bruk,10101,10101,10101,18.0,,,,,,,,,,
911062,1860,VESTVÅGØY,189582196,0,112.0,Enebolig m/hybel/sokkelleil.,TB,Tatt i bruk,10101,10101,19750506,181.0,,,56489975.0,Frøyveien,5004.0,11.0,,,8360.0,BØSTAD
911063,1860,VESTVÅGØY,189579438,0,181.0,Garasjeuthus anneks til bolig,TB,Tatt i bruk,10101,10101,10101,95.0,,,,,,,,,,
911064,1860,VESTVÅGØY,189582188,0,612.0,Barnehage,TB,Tatt i bruk,10101,10101,10101,142.0,,,56495107.0,Høvdingveien,5002.0,27.0,,,8360.0,BØSTAD
911065,1860,VESTVÅGØY,189579411,0,181.0,Garasjeuthus anneks til bolig,TB,Tatt i bruk,10101,10101,10101,30.0,,,,,,,,,,
911066,1860,VESTVÅGØY,189582161,0,131.0,Rekkehus,TB,Tatt i bruk,10101,10101,19800101,357.0,,,56489985.0,Høvdingveien,5002.0,38.0,,,8360.0,BØSTAD
911067,1860,VESTVÅGØY,189579403,0,113.0,Våningshus,TB,Tatt i bruk,10101,10101,10101,141.0,,,56493002.0,Skjerpveien,8003.0,184.0,,,8360.0,BØSTAD
911068,1860,VESTVÅGØY,189582153,0,121.0,"Tomannsbolig, vertikaldelt",TB,Tatt i bruk,10101,10101,19680101,98.0,,,56489967.0,Brynjeveien,5003.0,14.0,,,8360.0,BØSTAD
911069,1860,VESTVÅGØY,189579381,0,161.0,Fritidsbygg(hyttersommerh. ol,TB,Tatt i bruk,10101,10101,19170101,77.0,,,56493004.0,Skjerpveien,8003.0,202.0,,,8360.0,BØSTAD
911070,1860,VESTVÅGØY,189582145,0,121.0,"Tomannsbolig, vertikaldelt",TB,Tatt i bruk,10101,10101,19700101,228.0,,,56489965.0,Brynjeveien,5003.0,6.0,,,8360.0,BØSTAD
911071,1860,VESTVÅGØY,189579373,0,181.0,Garasjeuthus anneks til bolig,TB,Tatt i bruk,10101,10101,19400101,59.0,,,,,,,,,,
911072,1860,VESTVÅGØY,189582137,0,121.0,"Tomannsbolig, vertikaldelt",TB,Tatt i bruk,10101,10101,19700101,200.0,,,56489989.0,Brynjeveien,5003.0,12.0,,,8360.0,BØSTAD
911073,1860,VESTVÅGØY,189579365,0,181.0,Garasjeuthus anneks til bolig,TB,Tatt i bruk,10101,10101,10101,84.0,,,,,,,,,,
911074,1860,VESTVÅGØY,189579357,0,181.0,Garasjeuthus anneks til bolig,TB,Tatt i bruk,10101,10101,10101,26.0,,,,,,,,,,
911075,1860,VESTVÅGØY,189582129,1,111.0,Enebolig,BR,Bygning revet/brent,19871120,19871220,19881120,18.0,,,56495106.0,Høvdingveien,5002.0,25.0,,,8360.0,BØSTAD
911076,1860,VESTVÅGØY,189582463,0,181.0,Garasjeuthus anneks til bolig,TB,Tatt i bruk,10101,10101,10101,20.0,,,,,,,,,,
911077,1860,VESTVÅGØY,189582455,0,161.0,Fritidsbygg(hyttersommerh. ol,TB,Tatt i bruk,10101,10101,10101,74.0,,,56490287.0,Pollveien,5010.0,255.0,,,8360.0,BØSTAD
911078,1860,VESTVÅGØY,189582447,0,111.0,Enebolig,TB,Tatt i bruk,10101,10101,10101,88.0,,,56490235.0,Pollveien,5010.0,258.0,,,8360.0,BØSTAD
911079,1860,VESTVÅGØY,189579594,0,241.0,Hus for dyr/landbr.lager/silo,BR,Bygning revet/brent,10101,10101,10101,0.0,,,,,,,,,,
911080,1860,VESTVÅGØY,189582439,0,181.0,Garasjeuthus anneks til bolig,BR,Bygning revet/brent,10101,10101,10101,0.0,,,,,,,,,,
911081,1860,VESTVÅGØY,189579586,1,111.0,Enebolig,RA,Rammetillatelse,19991029,10101,10101,55.0,,,56491576.0,Valbergsveien,7007.0,108.0,A,,8340.0,STAMSUND
911082,1860,VESTVÅGØY,189582420,0,181.0,Garasjeuthus anneks til bolig,TB,Tatt i bruk,10101,10101,10101,50.0,,,,,,,,,,
911083,1860,VESTVÅGØY,189582412,0,161.0,Fritidsbygg(hyttersommerh. ol,TB,Tatt i bruk,10101,10101,10101,80.0,,,56490237.0,Pollveien,5010.0,277.0,,,8360.0,BØSTAD
911084,1860,VESTVÅGØY,189579586,0,111.0,Enebolig,TB,Tatt i bruk,19750902,19751002,19790515,180.0,,,56491576.0,Valbergsveien,7007.0,108.0,A,,8340.0,STAMSUND
911085,1860,VESTVÅGØY,189582404,0,181.0,Garasjeuthus anneks til bolig,TB,Tatt i bruk,10101,10101,10101,44.0,,,,,,,,,,
911086,1860,VESTVÅGØY,189579578,0,249.0,Annen landbruksbygning,TB,Tatt i bruk,10101,10101,10101,275.0,,,,,,,,,,
911087,1860,VESTVÅGØY,189582390,0,181.0,Garasjeuthus anneks til bolig,TB,Tatt i bruk,10101,10101,10101,86.0,,,,,,,,,,
911088,1860,VESTVÅGØY,189579551,0,241.0,Hus for dyr/landbr.lager/silo,BU,Bygningsnummer utgått,10101,10101,10101,0.0,,,,,,,,,,
911089,1860,VESTVÅGØY,189582382,0,111.0,Enebolig,TB,Tatt i bruk,10101,10101,10101,73.0,,,56490236.0,Pollveien,5010.0,275.0,,,8360.0,BØSTAD
911090,1860,VESTVÅGØY,189579543,0,241.0,Hus for dyr/landbr.lager/silo,TB,Tatt i bruk,10101,10101,10101,253.0,,,,,,,,,,
911091,1860,VESTVÅGØY,189582374,0,111.0,Enebolig,TB,Tatt i bruk,10101,10101,10101,195.0,,,56496966.0,Pollveien,5010.0,280.0,,,8360.0,BØSTAD
911092,1860,VESTVÅGØY,189582366,0,113.0,Våningshus,TB,Tatt i bruk,10101,10101,19470101,132.0,,,56490238.0,Pollveien,5010.0,285.0,,,8360.0,BØSTAD
911093,1860,VESTVÅGØY,189579535,1,111.0,Enebolig,TB,Tatt i bruk,19780608,19780708,19790507,79.0,,,56491489.0,Kartfjorden,7001.0,177.0,,,8357.0,VALBERG
911094,1860,VESTVÅGØY,189582331,0,181.0,Garasjeuthus anneks til bolig,TB,Tatt i bruk,10101,10101,10101,118.0,,,,,,,,,,
911095,1860,VESTVÅGØY,189579535,0,111.0,Enebolig,TB,Tatt i bruk,10101,10101,19500101,109.0,,,56491489.0,Kartfjorden,7001.0,177.0,,,8357.0,VALBERG
911096,1860,VESTVÅGØY,189582323,0,181.0,Garasjeuthus anneks til bolig,TB,Tatt i bruk,10101,10101,10101,88.0,,,,,,,,,,
911097,1860,VESTVÅGØY,189582315,0,111.0,Enebolig,TB,Tatt i bruk,10101,10101,10101,61.0,,,56490239.0,Pollveien,5010.0,346.0,,,8360.0,BØSTAD
911098,1860,VESTVÅGØY,189579527,0,111.0,Enebolig,TB,Tatt i bruk,19680930,19681030,19700820,170.0,,,56491483.0,Kartfjorden,7001.0,180.0,,,8357.0,VALBERG
911099,1860,VESTVÅGØY,189582307,0,111.0,Enebolig,TB,Tatt i bruk,10101,10101,19830221,194.9,,,56489982.0,Frøyveien,5004.0,18.0,,,8360.0,BØSTAD
911100,1860,VESTVÅGØY,189579519,0,111.0,Enebolig,BR,Bygning revet/brent,10101,10101,10101,0.0,,,56491490.0,Kartfjorden,7001.0,179.0,,,8357.0,VALBERG
911101,1860,VESTVÅGØY,189582293,0,111.0,Enebolig,TB,Tatt i bruk,10101,19780801,19790101,234.0,,,56489980.0,Frøyveien,5004.0,16.0,,,8360.0,BØSTAD
911102,1860,VESTVÅGØY,189576315,0,111.0,Enebolig,TB,Tatt i bruk,10101,10101,10101,88.0,,,56489278.0,Hagskarveien,3052.0,339.0,,,8340.0,STAMSUND
911103,1860,VESTVÅGØY,189579179,0,111.0,Enebolig,TB,Tatt i bruk,10101,10101,10101,38.0,,,56494401.0,Øver-Voll,8305.0,88.0,,,8370.0,LEKNES
911104,1860,VESTVÅGØY,189581971,0,111.0,Enebolig,TB,Tatt i bruk,10101,10101,10101,220.0,,,56488110.0,Vikingveien,8011.0,462.0,,,8360.0,BØSTAD
911105,1860,VESTVÅGØY,189576307,0,181.0,Garasjeuthus anneks til bolig,TB,Tatt i bruk,10101,10101,19890208,21.0,,,,,,,,,,
911106,1860,VESTVÅGØY,189579160,0,111.0,Enebolig,TB,Tatt i bruk,10101,10101,10101,180.0,,,56489435.0,Leknesveien,3056.0,670.0,,,8370.0,LEKNES
911107,1860,VESTVÅGØY,189581963,0,181.0,Garasjeuthus anneks til bolig,TB,Tatt i bruk,10101,10101,10101,60.0,,,56488111.0,Vikingveien,8011.0,464.0,,,8360.0,BØSTAD
911108,1860,VESTVÅGØY,189576293,0,249.0,Annen landbruksbygning,TB,Tatt i bruk,10101,10101,19580101,147.0,,,,,,,,,,
911109,1860,VESTVÅGØY,189579152,0,181.0,Garasjeuthus anneks til bolig,BR,Bygning revet/brent,10101,10101,19720901,32.0,,,,,,,,,,
911110,1860,VESTVÅGØY,189581955,0,731.0,"Klinikk, legekontor/-senter/-vakt/dyresykehus",TB,Tatt i bruk,10101,10101,10101,460.0,,,56492999.0,Vikingveien,8011.0,458.0,,,8360.0,BØSTAD
911111,1860,VESTVÅGØY,189576285,0,181.0,Garasjeuthus anneks til bolig,TB,Tatt i bruk,10101,10101,10101,37.0,,,,,,,,,,
911112,1860,VESTVÅGØY,189579144,0,181.0,Garasjeuthus anneks til bolig,TB,Tatt i bruk,10101,10101,10101,55.0,,,,,,,,,,
911113,1860,VESTVÅGØY,189581947,0,181.0,Garasjeuthus anneks til bolig,TB,Tatt i bruk,10101,10101,10101,50.0,,,,,,,,,,
911114,1860,VESTVÅGØY,189576277,0,241.0,Hus for dyr/landbr.lager/silo,TB,Tatt i bruk,10101,10101,19580101,205.0,,,,,,,,,,
911115,1860,VESTVÅGØY,189579136,0,181.0,Garasjeuthus anneks til bolig,TB,Tatt i bruk,10101,10101,10101,60.0,,,,,,,,,,
911116,1860,VESTVÅGØY,189581939,0,181.0,Garasjeuthus anneks til bolig,BR,Bygning revet/brent,10101,10101,19750101,22.0,,,,,,,,,,
911117,1860,VESTVÅGØY,189576269,0,111.0,Enebolig,TB,Tatt i bruk,10101,10101,19580101,181.0,,,56495155.0,Finstadveien,6016.0,24.0,,,8340.0,STAMSUND
911118,1860,VESTVÅGØY,189579128,0,181.0,Garasjeuthus anneks til bolig,TB,Tatt i bruk,10101,10101,10101,145.0,,,,,,,,,,
911119,1860,VESTVÅGØY,189581920,0,111.0,Enebolig,TB,Tatt i bruk,10101,10101,19670101,143.0,,,56489973.0,Frøyveien,5004.0,10.0,,,8360.0,BØSTAD
911120,1860,VESTVÅGØY,189576250,0,111.0,Enebolig,TB,Tatt i bruk,10101,10101,10101,256.0,,,56495152.0,Finstadveien,6016.0,21.0,,,8340.0,STAMSUND
911121,1860,VESTVÅGØY,189579101,0,111.0,Enebolig,TB,Tatt i bruk,10101,10101,19900101,161.0,,,56494389.0,Øver-Voll,8305.0,14.0,,,8370.0,LEKNES
911122,1860,VESTVÅGØY,189581912,0,111.0,Enebolig,TB,Tatt i bruk,10101,10101,10101,199.0,,,56489972.0,Frøyveien,5004.0,8.0,,,8360.0,BØSTAD
911123,1860,VESTVÅGØY,189576242,0,161.0,Fritidsbygg(hyttersommerh. ol,TB,Tatt i bruk,10101,10101,10101,128.0,,,56489279.0,Hagskarveien,3052.0,303.0,,,8340.0,STAMSUND
911124,1860,VESTVÅGØY,189579098,0,111.0,Enebolig,BU,Bygningsnummer utgått,10101,10101,10101,0.0,,,,,,,,,,
911125,1860,VESTVÅGØY,189581904,0,181.0,Garasjeuthus anneks til bolig,TB,Tatt i bruk,10101,10101,10101,46.0,,,,,,,,,,
911126,1860,VESTVÅGØY,189576234,0,181.0,Garasjeuthus anneks til bolig,BR,Bygning revet/brent,10101,10101,10101,0.0,,,,,,,,,,
911127,1860,VESTVÅGØY,189579071,0,111.0,Enebolig,TB,Tatt i bruk,10101,10101,10101,176.0,,,56494390.0,Øver-Voll,8305.0,15.0,,,8370.0,LEKNES
911128,1860,VESTVÅGØY,189576226,0,181.0,Garasjeuthus anneks til bolig,TB,Tatt i bruk,10101,10101,10101,13.0,,,,,,,,,,
911129,1860,VESTVÅGØY,189579063,0,111.0,Enebolig,GR,Bygning godkjent for riving/brenning,10101,10101,19900101,212.0,,,56494386.0,Øver-Voll,8305.0,3.0,,,8370.0,LEKNES
911130,1860,VESTVÅGØY,189581890,1,162.0,Helårsb.benyttes som fritidsb.,TB,Tatt i bruk,19800929,19801029,19811012,6.0,,,,,,,,,,
911131,1860,VESTVÅGØY,189576218,0,111.0,Enebolig,TB,Tatt i bruk,10101,10101,19500101,162.0,,,56495156.0,Finstadveien,6016.0,25.0,,,8340.0,STAMSUND
911132,1860,VESTVÅGØY,189579055,0,112.0,Enebolig m/hybel/sokkelleil.,TB,Tatt i bruk,10101,10101,19790216,206.0,,,56497082.0,Leknesveien,3056.0,653.0,,,8370.0,LEKNES
911133,1860,VESTVÅGØY,189581890,0,162.0,Helårsb.benyttes som fritidsb.,TB,Tatt i bruk,10101,10101,19900101,74.0,,,56494406.0,Grundstadveien,8201.0,815.0,,,8360.0,BØSTAD
911134,1860,VESTVÅGØY,189576188,0,111.0,Enebolig,TB,Tatt i bruk,10101,10101,10101,246.0,,,56495160.0,Finstadveien,6016.0,39.0,,,8340.0,STAMSUND
911135,1860,VESTVÅGØY,189579047,0,111.0,Enebolig,TB,Tatt i bruk,10101,10101,10101,185.0,,,56489433.0,Leknesveien,3056.0,645.0,,,8370.0,LEKNES
911136,1860,VESTVÅGØY,189581882,0,181.0,Garasjeuthus anneks til bolig,BR,Bygning revet/brent,10101,10101,10101,70.0,,,,,,,,,,
911137,1860,VESTVÅGØY,189576161,0,111.0,Enebolig,TB,Tatt i bruk,10101,10101,19700101,183.0,,,56495157.0,Finstadveien,6016.0,31.0,,,8340.0,STAMSUND
911138,1860,VESTVÅGØY,189579039,0,181.0,Garasjeuthus anneks til bolig,TB,Tatt i bruk,10101,10101,10101,50.0,,,,,,,,,,
911139,1860,VESTVÅGØY,189581874,0,181.0,Garasjeuthus anneks til bolig,TB,Tatt i bruk,10101,10101,19710101,14.0,,,,,,,,,,
911140,1860,VESTVÅGØY,189576153,0,181.0,Garasjeuthus anneks til bolig,TB,Tatt i bruk,10101,10101,10101,56.0,,,,,,,,,,
911141,1860,VESTVÅGØY,189579020,0,181.0,Garasjeuthus anneks til bolig,TB,Tatt i bruk,10101,10101,10101,30.0,,,,,,,,,,
911142,1860,VESTVÅGØY,189581866,0,111.0,Enebolig,TB,Tatt i bruk,10101,10101,19670101,167.0,,,56492998.0,Vikingveien,8011.0,457.0,,,8360.0,BØSTAD
911143,1860,VESTVÅGØY,189576145,0,181.0,Garasjeuthus anneks til bolig,BR,Bygning revet/brent,10101,10101,10101,0.0,,,,,,,,,,
911144,1860,VESTVÅGØY,189579012,0,181.0,Garasjeuthus anneks til bolig,TB,Tatt i bruk,10101,10101,10101,23.0,,,,,,,,,,
911145,1860,VESTVÅGØY,189581858,0,111.0,Enebolig,TB,Tatt i bruk,10101,10101,19450101,155.0,,,56493030.0,Vikingveien,8011.0,473.0,,,8360.0,BØSTAD
911146,1860,VESTVÅGØY,189576137,0,111.0,Enebolig,TB,Tatt i bruk,10101,10101,10101,148.0,,,56495161.0,Finstadveien,6016.0,46.0,,,8340.0,STAMSUND
911147,1860,VESTVÅGØY,189579004,0,181.0,Garasjeuthus anneks til bolig,TB,Tatt i bruk,10101,10101,10101,36.0,,,,,,,,,,
911148,1860,VESTVÅGØY,189581831,0,181.0,Garasjeuthus anneks til bolig,TB,Tatt i bruk,10101,10101,19600101,30.0,,,,,,,,,,
911149,1860,VESTVÅGØY,189579349,0,111.0,Enebolig,TB,Tatt i bruk,10101,10101,10101,253.0,,,56493003.0,Skjerpveien,8003.0,200.0,,,8360.0,BØSTAD
911150,1860,VESTVÅGØY,189582129,0,111.0,Enebolig,TB,Tatt i bruk,10101,10101,19810130,163.0,,,56495106.0,Høvdingveien,5002.0,25.0,,,8360.0,BØSTAD
911151,1860,VESTVÅGØY,189579330,0,111.0,Enebolig,TB,Tatt i bruk,10101,10101,10101,117.0,,,56494467.0,Rise,8306.0,259.0,,,8370.0,LEKNES
911152,1860,VESTVÅGØY,189582110,0,111.0,Enebolig,TB,Tatt i bruk,10101,10101,19801023,197.0,,,56495104.0,Høvdingveien,5002.0,21.0,,,8360.0,BØSTAD
911153,1860,VESTVÅGØY,189579322,0,231.0,Lagerhall,TB,Tatt i bruk,10101,10101,19900101,266.0,,,,,,,,,,
911154,1860,VESTVÅGØY,189579314,0,322.0,Butikk/forretningsbygning,TB,Tatt i bruk,10101,10101,19900101,930.0,,,56492268.0,Vikingveien,8011.0,1.0,,,8360.0,BØSTAD
911155,1860,VESTVÅGØY,189582102,3,111.0,Enebolig,TB,Tatt i bruk,19960117,19960217,19961101,23.0,,,,,,,,,,
911156,1860,VESTVÅGØY,189579306,0,181.0,Garasjeuthus anneks til bolig,TB,Tatt i bruk,10101,10101,10101,24.0,,,,,,,,,,
911157,1860,VESTVÅGØY,189582102,2,111.0,Enebolig,TB,Tatt i bruk,10101,10101,19960101,22.0,,,,,,,,,,
911158,1860,VESTVÅGØY,189579292,0,181.0,Garasjeuthus anneks til bolig,BR,Bygning revet/brent,10101,10101,10101,96.0,,,,,,,,,,
911159,1860,VESTVÅGØY,189582102,1,111.0,Enebolig,TB,Tatt i bruk,10101,10101,19880107,27.0,,,56495743.0,Brynjeveien,5003.0,22.0,,,8360.0,BØSTAD
911160,1860,VESTVÅGØY,189579284,0,111.0,Enebolig,TB,Tatt i bruk,10101,10101,10101,105.0,,,56494398.0,Øver-Voll,8305.0,46.0,,,8370.0,LEKNES
911161,1860,VESTVÅGØY,189582102,0,111.0,Enebolig,TB,Tatt i bruk,10101,10101,19780502,176.0,,,56495743.0,Brynjeveien,5003.0,22.0,,,8360.0,BØSTAD
911162,1860,VESTVÅGØY,189579276,0,111.0,Enebolig,TB,Tatt i bruk,10101,10101,10101,116.0,,,56494400.0,Øver-Voll,8305.0,78.0,,,8370.0,LEKNES
911163,1860,VESTVÅGØY,189582099,0,111.0,Enebolig,TB,Tatt i bruk,10101,10101,19771130,181.0,,,56495108.0,Høvdingveien,5002.0,29.0,,,8360.0,BØSTAD
911164,1860,VESTVÅGØY,189579268,0,161.0,Fritidsbygg(hyttersommerh. ol,TB,Tatt i bruk,10101,10101,10101,43.0,,,56494397.0,Øver-Voll,8305.0,80.0,,,8370.0,LEKNES
911165,1860,VESTVÅGØY,189582072,0,112.0,Enebolig m/hybel/sokkelleil.,TB,Tatt i bruk,10101,10101,19751203,287.0,,,56489959.0,Høvdingveien,5002.0,43.0,,,8360.0,BØSTAD
911166,1860,VESTVÅGØY,189576374,0,181.0,Garasjeuthus anneks til bolig,BR,Bygning revet/brent,10101,10101,10101,43.0,,,,,,,,,,
911167,1860,VESTVÅGØY,189579241,0,181.0,Garasjeuthus anneks til bolig,TB,Tatt i bruk,10101,10101,10101,78.0,,,,,,,,,,
911168,1860,VESTVÅGØY,189582064,0,111.0,Enebolig,TB,Tatt i bruk,10101,10101,19800318,185.0,,,56489977.0,Frøyveien,5004.0,13.0,,,8360.0,BØSTAD
911169,1860,VESTVÅGØY,189576366,0,181.0,Garasjeuthus anneks til bolig,TB,Tatt i bruk,10101,10101,10101,47.0,,,,,,,,,,
911170,1860,VESTVÅGØY,189579233,0,111.0,Enebolig,TB,Tatt i bruk,10101,10101,10101,135.0,,,56494396.0,Øver-Voll,8305.0,69.0,,,8370.0,LEKNES
911171,1860,VESTVÅGØY,189582056,0,112.0,Enebolig m/hybel/sokkelleil.,TB,Tatt i bruk,10101,10101,19750326,178.0,,,56489961.0,Høvdingveien,5002.0,46.0,,,8360.0,BØSTAD
911172,1860,VESTVÅGØY,189579225,0,112.0,Enebolig m/hybel/sokkelleil.,TB,Tatt i bruk,10101,10101,19820823,211.0,,,56494392.0,Øver-Voll,8305.0,38.0,,,8370.0,LEKNES
911173,1860,VESTVÅGØY,189582048,0,112.0,Enebolig m/hybel/sokkelleil.,TB,Tatt i bruk,10101,10101,19730713,202.0,,,56489974.0,Frøyveien,5004.0,9.0,,,8360.0,BØSTAD
911174,1860,VESTVÅGØY,189576358,1,121.0,"Tomannsbolig, vertikaldelt",TB,Tatt i bruk,19920901,19921001,19921015,82.0,,,56496581.0,Hagskarveien,3052.0,340.0,,,8340.0,STAMSUND
911175,1860,VESTVÅGØY,189579217,0,241.0,Hus for dyr/landbr.lager/silo,TB,Tatt i bruk,10101,10101,10101,247.0,,,,,,,,,,
911176,1860,VESTVÅGØY,189582021,0,111.0,Enebolig,TB,Tatt i bruk,10101,10101,19770505,178.0,,,56489971.0,Frøyveien,5004.0,7.0,,,8360.0,BØSTAD
911177,1860,VESTVÅGØY,189576358,0,121.0,"Tomannsbolig, vertikaldelt",TB,Tatt i bruk,10101,10101,19900101,143.0,,,56495031.0,Hagskarveien,3052.0,338.0,,,8340.0,STAMSUND
911178,1860,VESTVÅGØY,189579209,0,161.0,Fritidsbygg(hyttersommerh. ol,TB,Tatt i bruk,10101,10101,10101,46.0,,,56494393.0,Øver-Voll,8305.0,42.0,,,8370.0,LEKNES
911179,1860,VESTVÅGØY,189582013,0,111.0,Enebolig,TB,Tatt i bruk,10101,10101,19500101,235.0,,,56492997.0,Vikingveien,8011.0,456.0,,,8360.0,BØSTAD
911180,1860,VESTVÅGØY,189576331,0,111.0,Enebolig,TB,Tatt i bruk,10101,10101,10101,130.0,,,56489280.0,Hagskarveien,3052.0,342.0,,,8340.0,STAMSUND
911181,1860,VESTVÅGØY,189579195,0,181.0,Garasjeuthus anneks til bolig,TB,Tatt i bruk,10101,10101,10101,18.0,,,,,,,,,,
911182,1860,VESTVÅGØY,189582005,0,181.0,Garasjeuthus anneks til bolig,TB,Tatt i bruk,10101,10101,10101,30.0,,,,,,,,,,
911183,1860,VESTVÅGØY,189576323,0,111.0,Enebolig,TB,Tatt i bruk,10101,10101,10101,179.0,,,56489310.0,Hagskarveien,3052.0,347.0,,,8340.0,STAMSUND
911184,1860,VESTVÅGØY,189579187,0,181.0,Garasjeuthus anneks til bolig,TB,Tatt i bruk,10101,10101,10101,116.0,,,,,,,,,,
911185,1860,VESTVÅGØY,189581998,0,111.0,Enebolig,TB,Tatt i bruk,10101,10101,10101,201.0,,,56488109.0,Vikingveien,8011.0,466.0,,,8360.0,BØSTAD
911186,1860,VESTVÅGØY,189582625,0,163.0,Våningh. benyttes som fritidsb,TB,Tatt i bruk,10101,10101,19500101,109.0,,,56490895.0,Rystadveien,5019.0,23.0,,,8360.0,BØSTAD
911187,1860,VESTVÅGØY,189582617,0,111.0,Enebolig,TB,Tatt i bruk,10101,10101,10101,132.0,,,56490892.0,Rystadveien,5019.0,5.0,,,8360.0,BØSTAD
911188,1860,VESTVÅGØY,189582609,0,161.0,Fritidsbygg(hyttersommerh. ol,TB,Tatt i bruk,10101,10101,10101,53.0,,,56490898.0,Rystadveien,5019.0,7.0,,,8360.0,BØSTAD
911189,1860,VESTVÅGØY,189582595,0,111.0,Enebolig,TB,Tatt i bruk,10101,10101,10101,103.0,,,56490893.0,Rystadveien,5019.0,9.0,,,8360.0,BØSTAD
911190,1860,VESTVÅGØY,189582587,0,181.0,Garasjeuthus anneks til bolig,BR,Bygning revet/brent,10101,10101,10101,64.0,,,,,,,,,,
911191,1860,VESTVÅGØY,189582579,0,181.0,Garasjeuthus anneks til bolig,TB,Tatt i bruk,10101,10101,10101,73.0,,,,,,,,,,
911192,1860,VESTVÅGØY,189582560,0,181.0,Garasjeuthus anneks til bolig,TB,Tatt i bruk,10101,10101,10101,134.0,,,,,,,,,,
911193,1860,VESTVÅGØY,189582552,0,111.0,Enebolig,TB,Tatt i bruk,10101,10101,10101,142.0,,,56490894.0,Rystadveien,5019.0,14.0,,,8360.0,BØSTAD
911194,1860,VESTVÅGØY,189582544,0,181.0,Garasjeuthus anneks til bolig,BR,Bygning revet/brent,10101,10101,10101,0.0,,,,,,,,,,
911195,1860,VESTVÅGØY,189582536,0,181.0,Garasjeuthus anneks til bolig,TB,Tatt i bruk,10101,10101,10101,30.0,,,,,,,,,,
911196,1860,VESTVÅGØY,189582528,0,111.0,Enebolig,TB,Tatt i bruk,10101,10101,10101,73.0,,,56490233.0,Pollveien,5010.0,213.0,,,8360.0,BØSTAD
911197,1860,VESTVÅGØY,189582501,1,111.0,Enebolig,TB,Tatt i bruk,20031016,20031101,20040801,60.0,,,56490234.0,Pollveien,5010.0,243.0,,,8360.0,BØSTAD
911198,1860,VESTVÅGØY,189582501,0,111.0,Enebolig,TB,Tatt i bruk,10101,10101,19900101,234.0,,,56490234.0,Pollveien,5010.0,243.0,,,8360.0,BØSTAD
911199,1860,VESTVÅGØY,189582498,0,241.0,Hus for dyr/landbr.lager/silo,TB,Tatt i bruk,10101,10101,10101,90.0,,,,,,,,,,
911200,1860,VESTVÅGØY,189582471,0,181.0,Garasjeuthus anneks til bolig,TB,Tatt i bruk,10101,10101,10101,75.0,,,,,,,,,,
911201,1860,VESTVÅGØY,189582684,0,181.0,Garasjeuthus anneks til bolig,TB,Tatt i bruk,10101,10101,10101,18.0,,,,,,,,,,
911202,1860,VESTVÅGØY,189582676,0,181.0,Garasjeuthus anneks til bolig,BR,Bygning revet/brent,10101,10101,19480101,89.0,,,,,,,,,,
911203,1860,VESTVÅGØY,189582668,0,111.0,Enebolig,TB,Tatt i bruk,10101,10101,10101,113.0,,,56490897.0,Rystadveien,5019.0,29.0,,,8360.0,BØSTAD
911204,1860,VESTVÅGØY,189582641,0,181.0,Garasjeuthus anneks til bolig,TB,Tatt i bruk,10101,10101,19900101,37.0,,,,,,,,,,
911205,1860,VESTVÅGØY,189582633,0,181.0,Garasjeuthus anneks til bolig,TB,Tatt i bruk,10101,10101,19000101,34.0,,,,,,,,,,
911206,1860,VESTVÅGØY,189572581,0,111.0,Enebolig,TB,Tatt i bruk,10101,10101,10101,118.0,,,56490790.0,Eggumsveien,5013.0,871.0,,,8360.0,BØSTAD
911207,1860,VESTVÅGØY,189572573,0,111.0,Enebolig,TB,Tatt i bruk,10101,10101,10101,88.0,,,56490788.0,Eggumsveien,5013.0,869.0,,,8360.0,BØSTAD
911208,1860,VESTVÅGØY,189572565,0,181.0,Garasjeuthus anneks til bolig,TB,Tatt i bruk,10101,10101,10101,22.0,,,,,,,,,,
911209,1860,VESTVÅGØY,189572557,0,181.0,Garasjeuthus anneks til bolig,TB,Tatt i bruk,10101,10101,19000101,32.0,,,,,,,,,,
911210,1860,VESTVÅGØY,189572549,0,181.0,Garasjeuthus anneks til bolig,TB,Tatt i bruk,10101,10101,10101,21.0,,,,,,,,,,
911211,1860,VESTVÅGØY,189572530,0,181.0,Garasjeuthus anneks til bolig,TB,Tatt i bruk,10101,10101,10101,32.0,,,,,,,,,,
911212,1860,VESTVÅGØY,189572522,0,183.0,Naust båthus sjøbu,TB,Tatt i bruk,10101,10101,10101,79.0,,,,,,,,,,
911213,1860,VESTVÅGØY,189572514,0,183.0,Naust båthus sjøbu,TB,Tatt i bruk,10101,10101,10101,12.0,,,,,,,,,,
911214,1860,VESTVÅGØY,189572506,0,244.0,Driftsb. fiske/fangst/oppdr,BR,Bygning revet/brent,10101,10101,10101,0.0,,,,,,,,,,
911215,1860,VESTVÅGØY,189572492,0,183.0,Naust båthus sjøbu,TB,Tatt i bruk,10101,10101,10101,12.0,,,,,,,,,,
911216,1860,VESTVÅGØY,189572484,0,244.0,Driftsb. fiske/fangst/oppdr,BR,Bygning revet/brent,10101,10101,10101,0.0,,,,,,,,,,
911217,1860,VESTVÅGØY,189572476,0,183.0,Naust båthus sjøbu,TB,Tatt i bruk,10101,10101,10101,28.0,,,,,,,,,,
911218,1860,VESTVÅGØY,189572468,0,183.0,Naust båthus sjøbu,TB,Tatt i bruk,10101,10101,10101,14.0,,,,,,,,,,
911219,1860,VESTVÅGØY,189572441,0,183.0,Naust båthus sjøbu,TB,Tatt i bruk,10101,10101,10101,11.0,,,,,,,,,,
911220,1860,VESTVÅGØY,189572433,0,183.0,Naust båthus sjøbu,TB,Tatt i bruk,10101,10101,10101,17.0,,,,,,,,,,
911221,1860,VESTVÅGØY,189572425,0,183.0,Naust båthus sjøbu,TB,Tatt i bruk,10101,10101,10101,9.0,,,,,,,,,,
911222,1860,VESTVÅGØY,189572727,0,111.0,Enebolig,TB,Tatt i bruk,10101,10101,19500101,202.0,,,56492246.0,Ureveien,6010.0,228.0,,,8352.0,SENNESVIK
911223,1860,VESTVÅGØY,189575459,1,111.0,Enebolig,TB,Tatt i bruk,20050216,20050402,20060714,41.0,,,,,,,,,,
911224,1860,VESTVÅGØY,189572719,0,183.0,Naust båthus sjøbu,BR,Bygning revet/brent,10101,10101,10101,0.0,,,,,,,,,,
911225,1860,VESTVÅGØY,189575459,0,111.0,Enebolig,TB,Tatt i bruk,10101,10101,10101,261.3,,,56486628.0,Hagskarveien,3052.0,91.0,,,8370.0,LEKNES
911226,1860,VESTVÅGØY,189572700,0,183.0,Naust båthus sjøbu,TB,Tatt i bruk,10101,10101,10101,38.0,,,,,,,,,,
911227,1860,VESTVÅGØY,189575440,0,241.0,Hus for dyr/landbr.lager/silo,TB,Tatt i bruk,10101,10101,10101,46.0,,,,,,,,,,
911228,1860,VESTVÅGØY,189572697,0,183.0,Naust båthus sjøbu,BR,Bygning revet/brent,10101,10101,10101,0.0,,,,,,,,,,
911229,1860,VESTVÅGØY,189575432,0,181.0,Garasjeuthus anneks til bolig,TB,Tatt i bruk,10101,10101,10101,117.0,,,,,,,,,,
911230,1860,VESTVÅGØY,189572689,0,183.0,Naust båthus sjøbu,BR,Bygning revet/brent,10101,10101,10101,0.0,,,,,,,,,,
911231,1860,VESTVÅGØY,189575424,0,121.0,"Tomannsbolig, vertikaldelt",TB,Tatt i bruk,10101,10101,10101,700.0,,,56492252.0,Ureveien,6010.0,279.0,,,8352.0,SENNESVIK
911232,1860,VESTVÅGØY,189572670,0,248.0,Annen fiskeri- og fangstbygn.,TB,Tatt i bruk,10101,10101,10101,65.0,,,,,,,,,,
911233,1860,VESTVÅGØY,189575416,0,111.0,Enebolig,TB,Tatt i bruk,10101,10101,10101,273.0,,,56492256.0,Ureveien,6010.0,301.0,,,8352.0,SENNESVIK
911234,1860,VESTVÅGØY,189572662,0,161.0,Fritidsbygg(hyttersommerh. ol,TB,Tatt i bruk,10101,10101,10101,28.0,,,,,,,,,,
911235,1860,VESTVÅGØY,189575408,0,181.0,Garasjeuthus anneks til bolig,TB,Tatt i bruk,10101,10101,19900101,54.0,,,,,,,,,,
911236,1860,VESTVÅGØY,189572654,0,111.0,Enebolig,TB,Tatt i bruk,10101,10101,10101,136.0,,,56490821.0,Eggumsveien,5013.0,867.0,,,8360.0,BØSTAD
911237,1860,VESTVÅGØY,189575394,0,183.0,Naust båthus sjøbu,TB,Tatt i bruk,10101,10101,10101,72.0,,,,,,,,,,
911238,1860,VESTVÅGØY,189572646,0,111.0,Enebolig,TB,Tatt i bruk,10101,10101,10101,153.0,,,56490786.0,Eggumsveien,5013.0,865.0,,,8360.0,BØSTAD
911239,1860,VESTVÅGØY,189575386,0,183.0,Naust båthus sjøbu,TB,Tatt i bruk,10101,10101,10101,93.0,,,,,,,,,,
911240,1860,VESTVÅGØY,189572638,0,111.0,Enebolig,TB,Tatt i bruk,10101,10101,10101,143.0,,,56490787.0,Eggumsveien,5013.0,868.0,,,8360.0,BØSTAD
911241,1860,VESTVÅGØY,189575378,0,183.0,Naust båthus sjøbu,TB,Tatt i bruk,10101,10101,10101,106.0,,,,,,,,,,
911242,1860,VESTVÅGØY,189572611,0,111.0,Enebolig,TB,Tatt i bruk,10101,10101,10101,133.0,,,56490789.0,Eggumsveien,5013.0,870.0,,,8360.0,BØSTAD
911243,1860,VESTVÅGØY,189575351,0,183.0,Naust båthus sjøbu,TB,Tatt i bruk,10101,10101,10101,55.0,,,,,,,,,,
911244,1860,VESTVÅGØY,189575343,0,183.0,Naust båthus sjøbu,TB,Tatt i bruk,10101,10101,10101,80.0,,,,,,,,,,
911245,1860,VESTVÅGØY,189572603,1,111.0,Enebolig,TB,Tatt i bruk,20000814,20000901,20001130,25.0,,,56490813.0,Eggumsveien,5013.0,846.0,,,8360.0,BØSTAD
911246,1860,VESTVÅGØY,189575335,0,181.0,Garasjeuthus anneks til bolig,TB,Tatt i bruk,10101,10101,10101,51.0,,,56492249.0,Ureveien,6010.0,271.0,,,8352.0,SENNESVIK
911247,1860,VESTVÅGØY,189572603,0,111.0,Enebolig,TB,Tatt i bruk,10101,10101,10101,111.0,,,56490791.0,Eggumsveien,5013.0,872.0,,,8360.0,BØSTAD
911248,1860,VESTVÅGØY,189575327,0,181.0,Garasjeuthus anneks til bolig,TB,Tatt i bruk,10101,10101,10101,169.0,,,,,,,,,,
911249,1860,VESTVÅGØY,189575319,0,181.0,Garasjeuthus anneks til bolig,TB,Tatt i bruk,10101,10101,10101,26.0,,,,,,,,,,
911250,1860,VESTVÅGØY,189572581,1,111.0,Enebolig,TB,Tatt i bruk,20021015,20021101,20021201,15.0,,,56490790.0,Eggumsveien,5013.0,871.0,,,8360.0,BØSTAD
911251,1860,VESTVÅGØY,189575300,0,171.0,Seterhus sel rorbu o.l.,TB,Tatt i bruk,10101,10101,10101,37.0,,,,,,,,,,
911252,1860,VESTVÅGØY,189572212,0,181.0,Garasjeuthus anneks til bolig,TB,Tatt i bruk,10101,10101,10101,50.0,,,,,,,,,,
911253,1860,VESTVÅGØY,189572204,0,181.0,Garasjeuthus anneks til bolig,TB,Tatt i bruk,10101,10101,10101,25.0,,,,,,,,,,
911254,1860,VESTVÅGØY,189572417,0,183.0,Naust båthus sjøbu,TB,Tatt i bruk,10101,10101,10101,12.0,,,,,,,,,,
911255,1860,VESTVÅGØY,189572409,0,183.0,Naust båthus sjøbu,TB,Tatt i bruk,10101,10101,10101,16.0,,,,,,,,,,
911256,1860,VESTVÅGØY,189572395,0,183.0,Naust båthus sjøbu,TB,Tatt i bruk,10101,10101,10101,32.0,,,,,,,,,,
911257,1860,VESTVÅGØY,189572387,0,183.0,Naust båthus sjøbu,TB,Tatt i bruk,10101,10101,10101,20.0,,,,,,,,,,
911258,1860,VESTVÅGØY,189572379,0,183.0,Naust båthus sjøbu,TB,Tatt i bruk,10101,10101,10101,16.0,,,,,,,,,,
911259,1860,VESTVÅGØY,189572360,0,183.0,Naust båthus sjøbu,TB,Tatt i bruk,10101,10101,10101,13.0,,,,,,,,,,
911260,1860,VESTVÅGØY,189572352,0,181.0,Garasjeuthus anneks til bolig,TB,Tatt i bruk,10101,10101,19891206,24.0,,,,,,,,,,
911261,1860,VESTVÅGØY,189572344,0,183.0,Naust båthus sjøbu,TB,Tatt i bruk,10101,10101,10101,27.0,,,,,,,,,,
911262,1860,VESTVÅGØY,189572336,0,111.0,Enebolig,TB,Tatt i bruk,10101,10101,10101,155.0,,,56490827.0,Eggumsveien,5013.0,880.0,,,8360.0,BØSTAD
911263,1860,VESTVÅGØY,189572328,0,161.0,Fritidsbygg(hyttersommerh. ol,TB,Tatt i bruk,10101,10101,10101,142.0,,,56490866.0,Eggumsveien,5013.0,882.0,,,8360.0,BØSTAD
911264,1860,VESTVÅGØY,189572271,0,162.0,Helårsb.benyttes som fritidsb.,TB,Tatt i bruk,10101,10101,10101,137.0,,,56490819.0,Eggumsveien,5013.0,864.0,,,8360.0,BØSTAD
911265,1860,VESTVÅGØY,189572263,0,111.0,Enebolig,TB,Tatt i bruk,10101,10101,10101,124.0,,,56490818.0,Eggumsveien,5013.0,862.0,,,8360.0,BØSTAD
911266,1860,VESTVÅGØY,189572255,0,181.0,Garasjeuthus anneks til bolig,TB,Tatt i bruk,10101,10101,10101,139.0,,,,,,,,,,
911267,1860,VESTVÅGØY,189572247,0,181.0,Garasjeuthus anneks til bolig,TB,Tatt i bruk,10101,10101,10101,33.0,,,,,,,,,,
911268,1860,VESTVÅGØY,189572239,0,111.0,Enebolig,TB,Tatt i bruk,10101,10101,10101,95.0,,,56490784.0,Eggumsveien,5013.0,849.0,,,8360.0,BØSTAD
911269,1860,VESTVÅGØY,189572220,0,111.0,Enebolig,TB,Tatt i bruk,10101,10101,10101,96.0,,,56490813.0,Eggumsveien,5013.0,846.0,,,8360.0,BØSTAD
911270,1860,VESTVÅGØY,189575939,0,181.0,Garasjeuthus anneks til bolig,TB,Tatt i bruk,10101,10101,10101,25.0,,,,,,,,,,
911271,1860,VESTVÅGØY,189578857,0,111.0,Enebolig,TB,Tatt i bruk,10101,10101,19570101,148.0,,,56487441.0,Myrlandsveien,4033.0,31.0,,,8340.0,STAMSUND
911272,1860,VESTVÅGØY,189575920,0,181.0,Garasjeuthus anneks til bolig,TB,Tatt i bruk,10101,10101,10101,12.0,,,,,,,,,,
911273,1860,VESTVÅGØY,189581661,1,111.0,Enebolig,BU,Bygningsnummer utgått,19980422,10101,10101,23.0,,,56490023.0,Prestegårdsveien,5009.0,11.0,,,8360.0,BØSTAD
911274,1860,VESTVÅGØY,189578849,0,111.0,Enebolig,TB,Tatt i bruk,10101,10101,19560101,73.0,,,56487440.0,Myrlandsveien,4033.0,29.0,,,8340.0,STAMSUND
911275,1860,VESTVÅGØY,189575912,0,111.0,Enebolig,TB,Tatt i bruk,10101,10101,10101,141.0,,,56495173.0,Finstadveien,6016.0,99.0,,,8340.0,STAMSUND
911276,1860,VESTVÅGØY,189581661,0,111.0,Enebolig,TB,Tatt i bruk,10101,10101,10101,150.0,,,56490023.0,Prestegårdsveien,5009.0,11.0,,,8360.0,BØSTAD
911277,1860,VESTVÅGØY,189578830,0,181.0,Garasjeuthus anneks til bolig,TB,Tatt i bruk,10101,10101,10101,27.0,,,,,,,,,,
911278,1860,VESTVÅGØY,189575904,0,162.0,Helårsb.benyttes som fritidsb.,TB,Tatt i bruk,10101,10101,10101,110.0,,,56495171.0,Finstadveien,6016.0,90.0,,,8340.0,STAMSUND
911279,1860,VESTVÅGØY,189578822,0,111.0,Enebolig,TB,Tatt i bruk,10101,10101,19750314,190.0,,,56487436.0,Myrlandsveien,4033.0,18.0,,,8340.0,STAMSUND
911280,1860,VESTVÅGØY,189575890,0,249.0,Annen landbruksbygning,TB,Tatt i bruk,10101,10101,10101,29.0,,,,,,,,,,
911281,1860,VESTVÅGØY,189581653,1,111.0,Enebolig,TB,Tatt i bruk,19990602,19990701,19991201,33.0,,,,,,,,,,
911282,1860,VESTVÅGØY,189578814,0,111.0,Enebolig,TB,Tatt i bruk,10101,10101,19790522,148.0,,,56487437.0,Myrlandsveien,4033.0,20.0,,,8340.0,STAMSUND
911283,1860,VESTVÅGØY,189575882,0,249.0,Annen landbruksbygning,TB,Tatt i bruk,10101,10101,10101,103.0,,,,,,,,,,
911284,1860,VESTVÅGØY,189581653,0,111.0,Enebolig,TB,Tatt i bruk,10101,10101,19500101,123.0,,,56493001.0,Vikingveien,8011.0,484.0,,,8360.0,BØSTAD
911285,1860,VESTVÅGØY,189573162,0,113.0,Våningshus,TB,Tatt i bruk,10101,10101,10101,89.0,,,56492213.0,Ureveien,6010.0,61.0,,,8352.0,SENNESVIK
911286,1860,VESTVÅGØY,189573154,0,111.0,Enebolig,TB,Tatt i bruk,10101,10101,10101,186.0,,,56492222.0,Ureveien,6010.0,65.0,,,8352.0,SENNESVIK
911287,1860,VESTVÅGØY,189575874,1,241.0,Hus for dyr/landbr.lager/silo,TB,Tatt i bruk,20000529,10101,20030501,279.0,,,,,,,,,,
911288,1860,VESTVÅGØY,189578806,1,111.0,Enebolig,TB,Tatt i bruk,19960520,19960601,19961130,28.0,,,56487438.0,Myrlandsveien,4033.0,22.0,,,8340.0,STAMSUND
911289,1860,VESTVÅGØY,189573146,0,181.0,Garasjeuthus anneks til bolig,TB,Tatt i bruk,10101,10101,10101,35.0,,,,,,,,,,
911290,1860,VESTVÅGØY,189575874,0,241.0,Hus for dyr/landbr.lager/silo,TB,Tatt i bruk,10101,10101,19000101,104.0,,,,,,,,,,
911291,1860,VESTVÅGØY,189578806,0,111.0,Enebolig,TB,Tatt i bruk,10101,10101,19790425,126.6,,,56487438.0,Myrlandsveien,4033.0,22.0,,,8340.0,STAMSUND
911292,1860,VESTVÅGØY,189573138,0,111.0,Enebolig,TB,Tatt i bruk,10101,10101,10101,162.0,,,56492221.0,Ureveien,6010.0,64.0,,,8352.0,SENNESVIK
911293,1860,VESTVÅGØY,189578792,0,111.0,Enebolig,TB,Tatt i bruk,10101,10101,19790808,117.0,,,56487971.0,Myrlandsveien,4033.0,28.0,,,8340.0,STAMSUND
911294,1860,VESTVÅGØY,189575866,1,111.0,Enebolig,FA,Ferdigattest,20050215,20050315,10101,79.0,,,,,,,,,,
911295,1860,VESTVÅGØY,189573111,0,111.0,Enebolig,TB,Tatt i bruk,10101,10101,19900101,191.0,,,56492223.0,Ureveien,6010.0,67.0,,,8352.0,SENNESVIK
911296,1860,VESTVÅGØY,189578784,0,111.0,Enebolig,TB,Tatt i bruk,10101,10101,19830425,212.0,,,56487439.0,Myrlandsveien,4033.0,26.0,,,8340.0,STAMSUND
911297,1860,VESTVÅGØY,189575866,0,111.0,Enebolig,TB,Tatt i bruk,10101,10101,10101,208.0,,,56495170.0,Finstadveien,6016.0,89.0,,,8340.0,STAMSUND
911298,1860,VESTVÅGØY,189573103,0,181.0,Garasjeuthus anneks til bolig,TB,Tatt i bruk,10101,10101,10101,22.0,,,,,,,,,,
911299,1860,VESTVÅGØY,189578776,0,111.0,Enebolig,TB,Tatt i bruk,10101,10101,10101,82.0,,,56498248.0,Myrlandsveien,4033.0,12.0,,,8340.0,STAMSUND
911300,1860,VESTVÅGØY,189575858,0,111.0,Enebolig,TB,Tatt i bruk,10101,10101,10101,154.0,,,56495175.0,Finstadveien,6016.0,158.0,,,8340.0,STAMSUND
911301,1860,VESTVÅGØY,189573081,0,181.0,Garasjeuthus anneks til bolig,TB,Tatt i bruk,10101,10101,10101,34.0,,,,,,,,,,
911302,1860,VESTVÅGØY,189575831,0,113.0,Våningshus,TB,Tatt i bruk,10101,10101,10101,150.0,,,56495176.0,Finstadveien,6016.0,169.0,,,8340.0,STAMSUND
911303,1860,VESTVÅGØY,189573073,0,111.0,Enebolig,TB,Tatt i bruk,10101,10101,10101,216.0,,,56492224.0,Ureveien,6010.0,69.0,,,8352.0,SENNESVIK
911304,1860,VESTVÅGØY,189578768,1,111.0,Enebolig,TB,Tatt i bruk,20021009,20021101,20030702,36.0,,,,,,,,,,
911305,1860,VESTVÅGØY,189575823,0,181.0,Garasjeuthus anneks til bolig,TB,Tatt i bruk,10101,10101,10101,53.0,,,,,,,,,,
911306,1860,VESTVÅGØY,189573065,0,111.0,Enebolig,TB,Tatt i bruk,10101,10101,10101,126.0,,,56491674.0,Ureveien,6010.0,45.0,,,8352.0,SENNESVIK
911307,1860,VESTVÅGØY,189578768,0,111.0,Enebolig,TB,Tatt i bruk,10101,10101,10101,192.0,,,56487435.0,Myrlandsveien,4033.0,14.0,,,8340.0,STAMSUND
911308,1860,VESTVÅGØY,189575815,0,241.0,Hus for dyr/landbr.lager/silo,TB,Tatt i bruk,10101,10101,10101,40.0,,,,,,,,,,
911309,1860,VESTVÅGØY,189573057,0,111.0,Enebolig,TB,Tatt i bruk,10101,10101,10101,171.0,,,56490920.0,Einangen,6003.0,195.0,,,8352.0,SENNESVIK
911310,1860,VESTVÅGØY,189578741,0,111.0,Enebolig,TB,Tatt i bruk,10101,10101,19820526,184.0,,,56486936.0,Skolegata,4000.0,11.0,,,8340.0,STAMSUND
911311,1860,VESTVÅGØY,189575807,0,163.0,Våningh. benyttes som fritidsb,TB,Tatt i bruk,10101,10101,10101,146.0,,,56495174.0,Finstadveien,6016.0,156.0,,,8340.0,STAMSUND
911312,1860,VESTVÅGØY,189573049,0,111.0,Enebolig,TB,Tatt i bruk,10101,10101,10101,150.0,,,56498944.0,,,,,0.0,8352.0,SENNESVIK
911313,1860,VESTVÅGØY,189576129,0,111.0,Enebolig,TB,Tatt i bruk,10101,10101,10101,156.0,,,56495163.0,Finstadveien,6016.0,65.0,,,8340.0,STAMSUND
911314,1860,VESTVÅGØY,189578997,0,111.0,Enebolig,TB,Tatt i bruk,10101,10101,10101,132.0,,,56494379.0,Ner-Voll,8304.0,22.0,,,8370.0,LEKNES
911315,1860,VESTVÅGØY,189581823,0,241.0,Hus for dyr/landbr.lager/silo,BR,Bygning revet/brent,10101,10101,10101,0.0,,,,,,,,,,
911316,1860,VESTVÅGØY,189576110,0,162.0,Helårsb.benyttes som fritidsb.,TB,Tatt i bruk,10101,10101,10101,144.0,,,56495165.0,Finstadveien,6016.0,57.0,,,8340.0,STAMSUND
911317,1860,VESTVÅGØY,189578989,0,111.0,Enebolig,TB,Tatt i bruk,10101,10101,10101,210.7,,,56494382.0,Ner-Voll,8304.0,40.0,,,8370.0,LEKNES
911318,1860,VESTVÅGØY,189581815,0,521.0,Hospits pensjonat,TB,Tatt i bruk,10101,10101,10101,870.0,,,,,,,,,,
911319,1860,VESTVÅGØY,189576099,0,111.0,Enebolig,TB,Tatt i bruk,10101,10101,10101,122.0,,,56495167.0,Finstadveien,6016.0,69.0,,,8340.0,STAMSUND
911320,1860,VESTVÅGØY,189578970,0,181.0,Garasjeuthus anneks til bolig,BR,Bygning revet/brent,10101,10101,10101,0.0,,,,,,,,,,
911321,1860,VESTVÅGØY,189576080,0,111.0,Enebolig,TB,Tatt i bruk,10101,10101,10101,130.0,,,56495164.0,Finstadveien,6016.0,48.0,,,8340.0,STAMSUND
911322,1860,VESTVÅGØY,189578962,0,181.0,Garasjeuthus anneks til bolig,BR,Bygning revet/brent,10101,10101,10101,0.0,,,,,,,,,,
911323,1860,VESTVÅGØY,189581807,1,615.0,Komb. barne- og ungdomsskole,TB,Tatt i bruk,20050510,20050610,20061003,391.0,,,,,,,,,,
911324,1860,VESTVÅGØY,189576072,0,161.0,Fritidsbygg(hyttersommerh. ol,TB,Tatt i bruk,10101,10101,10101,36.0,,,56495660.0,Finstadveien,6016.0,50.0,,,8340.0,STAMSUND
911325,1860,VESTVÅGØY,189578954,0,249.0,Annen landbruksbygning,TB,Tatt i bruk,10101,10101,10101,109.0,,,,,,,,,,
911326,1860,VESTVÅGØY,189581807,0,615.0,Komb. barne- og ungdomsskole,TB,Tatt i bruk,10101,10101,10101,4056.0,,,56493000.0,Vikingveien,8011.0,459.0,,,8360.0,BØSTAD
911327,1860,VESTVÅGØY,189576064,0,181.0,Garasjeuthus anneks til bolig,TB,Tatt i bruk,10101,10101,10101,30.0,,,,,,,,,,
911328,1860,VESTVÅGØY,189578946,0,111.0,Enebolig,TB,Tatt i bruk,10101,10101,10101,200.0,,,56494384.0,Ner-Voll,8304.0,42.0,,,8370.0,LEKNES
911329,1860,VESTVÅGØY,189581793,0,111.0,Enebolig,TB,Tatt i bruk,10101,10101,10101,165.0,,,56492985.0,Vikingveien,8011.0,408.0,,,8360.0,BØSTAD
911330,1860,VESTVÅGØY,189576056,0,181.0,Garasjeuthus anneks til bolig,TB,Tatt i bruk,10101,10101,10101,82.0,,,,,,,,,,
911331,1860,VESTVÅGØY,189578938,0,111.0,Enebolig,BR,Bygning revet/brent,10101,10101,10101,159.0,,,,,,,,,,
911332,1860,VESTVÅGØY,189581785,0,111.0,Enebolig,TB,Tatt i bruk,10101,10101,10101,173.0,,,56497145.0,Vikingveien,8011.0,406.0,,,8360.0,BØSTAD
911333,1860,VESTVÅGØY,189576048,0,181.0,Garasjeuthus anneks til bolig,TB,Tatt i bruk,10101,10101,19790101,43.0,,,,,,,,,,
911334,1860,VESTVÅGØY,189578911,0,249.0,Annen landbruksbygning,TB,Tatt i bruk,10101,10101,10101,82.0,,,,,,,,,,
911335,1860,VESTVÅGØY,189581777,0,181.0,Garasjeuthus anneks til bolig,TB,Tatt i bruk,10101,10101,10101,33.0,,,,,,,,,,
911336,1860,VESTVÅGØY,189576021,0,161.0,Fritidsbygg(hyttersommerh. ol,TB,Tatt i bruk,10101,10101,10101,80.0,,,56499058.0,Finstadveien,6016.0,84.0,,,8340.0,STAMSUND
911337,1860,VESTVÅGØY,189578903,0,241.0,Hus for dyr/landbr.lager/silo,TB,Tatt i bruk,10101,10101,10101,315.0,,,,,,,,,,
911338,1860,VESTVÅGØY,189581769,0,241.0,Hus for dyr/landbr.lager/silo,TB,Tatt i bruk,10101,10101,10101,89.0,,,,,,,,,,
911339,1860,VESTVÅGØY,189576013,0,181.0,Garasjeuthus anneks til bolig,TB,Tatt i bruk,10101,10101,19100101,19.0,,,,,,,,,,
911340,1860,VESTVÅGØY,189581750,0,163.0,Våningh. benyttes som fritidsb,TB,Tatt i bruk,10101,10101,10101,107.0,,,56492969.0,Vikingveien,8011.0,400.0,,,8360.0,BØSTAD
911341,1860,VESTVÅGØY,189576005,0,241.0,Hus for dyr/landbr.lager/silo,TB,Tatt i bruk,10101,10101,19100101,124.0,,,,,,,,,,
911342,1860,VESTVÅGØY,189581742,0,111.0,Enebolig,TB,Tatt i bruk,10101,10101,19820101,189.0,,,56492984.0,Vikingveien,8011.0,404.0,,,8360.0,BØSTAD
911343,1860,VESTVÅGØY,189575998,0,111.0,Enebolig,BR,Bygning revet/brent,10101,10101,19470101,193.0,,,56495168.0,Finstadveien,6016.0,82.0,,,8340.0,STAMSUND
911344,1860,VESTVÅGØY,189578881,1,111.0,Enebolig,BU,Bygningsnummer utgått,20030410,20030515,20040709,24.0,,,56487602.0,Hellemyrveien,4044.0,5.0,,,8340.0,STAMSUND
911345,1860,VESTVÅGØY,189581734,0,111.0,Enebolig,TB,Tatt i bruk,10101,10101,19400101,179.0,,,56492970.0,Vikingveien,8011.0,402.0,,,8360.0,BØSTAD
911346,1860,VESTVÅGØY,189575971,0,111.0,Enebolig,TB,Tatt i bruk,10101,10101,19900101,129.0,,,56495169.0,Finstadveien,6016.0,88.0,,,8340.0,STAMSUND
911347,1860,VESTVÅGØY,189578881,0,111.0,Enebolig,BU,Bygningsnummer utgått,10101,10101,19200101,180.0,,,56487602.0,Hellemyrveien,4044.0,5.0,,,8340.0,STAMSUND
911348,1860,VESTVÅGØY,189581726,0,241.0,Hus for dyr/landbr.lager/silo,TB,Tatt i bruk,10101,10101,19300101,120.0,,,,,,,,,,
911349,1860,VESTVÅGØY,189575963,0,111.0,Enebolig,BR,Bygning revet/brent,10101,10101,10101,152.0,,,56495172.0,Finstadveien,6016.0,91.0,,,8340.0,STAMSUND
911350,1860,VESTVÅGØY,189578873,1,181.0,Garasjeuthus anneks til bolig,BA,Bygging avlyst,20050527,10101,10101,40.0,,,,,,,,,,
911351,1860,VESTVÅGØY,189581718,0,241.0,Hus for dyr/landbr.lager/silo,TB,Tatt i bruk,10101,10101,19740101,359.0,,,,,,,,,,
911352,1860,VESTVÅGØY,189575955,0,181.0,Garasjeuthus anneks til bolig,BR,Bygning revet/brent,10101,10101,10101,19.0,,,,,,,,,,
911353,1860,VESTVÅGØY,189578873,0,181.0,Garasjeuthus anneks til bolig,TB,Tatt i bruk,10101,10101,19400101,64.0,,,,,,,,,,
911354,1860,VESTVÅGØY,189581696,0,241.0,Hus for dyr/landbr.lager/silo,TB,Tatt i bruk,10101,10101,19300101,84.0,,,,,,,,,,
911355,1860,VESTVÅGØY,189575947,0,241.0,Hus for dyr/landbr.lager/silo,BR,Bygning revet/brent,10101,10101,10101,57.0,,,,,,,,,,
911356,1860,VESTVÅGØY,189578865,0,181.0,Garasjeuthus anneks til bolig,TB,Tatt i bruk,10101,10101,19710101,52.0,,,,,,,,,,
911357,1860,VESTVÅGØY,189581688,0,111.0,Enebolig,TB,Tatt i bruk,10101,10101,10101,196.0,,,56492983.0,Vikingveien,8011.0,376.0,,,8360.0,BØSTAD
911358,1860,VESTVÅGØY,189575610,0,161.0,Fritidsbygg(hyttersommerh. ol,BR,Bygning revet/brent,10101,10101,10101,0.0,,,,,,,,,,
911359,1860,VESTVÅGØY,189572867,0,181.0,Garasjeuthus anneks til bolig,TB,Tatt i bruk,10101,10101,10101,66.0,,,,,,,,,,
911360,1860,VESTVÅGØY,189575602,0,182.0,Garasjeuth.anneks til fritidb,BR,Bygning revet/brent,10101,10101,10101,0.0,,,,,,,,,,
911361,1860,VESTVÅGØY,189572859,0,171.0,Seterhus sel rorbu o.l.,TB,Tatt i bruk,10101,10101,10101,78.0,,,,,,,,,,
911362,1860,VESTVÅGØY,189575599,0,181.0,Garasjeuthus anneks til bolig,TB,Tatt i bruk,10101,10101,10101,54.0,,,,,,,,,,
911363,1860,VESTVÅGØY,189572840,0,161.0,Fritidsbygg(hyttersommerh. ol,TB,Tatt i bruk,10101,10101,19500101,204.3,,,478252834.0,Ureveien,6010.0,192.0,A,,8352.0,SENNESVIK
911364,1860,VESTVÅGØY,189575580,0,163.0,Våningh. benyttes som fritidsb,TB,Tatt i bruk,10101,10101,10101,145.0,,,56486638.0,Hagskarveien,3052.0,131.0,,,8370.0,LEKNES
911365,1860,VESTVÅGØY,189572832,0,171.0,Seterhus sel rorbu o.l.,TB,Tatt i bruk,10101,10101,19000101,60.0,,,,,,,,,,
911366,1860,VESTVÅGØY,189575572,0,111.0,Enebolig,TB,Tatt i bruk,10101,10101,10101,142.0,,,56486637.0,Hagskarveien,3052.0,130.0,,,8370.0,LEKNES
911367,1860,VESTVÅGØY,189575564,0,181.0,Garasjeuthus anneks til bolig,TB,Tatt i bruk,10101,10101,10101,33.0,,,,,,,,,,
911368,1860,VESTVÅGØY,189572824,1,136.0,Andre småhus m/3 boliger el fl,BU,Bygningsnummer utgått,19961126,19961130,19970317,280.0,,,,,,,,,,
911369,1860,VESTVÅGØY,189575556,0,181.0,Garasjeuthus anneks til bolig,TB,Tatt i bruk,10101,10101,10101,10.0,,,,,,,,,,
911370,1860,VESTVÅGØY,189572824,0,136.0,Andre småhus m/3 boliger el fl,TB,Tatt i bruk,10101,10101,19500101,867.0,,,,,,,,,,
911371,1860,VESTVÅGØY,189575548,0,111.0,Enebolig,BR,Bygning revet/brent,10101,10101,10101,40.0,,,,,,,,,,
911372,1860,VESTVÅGØY,189572816,0,244.0,Driftsb. fiske/fangst/oppdr,TB,Tatt i bruk,10101,10101,10101,554.0,,,,,,,,,,
911373,1860,VESTVÅGØY,189575521,0,111.0,Enebolig,BR,Bygning revet/brent,10101,10101,10101,239.0,,,,,,,,,,
911374,1860,VESTVÅGØY,189572808,0,244.0,Driftsb. fiske/fangst/oppdr,TB,Tatt i bruk,10101,10101,10101,96.0,,,,,,,,,,
911375,1860,VESTVÅGØY,189575513,0,111.0,Enebolig,TB,Tatt i bruk,10101,10101,19831027,197.0,,,56486632.0,Hagskarveien,3052.0,108.0,,,8370.0,LEKNES
911376,1860,VESTVÅGØY,189572794,0,245.0,Naust/redskapshus for fiske,TB,Tatt i bruk,10101,10101,10101,80.0,,,,,,,,,,
911377,1860,VESTVÅGØY,189575505,0,111.0,Enebolig,BR,Bygning revet/brent,10101,10101,10101,0.0,,,56497611.0,Hagskarveien,3052.0,110.0,,,8370.0,LEKNES
911378,1860,VESTVÅGØY,189572786,0,181.0,Garasjeuthus anneks til bolig,BR,Bygning revet/brent,10101,10101,10101,24.0,,,,,,,,,,
911379,1860,VESTVÅGØY,189575491,0,241.0,Hus for dyr/landbr.lager/silo,TB,Tatt i bruk,10101,10101,10101,142.0,,,,,,,,,,
911380,1860,VESTVÅGØY,189572778,0,183.0,Naust båthus sjøbu,TB,Tatt i bruk,10101,10101,10101,31.0,,,,,,,,,,
911381,1860,VESTVÅGØY,189575483,0,219.0,Annen industribygning,TB,Tatt i bruk,10101,10101,10101,180.0,,,,,,,,,,
911382,1860,VESTVÅGØY,189572751,0,181.0,Garasjeuthus anneks til bolig,TB,Tatt i bruk,10101,10101,10101,47.0,,,,,,,,,,
911383,1860,VESTVÅGØY,189575475,0,181.0,Garasjeuthus anneks til bolig,TB,Tatt i bruk,10101,10101,19881201,87.0,,,,,,,,,,
911384,1860,VESTVÅGØY,189572743,0,111.0,Enebolig,TB,Tatt i bruk,10101,10101,10101,171.4,,,56492241.0,Ureveien,6010.0,220.0,,,8352.0,SENNESVIK
911385,1860,VESTVÅGØY,189575467,0,111.0,Enebolig,TB,Tatt i bruk,10101,10101,19820419,238.0,,,56486629.0,Hagskarveien,3052.0,93.0,,,8370.0,LEKNES
911386,1860,VESTVÅGØY,189572735,0,111.0,Enebolig,TB,Tatt i bruk,10101,10101,10101,185.0,,,56492244.0,Ureveien,6010.0,224.0,,,8352.0,SENNESVIK
911387,1860,VESTVÅGØY,189575793,0,163.0,Våningh. benyttes som fritidsb,TB,Tatt i bruk,10101,10101,19100101,134.0,,,56495178.0,Finstadveien,6016.0,175.0,,,8340.0,STAMSUND
911388,1860,VESTVÅGØY,189578733,1,111.0,Enebolig,BU,Bygningsnummer utgått,19980709,10101,10101,40.0,,,,,,,,,,
911389,1860,VESTVÅGØY,189573030,0,181.0,Garasjeuthus anneks til bolig,TB,Tatt i bruk,10101,10101,10101,64.0,,,,,,,,,,
911390,1860,VESTVÅGØY,189575785,0,181.0,Garasjeuthus anneks til bolig,TB,Tatt i bruk,10101,10101,19300101,83.0,,,,,,,,,,
911391,1860,VESTVÅGØY,189578733,0,111.0,Enebolig,TB,Tatt i bruk,10101,10101,19550101,112.0,,,56486935.0,Skolegata,4000.0,9.0,,,8340.0,STAMSUND
911392,1860,VESTVÅGØY,189573022,0,181.0,Garasjeuthus anneks til bolig,BR,Bygning revet/brent,10101,10101,10101,0.0,,,,,,,,,,
911393,1860,VESTVÅGØY,189575777,0,181.0,Garasjeuthus anneks til bolig,TB,Tatt i bruk,10101,10101,10101,22.0,,,,,,,,,,
911394,1860,VESTVÅGØY,189578725,0,111.0,Enebolig,TB,Tatt i bruk,10101,10101,19790521,129.0,,,56487050.0,Svarholtveien,4011.0,1.0,,,8340.0,STAMSUND
911395,1860,VESTVÅGØY,189573014,0,181.0,Garasjeuthus anneks til bolig,TB,Tatt i bruk,10101,10101,10101,15.0,,,,,,,,,,
911396,1860,VESTVÅGØY,189575769,0,182.0,Garasjeuth.anneks til fritidb,TB,Tatt i bruk,10101,10101,10101,19.0,,,56489940.0,Torbergjorda,4050.0,90.0,,,8340.0,STAMSUND
911397,1860,VESTVÅGØY,189578717,0,111.0,Enebolig,TB,Tatt i bruk,10101,10101,10101,143.0,,,56495806.0,Steineveien,4043.0,126.0,,,8340.0,STAMSUND
911398,1860,VESTVÅGØY,189573006,0,183.0,Naust båthus sjøbu,TB,Tatt i bruk,10101,10101,10101,75.0,,,,,,,,,,
911399,1860,VESTVÅGØY,189575750,0,182.0,Garasjeuth.anneks til fritidb,TB,Tatt i bruk,10101,10101,10101,25.0,,,,,,,,,,
911400,1860,VESTVÅGØY,189578709,0,111.0,Enebolig,TB,Tatt i bruk,10101,10101,10101,69.0,,,56495667.0,Steineveien,4043.0,128.0,,,8340.0,STAMSUND
911401,1860,VESTVÅGØY,189572999,0,183.0,Naust båthus sjøbu,TB,Tatt i bruk,10101,10101,10101,90.0,,,,,,,,,,
911402,1860,VESTVÅGØY,189575742,0,161.0,Fritidsbygg(hyttersommerh. ol,TB,Tatt i bruk,10101,10101,10101,54.0,,,56489926.0,Torbergjorda,4050.0,16.0,,,8340.0,STAMSUND
911403,1860,VESTVÅGØY,189578695,0,181.0,Garasjeuthus anneks til bolig,TB,Tatt i bruk,10101,10101,10101,21.0,,,,,,,,,,
911404,1860,VESTVÅGØY,189572980,0,181.0,Garasjeuthus anneks til bolig,TB,Tatt i bruk,10101,10101,10101,18.0,,,,,,,,,,
911405,1860,VESTVÅGØY,189575734,0,161.0,Fritidsbygg(hyttersommerh. ol,TB,Tatt i bruk,10101,10101,10101,134.0,,,56489927.0,Torbergjorda,4050.0,18.0,,,8340.0,STAMSUND
911406,1860,VESTVÅGØY,189578687,0,183.0,Naust båthus sjøbu,TB,Tatt i bruk,10101,10101,10101,35.0,,,,,,,,,,
911407,1860,VESTVÅGØY,189572972,0,641.0,Museum kunstgalleri,TB,Tatt i bruk,10101,10101,10101,159.0,,,,,,,,,,
911408,1860,VESTVÅGØY,189575726,0,161.0,Fritidsbygg(hyttersommerh. ol,TB,Tatt i bruk,10101,10101,10101,70.0,,,56489931.0,Torbergjorda,4050.0,60.0,,,8340.0,STAMSUND
911409,1860,VESTVÅGØY,189578679,0,161.0,Fritidsbygg(hyttersommerh. ol,BR,Bygning revet/brent,10101,10101,10101,0.0,,,56495811.0,Steineveien,4043.0,210.0,,,8340.0,STAMSUND
911410,1860,VESTVÅGØY,189572964,0,641.0,Museum kunstgalleri,TB,Tatt i bruk,10101,10101,10101,145.0,,,56492228.0,Ureveien,6010.0,106.0,,,8352.0,SENNESVIK
911411,1860,VESTVÅGØY,189575718,0,161.0,Fritidsbygg(hyttersommerh. ol,TB,Tatt i bruk,10101,10101,10101,41.0,,,56489934.0,Torbergjorda,4050.0,68.0,,,8340.0,STAMSUND
911412,1860,VESTVÅGØY,189578660,0,181.0,Garasjeuthus anneks til bolig,TB,Tatt i bruk,10101,10101,19830101,40.0,,,,,,,,,,
911413,1860,VESTVÅGØY,189572956,0,181.0,Garasjeuthus anneks til bolig,TB,Tatt i bruk,10101,10101,10101,29.0,,,,,,,,,,
911414,1860,VESTVÅGØY,189575696,0,161.0,Fritidsbygg(hyttersommerh. ol,TB,Tatt i bruk,10101,10101,10101,35.0,,,56489936.0,Torbergjorda,4050.0,70.0,,,8340.0,STAMSUND
911415,1860,VESTVÅGØY,189578652,0,111.0,Enebolig,TB,Tatt i bruk,10101,10101,19760929,120.0,,,56497142.0,Steineveien,4043.0,216.0,,,8340.0,STAMSUND
911416,1860,VESTVÅGØY,189572948,0,111.0,Enebolig,TB,Tatt i bruk,10101,10101,10101,145.0,,,56492229.0,Ureveien,6010.0,116.0,,,8352.0,SENNESVIK
911417,1860,VESTVÅGØY,189575688,0,161.0,Fritidsbygg(hyttersommerh. ol,BR,Bygning revet/brent,10101,10101,10101,0.0,,,56489935.0,Torbergjorda,4050.0,69.0,,,8340.0,STAMSUND
911418,1860,VESTVÅGØY,189578644,0,111.0,Enebolig,TB,Tatt i bruk,10101,10101,10101,214.0,,,56495811.0,Steineveien,4043.0,210.0,,,8340.0,STAMSUND
911419,1860,VESTVÅGØY,189572921,0,163.0,Våningh. benyttes som fritidsb,TB,Tatt i bruk,10101,10101,10101,178.0,,,56492227.0,Ureveien,6010.0,105.0,,,8352.0,SENNESVIK
911420,1860,VESTVÅGØY,189575661,0,161.0,Fritidsbygg(hyttersommerh. ol,TB,Tatt i bruk,10101,10101,10101,40.0,,,56489930.0,Torbergjorda,4050.0,56.0,,,8340.0,STAMSUND
911421,1860,VESTVÅGØY,189578636,0,181.0,Garasjeuthus anneks til bolig,TB,Tatt i bruk,10101,10101,10101,43.0,,,,,,,,,,
911422,1860,VESTVÅGØY,189572913,0,163.0,Våningh. benyttes som fritidsb,TB,Tatt i bruk,10101,10101,10101,94.0,,,56492226.0,Ureveien,6010.0,103.0,,,8352.0,SENNESVIK
911423,1860,VESTVÅGØY,189575653,0,161.0,Fritidsbygg(hyttersommerh. ol,TB,Tatt i bruk,10101,10101,10101,30.0,,,56489929.0,Torbergjorda,4050.0,53.0,,,8340.0,STAMSUND
911424,1860,VESTVÅGØY,189578628,0,181.0,Garasjeuthus anneks til bolig,TB,Tatt i bruk,10101,10101,10101,99.0,,,,,,,,,,
911425,1860,VESTVÅGØY,189572905,0,181.0,Garasjeuthus anneks til bolig,TB,Tatt i bruk,10101,10101,10101,33.0,,,,,,,,,,
911426,1860,VESTVÅGØY,189575645,0,161.0,Fritidsbygg(hyttersommerh. ol,BR,Bygning revet/brent,10101,10101,10101,0.0,,,56489925.0,Torbergjorda,4050.0,88.0,,,8340.0,STAMSUND
911427,1860,VESTVÅGØY,189578601,0,241.0,Hus for dyr/landbr.lager/silo,TB,Tatt i bruk,10101,10101,10101,59.0,,,,,,,,,,
911428,1860,VESTVÅGØY,189572891,0,244.0,Driftsb. fiske/fangst/oppdr,BR,Bygning revet/brent,10101,10101,10101,0.0,,,,,,,,,,
911429,1860,VESTVÅGØY,189575637,0,161.0,Fritidsbygg(hyttersommerh. ol,TB,Tatt i bruk,10101,10101,10101,56.0,,,56489922.0,Torbergjorda,4050.0,72.0,,,8340.0,STAMSUND
911430,1860,VESTVÅGØY,189578598,0,241.0,Hus for dyr/landbr.lager/silo,TB,Tatt i bruk,10101,10101,10101,252.0,,,,,,,,,,
911431,1860,VESTVÅGØY,189572883,0,181.0,Garasjeuthus anneks til bolig,TB,Tatt i bruk,10101,10101,10101,62.0,,,,,,,,,,
911432,1860,VESTVÅGØY,189575629,0,161.0,Fritidsbygg(hyttersommerh. ol,TB,Tatt i bruk,10101,10101,10101,43.0,,,56489928.0,Torbergjorda,4050.0,32.0,,,8340.0,STAMSUND
911433,1860,VESTVÅGØY,189578571,0,181.0,Garasjeuthus anneks til bolig,TB,Tatt i bruk,10101,10101,10101,66.0,,,,,,,,,,
911434,1860,VESTVÅGØY,189572875,0,181.0,Garasjeuthus anneks til bolig,TB,Tatt i bruk,10101,10101,10101,80.0,,,,,,,,,,
911435,1860,VESTVÅGØY,189580924,0,111.0,Enebolig,TB,Tatt i bruk,10101,10101,10101,160.0,,,56493094.0,Steinfjordveien,8005.0,25.0,,,8360.0,BØSTAD
911436,1860,VESTVÅGØY,189578121,1,161.0,Fritidsbygg(hyttersommerh. ol,TB,Tatt i bruk,19790215,19790415,19801007,30.0,,,,,,,,,,
911437,1860,VESTVÅGØY,189580916,0,241.0,Hus for dyr/landbr.lager/silo,TB,Tatt i bruk,10101,10101,10101,341.0,,,,,,,,,,
911438,1860,VESTVÅGØY,189580908,0,181.0,Garasjeuthus anneks til bolig,TB,Tatt i bruk,10101,10101,10101,25.0,,,,,,,,,,
911439,1860,VESTVÅGØY,189575297,0,181.0,Garasjeuthus anneks til bolig,TB,Tatt i bruk,10101,10101,10101,22.0,,,,,,,,,,
911440,1860,VESTVÅGØY,189578121,0,161.0,Fritidsbygg(hyttersommerh. ol,TB,Tatt i bruk,19730116,10101,19750709,62.0,,,56495628.0,Sennesvikveien,6009.0,95.0,,,8352.0,SENNESVIK
911441,1860,VESTVÅGØY,189580894,0,111.0,Enebolig,BR,Bygning revet/brent,10101,10101,10101,0.0,,,56493091.0,Steinfjordveien,8005.0,27.0,,,8360.0,BØSTAD
911442,1860,VESTVÅGØY,189575289,0,181.0,Garasjeuthus anneks til bolig,TB,Tatt i bruk,10101,10101,10101,33.0,,,,,,,,,,
911443,1860,VESTVÅGØY,189578113,0,161.0,Fritidsbygg(hyttersommerh. ol,TB,Tatt i bruk,10101,10101,19240101,80.0,,,56495625.0,Finstadveien,6016.0,328.0,,,8340.0,STAMSUND
911444,1860,VESTVÅGØY,189580886,0,111.0,Enebolig,TB,Tatt i bruk,10101,10101,10101,238.0,,,56493096.0,Steinfjordveien,8005.0,59.0,,,8360.0,BØSTAD
911445,1860,VESTVÅGØY,189575270,0,181.0,Garasjeuthus anneks til bolig,TB,Tatt i bruk,10101,10101,10101,23.0,,,,,,,,,,
911446,1860,VESTVÅGØY,189578105,0,181.0,Garasjeuthus anneks til bolig,TB,Tatt i bruk,10101,10101,19240101,24.0,,,,,,,,,,
911447,1860,VESTVÅGØY,189580878,0,181.0,Garasjeuthus anneks til bolig,TB,Tatt i bruk,10101,10101,10101,188.0,,,,,,,,,,
911448,1860,VESTVÅGØY,189575262,0,182.0,Garasjeuth.anneks til fritidb,TB,Tatt i bruk,10101,10101,10101,34.0,,,,,,,,,,
911449,1860,VESTVÅGØY,189578091,0,183.0,Naust båthus sjøbu,TB,Tatt i bruk,10101,10101,19240101,35.0,,,,,,,,,,
911450,1860,VESTVÅGØY,189580851,0,241.0,Hus for dyr/landbr.lager/silo,TB,Tatt i bruk,10101,10101,10101,131.0,,,,,,,,,,
911451,1860,VESTVÅGØY,189575254,0,111.0,Enebolig,TB,Tatt i bruk,10101,10101,10101,173.0,,,56494966.0,Ureveien,6010.0,297.0,,,8352.0,SENNESVIK
911452,1860,VESTVÅGØY,189578083,0,181.0,Garasjeuthus anneks til bolig,TB,Tatt i bruk,10101,10101,10101,58.0,,,,,,,,,,
911453,1860,VESTVÅGØY,189580843,0,111.0,Enebolig,TB,Tatt i bruk,10101,10101,10101,174.0,,,56493097.0,Steinfjordveien,8005.0,63.0,,,8360.0,BØSTAD
911454,1860,VESTVÅGØY,189575246,0,111.0,Enebolig,TB,Tatt i bruk,10101,10101,19500101,217.0,,,56492266.0,Ureveien,6010.0,315.0,,,8352.0,SENNESVIK
911455,1860,VESTVÅGØY,189578075,0,111.0,Enebolig,TB,Tatt i bruk,10101,10101,10101,95.0,,,56495626.0,Sennesvikveien,6009.0,22.0,,,8352.0,SENNESVIK
911456,1860,VESTVÅGØY,189580835,0,111.0,Enebolig,TB,Tatt i bruk,10101,10101,10101,163.0,,,56493092.0,Steinfjordveien,8005.0,61.0,,,8360.0,BØSTAD
911457,1860,VESTVÅGØY,189575238,0,111.0,Enebolig,TB,Tatt i bruk,10101,10101,10101,152.0,,,56492263.0,Ureveien,6010.0,305.0,,,8352.0,SENNESVIK
911458,1860,VESTVÅGØY,189578067,0,111.0,Enebolig,TB,Tatt i bruk,10101,10101,19300101,72.0,,,56495624.0,Finstadveien,6016.0,282.0,,,8340.0,STAMSUND
911459,1860,VESTVÅGØY,189575211,0,111.0,Enebolig,TB,Tatt i bruk,10101,10101,10101,91.0,,,56492257.0,Ureveien,6010.0,307.0,,,8352.0,SENNESVIK
911460,1860,VESTVÅGØY,189578059,0,181.0,Garasjeuthus anneks til bolig,TB,Tatt i bruk,10101,10101,10101,52.0,,,,,,,,,,
911461,1860,VESTVÅGØY,189580827,1,111.0,Enebolig,TB,Tatt i bruk,19990603,19990710,19990901,27.0,,,,,,,,,,
911462,1860,VESTVÅGØY,189575203,0,111.0,Enebolig,TB,Tatt i bruk,10101,10101,10101,136.0,,,56492265.0,Ureveien,6010.0,311.0,,,8352.0,SENNESVIK
911463,1860,VESTVÅGØY,189578040,0,181.0,Garasjeuthus anneks til bolig,TB,Tatt i bruk,10101,10101,10101,56.0,,,,,,,,,,
911464,1860,VESTVÅGØY,189580827,0,111.0,Enebolig,TB,Tatt i bruk,10101,10101,10101,162.0,,,56493093.0,Steinfjordveien,8005.0,73.0,,,8360.0,BØSTAD
911465,1860,VESTVÅGØY,189575181,0,162.0,Helårsb.benyttes som fritidsb.,TB,Tatt i bruk,10101,10101,10101,80.0,,,56492264.0,Ureveien,6010.0,309.0,,,8352.0,SENNESVIK
911466,1860,VESTVÅGØY,189578032,0,111.0,Enebolig,TB,Tatt i bruk,10101,19500101,19500101,100.0,,,56495186.0,Finstadveien,6016.0,249.0,,,8340.0,STAMSUND
911467,1860,VESTVÅGØY,189580819,0,111.0,Enebolig,TB,Tatt i bruk,10101,10101,10101,151.0,,,56493098.0,Steinfjordveien,8005.0,66.0,,,8360.0,BØSTAD
911468,1860,VESTVÅGØY,189575173,0,162.0,Helårsb.benyttes som fritidsb.,TB,Tatt i bruk,10101,10101,10101,126.0,,,56494967.0,Ureveien,6010.0,299.0,,,8352.0,SENNESVIK
911469,1860,VESTVÅGØY,189580800,0,231.0,Lagerhall,TB,Tatt i bruk,10101,10101,10101,98.0,,,,,,,,,,
911470,1860,VESTVÅGØY,189575165,0,111.0,Enebolig,TB,Tatt i bruk,10101,10101,10101,413.0,,,56492259.0,Ureveien,6010.0,274.0,,,8352.0,SENNESVIK
911471,1860,VESTVÅGØY,189578024,0,162.0,Helårsb.benyttes som fritidsb.,TB,Tatt i bruk,10101,19500101,19500101,71.0,,,56495185.0,Finstadveien,6016.0,247.0,,,8340.0,STAMSUND
911472,1860,VESTVÅGØY,189580797,0,241.0,Hus for dyr/landbr.lager/silo,TB,Tatt i bruk,10101,10101,10101,107.0,,,,,,,,,,
911473,1860,VESTVÅGØY,189575157,0,111.0,Enebolig,TB,Tatt i bruk,10101,10101,10101,176.0,,,56492250.0,Ureveien,6010.0,275.0,,,8352.0,SENNESVIK
911474,1860,VESTVÅGØY,189580789,0,241.0,Hus for dyr/landbr.lager/silo,TB,Tatt i bruk,10101,10101,10101,87.0,,,,,,,,,,
911475,1860,VESTVÅGØY,189578326,0,161.0,Fritidsbygg(hyttersommerh. ol,BR,Bygning revet/brent,10101,10101,10101,0.0,,,56487448.0,Tabakkveien,4034.0,23.0,,,8340.0,STAMSUND
911476,1860,VESTVÅGØY,189581092,0,181.0,Garasjeuthus anneks til bolig,BR,Bygning revet/brent,10101,10101,10101,110.0,,,,,,,,,,
911477,1860,VESTVÅGØY,189578318,0,181.0,Garasjeuthus anneks til bolig,TB,Tatt i bruk,10101,10101,10101,64.0,,,,,,,,,,
911478,1860,VESTVÅGØY,189581084,0,111.0,Enebolig,TB,Tatt i bruk,10101,10101,10101,140.0,,,56492956.0,Vikingveien,8011.0,340.0,,,8360.0,BØSTAD
911479,1860,VESTVÅGØY,189578296,0,181.0,Garasjeuthus anneks til bolig,TB,Tatt i bruk,10101,10101,10101,22.0,,,,,,,,,,
911480,1860,VESTVÅGØY,189581076,0,181.0,Garasjeuthus anneks til bolig,BR,Bygning revet/brent,10101,10101,10101,57.0,,,,,,,,,,
911481,1860,VESTVÅGØY,189578288,0,111.0,Enebolig,TB,Tatt i bruk,10101,10101,19450101,143.0,,,56487445.0,Tabakkveien,4034.0,13.0,,,8340.0,STAMSUND
911482,1860,VESTVÅGØY,189581068,0,181.0,Garasjeuthus anneks til bolig,BR,Bygning revet/brent,10101,10101,10101,15.0,,,,,,,,,,
911483,1860,VESTVÅGØY,189578253,0,121.0,"Tomannsbolig, vertikaldelt",FA,Ferdigattest,10101,10101,10101,191.0,,,56496962.0,Tabakkveien,4034.0,18.0,,,8340.0,STAMSUND
911484,1860,VESTVÅGØY,189581041,0,181.0,Garasjeuthus anneks til bolig,TB,Tatt i bruk,10101,10101,10101,50.0,,,,,,,,,,
911485,1860,VESTVÅGØY,189578245,0,181.0,Garasjeuthus anneks til bolig,BR,Bygning revet/brent,10101,10101,10101,108.0,,,,,,,,,,
911486,1860,VESTVÅGØY,189581033,0,111.0,Enebolig,TB,Tatt i bruk,10101,10101,10101,177.0,,,56492952.0,Vikingveien,8011.0,330.0,,,8360.0,BØSTAD
911487,1860,VESTVÅGØY,189578237,0,181.0,Garasjeuthus anneks til bolig,TB,Tatt i bruk,10101,10101,10101,43.0,,,,,,,,,,
911488,1860,VESTVÅGØY,189581025,0,111.0,Enebolig,TB,Tatt i bruk,10101,10101,10101,104.0,,,56492978.0,Vikingveien,8011.0,326.0,,,8360.0,BØSTAD
911489,1860,VESTVÅGØY,189578229,0,181.0,Garasjeuthus anneks til bolig,TB,Tatt i bruk,10101,10101,10101,74.0,,,,,,,,,,
911490,1860,VESTVÅGØY,189581017,0,111.0,Enebolig,TB,Tatt i bruk,10101,10101,10101,217.0,,,56492950.0,Vikingveien,8011.0,324.0,,,8360.0,BØSTAD
911491,1860,VESTVÅGØY,189578210,0,111.0,Enebolig,TB,Tatt i bruk,10101,10101,19430101,97.0,,,56497130.0,J.M.Johansens vei,4040.0,262.0,,,8340.0,STAMSUND
911492,1860,VESTVÅGØY,189581009,0,181.0,Garasjeuthus anneks til bolig,TB,Tatt i bruk,10101,10101,10101,16.0,,,,,,,,,,
911493,1860,VESTVÅGØY,189578202,0,111.0,Enebolig,TB,Tatt i bruk,10101,10101,19790614,117.0,,,56487569.0,J.M.Johansens vei,4040.0,266.0,,,8340.0,STAMSUND
911494,1860,VESTVÅGØY,189580991,0,241.0,Hus for dyr/landbr.lager/silo,TB,Tatt i bruk,10101,10101,10101,91.0,,,,,,,,,,
911495,1860,VESTVÅGØY,189578199,0,181.0,Garasjeuthus anneks til bolig,GR,Bygning godkjent for riving/brenning,10101,10101,19450101,73.0,,,,,,,,,,
911496,1860,VESTVÅGØY,189580983,0,181.0,Garasjeuthus anneks til bolig,TB,Tatt i bruk,10101,10101,10101,95.0,,,,,,,,,,
911497,1860,VESTVÅGØY,189578180,0,181.0,Garasjeuthus anneks til bolig,BR,Bygning revet/brent,10101,10101,10101,0.0,,,,,,,,,,
911498,1860,VESTVÅGØY,189580975,0,111.0,Enebolig,TB,Tatt i bruk,10101,10101,10101,96.0,,,56492954.0,Vikingveien,8011.0,337.0,,,8360.0,BØSTAD
911499,1860,VESTVÅGØY,189578172,0,181.0,Garasjeuthus anneks til bolig,TB,Tatt i bruk,10101,10101,10101,26.0,,,,,,,,,,
911500,1860,VESTVÅGØY,189580967,0,111.0,Enebolig,TB,Tatt i bruk,10101,10101,10101,119.0,,,56492948.0,Vikingveien,8011.0,316.0,,,8360.0,BØSTAD
911501,1860,VESTVÅGØY,189578164,0,181.0,Garasjeuthus anneks til bolig,TB,Tatt i bruk,10101,10101,10101,119.0,,,,,,,,,,
911502,1860,VESTVÅGØY,189580959,0,181.0,Garasjeuthus anneks til bolig,TB,Tatt i bruk,10101,10101,10101,111.0,,,,,,,,,,
911503,1860,VESTVÅGØY,189578156,0,181.0,Garasjeuthus anneks til bolig,TB,Tatt i bruk,10101,10101,10101,25.0,,,,,,,,,,
911504,1860,VESTVÅGØY,189580940,0,181.0,Garasjeuthus anneks til bolig,TB,Tatt i bruk,10101,10101,10101,25.0,,,,,,,,,,
911505,1860,VESTVÅGØY,189578148,0,162.0,Helårsb.benyttes som fritidsb.,TB,Tatt i bruk,10101,10101,10101,160.0,,,56495629.0,Sennesvikveien,6009.0,96.0,,,8352.0,SENNESVIK
911506,1860,VESTVÅGØY,189580932,0,241.0,Hus for dyr/landbr.lager/silo,TB,Tatt i bruk,10101,10101,10101,187.0,,,,,,,,,,
911507,1860,VESTVÅGØY,189574975,0,111.0,Enebolig,TB,Tatt i bruk,10101,10101,10101,117.0,,,56495828.0,Steineveien,4043.0,77.0,,,8340.0,STAMSUND
911508,1860,VESTVÅGØY,189574967,0,111.0,Enebolig,TB,Tatt i bruk,10101,10101,19780914,140.0,,,56495672.0,Steineveien,4043.0,81.0,,,8340.0,STAMSUND
911509,1860,VESTVÅGØY,189577834,0,111.0,Enebolig,TB,Tatt i bruk,19680909,19681009,19690117,173.0,,,56495179.0,Finstadveien,6016.0,198.0,,,8340.0,STAMSUND
911510,1860,VESTVÅGØY,189574959,0,111.0,Enebolig,TB,Tatt i bruk,10101,10101,19811026,196.0,,,56489916.0,Akebakken,4048.0,4.0,,,8340.0,STAMSUND
911511,1860,VESTVÅGØY,189577826,0,161.0,Fritidsbygg(hyttersommerh. ol,BR,Bygning revet/brent,10101,10101,10101,0.0,,,,,,,,,,
911512,1860,VESTVÅGØY,189574940,0,183.0,Naust båthus sjøbu,TB,Tatt i bruk,10101,10101,10101,26.0,,,,,,,,,,
911513,1860,VESTVÅGØY,189577818,0,161.0,Fritidsbygg(hyttersommerh. ol,TB,Tatt i bruk,10101,10101,10101,33.0,,,56495119.0,Justadvika,7010.0,36.0,,,8340.0,STAMSUND
911514,1860,VESTVÅGØY,189574932,0,171.0,Seterhus sel rorbu o.l.,TB,Tatt i bruk,10101,10101,10101,56.0,,,,,,,,,,
911515,1860,VESTVÅGØY,189577796,0,181.0,Garasjeuthus anneks til bolig,TB,Tatt i bruk,10101,10101,10101,22.0,,,,,,,,,,
911516,1860,VESTVÅGØY,189574924,0,171.0,Seterhus sel rorbu o.l.,TB,Tatt i bruk,10101,10101,10101,209.0,,,,,,,,,,
911517,1860,VESTVÅGØY,189577788,0,161.0,Fritidsbygg(hyttersommerh. ol,TB,Tatt i bruk,10101,10101,10101,135.0,,,56495118.0,Justadvika,7010.0,30.0,,,8340.0,STAMSUND
911518,1860,VESTVÅGØY,189574916,0,171.0,Seterhus sel rorbu o.l.,TB,Tatt i bruk,10101,10101,10101,124.0,,,,,,,,,,
911519,1860,VESTVÅGØY,189577761,0,161.0,Fritidsbygg(hyttersommerh. ol,BR,Bygning revet/brent,10101,10101,10101,0.0,,,,,,,,,,
911520,1860,VESTVÅGØY,189574908,0,171.0,Seterhus sel rorbu o.l.,BU,Bygningsnummer utgått,10101,10101,10101,0.0,,,,,,,,,,
911521,1860,VESTVÅGØY,189577753,0,161.0,Fritidsbygg(hyttersommerh. ol,TB,Tatt i bruk,10101,10101,10101,65.0,,,56496349.0,Valbergsveien,7007.0,65.0,,,8340.0,STAMSUND
911522,1860,VESTVÅGØY,189574894,0,219.0,Annen industribygning,TB,Tatt i bruk,10101,10101,10101,496.0,,,56489907.0,Bakeriveien,4047.0,22.0,,,8340.0,STAMSUND
911523,1860,VESTVÅGØY,189577745,0,111.0,Enebolig,TB,Tatt i bruk,10101,10101,10101,132.0,,,56491575.0,Valbergsveien,7007.0,94.0,,,8340.0,STAMSUND
911524,1860,VESTVÅGØY,189574886,0,219.0,Annen industribygning,BU,Bygningsnummer utgått,10101,10101,10101,0.0,,,56489907.0,Bakeriveien,4047.0,22.0,,,8340.0,STAMSUND
911525,1860,VESTVÅGØY,189577737,0,241.0,Hus for dyr/landbr.lager/silo,TB,Tatt i bruk,10101,10101,10101,230.0,,,,,,,,,,
911526,1860,VESTVÅGØY,189574878,0,219.0,Annen industribygning,TB,Tatt i bruk,10101,10101,19750101,683.0,,,56489907.0,Bakeriveien,4047.0,22.0,,,8340.0,STAMSUND
911527,1860,VESTVÅGØY,189577729,0,241.0,Hus for dyr/landbr.lager/silo,BR,Bygning revet/brent,10101,10101,10101,0.0,,,,,,,,,,
911528,1860,VESTVÅGØY,189574851,0,245.0,Naust/redskapshus for fiske,BR,Bygning revet/brent,10101,10101,10101,69.0,,,,,,,,,,
911529,1860,VESTVÅGØY,189577710,0,113.0,Våningshus,TB,Tatt i bruk,10101,10101,10101,144.0,,,56491573.0,Valbergsveien,7007.0,48.0,,,8340.0,STAMSUND
911530,1860,VESTVÅGØY,189574843,0,219.0,Annen industribygning,BU,Bygningsnummer utgått,10101,10101,10101,0.0,,,,,,,,,,
911531,1860,VESTVÅGØY,189577702,0,111.0,Enebolig,TB,Tatt i bruk,10101,10101,10101,144.0,,,56489949.0,Skifjordveien,4052.0,76.0,,,8340.0,STAMSUND
911532,1860,VESTVÅGØY,189574835,0,181.0,Garasjeuthus anneks til bolig,TB,Tatt i bruk,10101,10101,10101,14.0,,,,,,,,,,
911533,1860,VESTVÅGØY,189577680,0,161.0,Fritidsbygg(hyttersommerh. ol,TB,Tatt i bruk,10101,10101,10101,106.0,,,56489952.0,Skifjordveien,4052.0,50.0,,,8340.0,STAMSUND
911534,1860,VESTVÅGØY,189574827,0,161.0,Fritidsbygg(hyttersommerh. ol,BR,Bygning revet/brent,10101,10101,10101,87.0,,,56497085.0,Akebakken,4048.0,2.0,,,8340.0,STAMSUND
911535,1860,VESTVÅGØY,189577672,0,111.0,Enebolig,TB,Tatt i bruk,10101,10101,10101,159.0,,,56489942.0,Skifjordveien,4052.0,30.0,,,8340.0,STAMSUND
911536,1860,VESTVÅGØY,189574819,0,111.0,Enebolig,TB,Tatt i bruk,10101,10101,19711201,158.0,,,56489911.0,Akebakken,4048.0,6.0,,,8340.0,STAMSUND
911537,1860,VESTVÅGØY,189577664,0,111.0,Enebolig,TB,Tatt i bruk,10101,10101,10101,123.0,,,56489941.0,Skifjordveien,4052.0,19.0,,,8340.0,STAMSUND
911538,1860,VESTVÅGØY,189575149,0,111.0,Enebolig,TB,Tatt i bruk,10101,10101,10101,73.0,,,56492248.0,Ureveien,6010.0,269.0,,,8352.0,SENNESVIK
911539,1860,VESTVÅGØY,189578016,0,111.0,Enebolig,TB,Tatt i bruk,19740212,19740312,19741223,164.0,,,56495184.0,Finstadveien,6016.0,226.0,,,8340.0,STAMSUND
911540,1860,VESTVÅGØY,189580770,0,181.0,Garasjeuthus anneks til bolig,TB,Tatt i bruk,10101,10101,10101,21.0,,,,,,,,,,
911541,1860,VESTVÅGØY,189575130,0,111.0,Enebolig,TB,Tatt i bruk,10101,10101,10101,165.0,,,56492251.0,Ureveien,6010.0,277.0,,,8352.0,SENNESVIK
911542,1860,VESTVÅGØY,189578008,0,111.0,Enebolig,TB,Tatt i bruk,10101,10101,19000101,184.0,,,56495183.0,Finstadveien,6016.0,206.0,,,8340.0,STAMSUND
911543,1860,VESTVÅGØY,189580762,0,111.0,Enebolig,TB,Tatt i bruk,10101,10101,10101,152.0,,,56493099.0,Steinfjordveien,8005.0,89.0,,,8360.0,BØSTAD
911544,1860,VESTVÅGØY,189575122,0,111.0,Enebolig,TB,Tatt i bruk,10101,10101,10101,112.0,,,56492260.0,Ureveien,6010.0,283.0,,,8352.0,SENNESVIK
911545,1860,VESTVÅGØY,189577990,0,241.0,Hus for dyr/landbr.lager/silo,TB,Tatt i bruk,10101,10101,10101,215.0,,,,,,,,,,
911546,1860,VESTVÅGØY,189580754,0,111.0,Enebolig,TB,Tatt i bruk,10101,10101,10101,135.0,,,56492318.0,Steinfjordveien,8005.0,124.0,,,8360.0,BØSTAD
911547,1860,VESTVÅGØY,189575114,0,162.0,Helårsb.benyttes som fritidsb.,TB,Tatt i bruk,10101,10101,10101,86.5,,,56492253.0,Ureveien,6010.0,285.0,,,8352.0,SENNESVIK
911548,1860,VESTVÅGØY,189577982,0,181.0,Garasjeuthus anneks til bolig,TB,Tatt i bruk,10101,10101,10101,24.0,,,,,,,,,,
911549,1860,VESTVÅGØY,189580746,0,111.0,Enebolig,TB,Tatt i bruk,10101,10101,10101,131.0,,,56492317.0,Steinfjordveien,8005.0,122.0,,,8360.0,BØSTAD
911550,1860,VESTVÅGØY,189575106,0,111.0,Enebolig,TB,Tatt i bruk,10101,10101,10101,83.0,,,56492254.0,Ureveien,6010.0,287.0,,,8352.0,SENNESVIK
911551,1860,VESTVÅGØY,189577974,0,181.0,Garasjeuthus anneks til bolig,TB,Tatt i bruk,10101,10101,10101,51.0,,,,,,,,,,
911552,1860,VESTVÅGØY,189580738,0,241.0,Hus for dyr/landbr.lager/silo,BR,Bygning revet/brent,10101,10101,10101,65.0,,,,,,,,,,
911553,1860,VESTVÅGØY,189575092,0,111.0,Enebolig,TB,Tatt i bruk,10101,10101,19480101,154.0,,,56492255.0,Ureveien,6010.0,289.0,,,8352.0,SENNESVIK
911554,1860,VESTVÅGØY,189577966,0,163.0,Våningh. benyttes som fritidsb,TB,Tatt i bruk,10101,10101,10101,125.0,,,56495182.0,Finstadveien,6016.0,199.0,,,8340.0,STAMSUND
911555,1860,VESTVÅGØY,189580711,0,241.0,Hus for dyr/landbr.lager/silo,TB,Tatt i bruk,10101,10101,19840101,304.0,,,,,,,,,,
911556,1860,VESTVÅGØY,189575084,0,111.0,Enebolig,TB,Tatt i bruk,10101,10101,10101,165.0,,,56492261.0,Ureveien,6010.0,291.0,,,8352.0,SENNESVIK
911557,1860,VESTVÅGØY,189577958,0,111.0,Enebolig,TB,Tatt i bruk,10101,10101,10101,148.0,,,56498458.0,Finstadveien,6016.0,180.0,,,8340.0,STAMSUND
911558,1860,VESTVÅGØY,189580681,0,111.0,Enebolig,TB,Tatt i bruk,10101,10101,19590101,136.0,,,56492278.0,Indre Steinfjordvei,8008.0,46.0,,,8360.0,BØSTAD
911559,1860,VESTVÅGØY,189575076,0,111.0,Enebolig,BR,Bygning revet/brent,10101,10101,10101,139.0,,,56492262.0,Ureveien,6010.0,295.0,,,8352.0,SENNESVIK
911560,1860,VESTVÅGØY,189577931,0,181.0,Garasjeuthus anneks til bolig,TB,Tatt i bruk,10101,10101,10101,22.0,,,,,,,,,,
911561,1860,VESTVÅGØY,189580673,0,111.0,Enebolig,TB,Tatt i bruk,10101,10101,19580101,152.0,,,56497093.0,Indre Steinfjordvei,8008.0,47.0,,,8360.0,BØSTAD
911562,1860,VESTVÅGØY,189575068,0,162.0,Helårsb.benyttes som fritidsb.,TB,Tatt i bruk,10101,10101,10101,175.0,,,56492247.0,Ureveien,6010.0,230.0,,,8352.0,SENNESVIK
911563,1860,VESTVÅGØY,189577923,0,181.0,Garasjeuthus anneks til bolig,BR,Bygning revet/brent,10101,10101,10101,0.0,,,,,,,,,,
911564,1860,VESTVÅGØY,189580665,0,241.0,Hus for dyr/landbr.lager/silo,BR,Bygning revet/brent,10101,10101,19550101,63.0,,,,,,,,,,
911565,1860,VESTVÅGØY,189575041,0,181.0,Garasjeuthus anneks til bolig,TB,Tatt i bruk,10101,10101,10101,41.0,,,,,,,,,,
911566,1860,VESTVÅGØY,189577915,0,241.0,Hus for dyr/landbr.lager/silo,GR,Bygning godkjent for riving/brenning,10101,10101,10101,133.0,,,56483904.0,,,,,0.0,8340.0,STAMSUND
911567,1860,VESTVÅGØY,189580657,0,182.0,Garasjeuth.anneks til fritidb,TB,Tatt i bruk,10101,10101,10101,92.0,,,,,,,,,,
911568,1860,VESTVÅGØY,189575033,0,163.0,Våningh. benyttes som fritidsb,TB,Tatt i bruk,10101,10101,10101,73.0,,,56492258.0,Ureveien,6010.0,249.0,,,8352.0,SENNESVIK
911569,1860,VESTVÅGØY,189577907,0,182.0,Garasjeuth.anneks til fritidb,TB,Tatt i bruk,10101,10101,10101,28.0,,,,,,,,,,
911570,1860,VESTVÅGØY,189580649,0,111.0,Enebolig,TB,Tatt i bruk,10101,10101,19470101,151.0,,,56492281.0,Indre Steinfjordvei,8008.0,53.0,,,8360.0,BØSTAD
911571,1860,VESTVÅGØY,189575025,0,161.0,Fritidsbygg(hyttersommerh. ol,TB,Tatt i bruk,10101,10101,10101,51.0,,,56498312.0,Steineveien,4043.0,84.0,,,8340.0,STAMSUND
911572,1860,VESTVÅGØY,189577893,0,161.0,Fritidsbygg(hyttersommerh. ol,TB,Tatt i bruk,10101,10101,10101,211.0,,,56498908.0,Finstadveien,6016.0,182.0,,,8340.0,STAMSUND
911573,1860,VESTVÅGØY,189580630,0,111.0,Enebolig,TB,Tatt i bruk,10101,10101,10101,128.0,,,56492280.0,Indre Steinfjordvei,8008.0,51.0,,,8360.0,BØSTAD
911574,1860,VESTVÅGØY,189575017,0,111.0,Enebolig,TB,Tatt i bruk,10101,10101,10101,49.0,,,56495830.0,Steineveien,4043.0,85.0,,,8340.0,STAMSUND
911575,1860,VESTVÅGØY,189577885,0,163.0,Våningh. benyttes som fritidsb,TB,Tatt i bruk,10101,10101,10101,89.0,,,56498460.0,Finstadveien,6016.0,184.0,,,8340.0,STAMSUND
911576,1860,VESTVÅGØY,189580622,0,111.0,Enebolig,TB,Tatt i bruk,10101,10101,10101,111.6,,,56492279.0,Indre Steinfjordvei,8008.0,49.0,,,8360.0,BØSTAD
911577,1860,VESTVÅGØY,189575009,0,111.0,Enebolig,BR,Bygning revet/brent,10101,10101,10101,0.0,,,,,,,,,,
911578,1860,VESTVÅGØY,189577877,0,219.0,Annen industribygning,TB,Tatt i bruk,10101,10101,10101,68.0,,,,,,,,,,
911579,1860,VESTVÅGØY,189574991,0,111.0,Enebolig,TB,Tatt i bruk,10101,10101,10101,43.0,,,56495805.0,Steineveien,4043.0,80.0,,,8340.0,STAMSUND
911580,1860,VESTVÅGØY,189577869,0,219.0,Annen industribygning,BR,Bygning revet/brent,10101,10101,10101,54.0,,,,,,,,,,
911581,1860,VESTVÅGØY,189574983,0,111.0,Enebolig,TB,Tatt i bruk,10101,10101,10101,40.0,,,56495829.0,Steineveien,4043.0,79.0,,,8340.0,STAMSUND
911582,1860,VESTVÅGØY,189577850,0,219.0,Annen industribygning,BR,Bygning revet/brent,10101,10101,10101,34.0,,,,,,,,,,
911583,1860,VESTVÅGØY,189581564,0,111.0,Enebolig,TB,Tatt i bruk,10101,10101,19800307,80.0,,,56493032.0,Vikingveien,8011.0,506.0,,,8360.0,BØSTAD
911584,1860,VESTVÅGØY,189581556,0,111.0,Enebolig,TB,Tatt i bruk,10101,10101,19500101,213.0,,,56493006.0,Vikingveien,8011.0,504.0,,,8360.0,BØSTAD
911585,1860,VESTVÅGØY,189581548,0,241.0,Hus for dyr/landbr.lager/silo,TB,Tatt i bruk,10101,10101,19390101,77.0,,,,,,,,,,
911586,1860,VESTVÅGØY,189581521,0,531.0,Restaurantbygning kafebygning,TB,Tatt i bruk,10101,10101,19670101,141.0,,,56493033.0,Vikingveien,8011.0,508.0,,,8360.0,BØSTAD
911587,1860,VESTVÅGØY,189581513,0,111.0,Enebolig,TB,Tatt i bruk,10101,10101,19800520,185.0,,,56493034.0,Vikingveien,8011.0,536.0,,,8360.0,BØSTAD
911588,1860,VESTVÅGØY,189581505,0,181.0,Garasjeuthus anneks til bolig,TB,Tatt i bruk,10101,10101,19300101,59.0,,,,,,,,,,
911589,1860,VESTVÅGØY,189581491,0,111.0,Enebolig,TB,Tatt i bruk,10101,10101,18950101,25.0,,,56493007.0,Vikingveien,8011.0,534.0,,,8360.0,BØSTAD
911590,1860,VESTVÅGØY,189581483,0,161.0,Fritidsbygg(hyttersommerh. ol,TB,Tatt i bruk,10101,10101,10101,62.0,,,56490031.0,Pollveien,5010.0,25.0,,,8360.0,BØSTAD
911591,1860,VESTVÅGØY,189581475,0,111.0,Enebolig,TB,Tatt i bruk,10101,10101,10101,237.0,,,56490228.0,Pollveien,5010.0,48.0,,,8360.0,BØSTAD
911592,1860,VESTVÅGØY,189581467,0,183.0,Naust båthus sjøbu,TB,Tatt i bruk,10101,10101,10101,25.0,,,,,,,,,,
911593,1860,VESTVÅGØY,189581459,0,181.0,Garasjeuthus anneks til bolig,TB,Tatt i bruk,10101,10101,10101,16.0,,,,,,,,,,
911594,1860,VESTVÅGØY,189581440,0,111.0,Enebolig,TB,Tatt i bruk,10101,10101,19500101,154.0,,,56490032.0,Pollveien,5010.0,30.0,,,8360.0,BØSTAD
911595,1860,VESTVÅGØY,189581432,0,111.0,Enebolig,TB,Tatt i bruk,10101,10101,10101,137.0,,,56492986.0,Vikingveien,8011.0,419.0,,,8360.0,BØSTAD
911596,1860,VESTVÅGØY,189581424,0,181.0,Garasjeuthus anneks til bolig,TB,Tatt i bruk,10101,10101,10101,28.0,,,,,,,,,,
911597,1860,VESTVÅGØY,189581408,0,241.0,Hus for dyr/landbr.lager/silo,TB,Tatt i bruk,10101,10101,10101,279.0,,,,,,,,,,
911598,1860,VESTVÅGØY,189581394,0,181.0,Garasjeuthus anneks til bolig,TB,Tatt i bruk,10101,10101,10101,215.0,,,,,,,,,,
911599,1860,VESTVÅGØY,189581645,0,181.0,Garasjeuthus anneks til bolig,TB,Tatt i bruk,10101,10101,10101,35.0,,,,,,,,,,
911600,1860,VESTVÅGØY,189581637,1,181.0,Garasjeuthus anneks til bolig,TB,Tatt i bruk,19990602,19990702,19991215,82.0,,,,,,,,,,
911601,1860,VESTVÅGØY,189581637,0,181.0,Garasjeuthus anneks til bolig,TB,Tatt i bruk,10101,10101,10101,136.0,,,,,,,,,,
911602,1860,VESTVÅGØY,189581629,0,181.0,Garasjeuthus anneks til bolig,TB,Tatt i bruk,10101,10101,10101,112.0,,,,,,,,,,
911603,1860,VESTVÅGØY,189581610,0,181.0,Garasjeuthus anneks til bolig,TB,Tatt i bruk,10101,10101,10101,28.0,,,,,,,,,,
911604,1860,VESTVÅGØY,189581602,0,241.0,Hus for dyr/landbr.lager/silo,TB,Tatt i bruk,10101,10101,10101,110.0,,,,,,,,,,
911605,1860,VESTVÅGØY,189581599,0,112.0,Enebolig m/hybel/sokkelleil.,TB,Tatt i bruk,10101,10101,19730101,161.0,,,56493005.0,Vikingveien,8011.0,499.0,,,8360.0,BØSTAD
911606,1860,VESTVÅGØY,189581580,1,111.0,Enebolig,FA,Ferdigattest,20060831,20060930,10101,41.0,,,,,,,,,,
911607,1860,VESTVÅGØY,189581580,0,111.0,Enebolig,TB,Tatt i bruk,10101,10101,10101,227.0,,,56497202.0,Prestegårdsveien,5009.0,9.0,,,8360.0,BØSTAD
911608,1860,VESTVÅGØY,189581572,0,161.0,Fritidsbygg(hyttersommerh. ol,TB,Tatt i bruk,10101,10101,10101,45.0,,,56493031.0,Vikingveien,8011.0,501.0,,,8360.0,BØSTAD
911609,1860,VESTVÅGØY,189578490,0,181.0,Garasjeuthus anneks til bolig,TB,Tatt i bruk,10101,10101,10101,40.0,,,,,,,,,,
911610,1860,VESTVÅGØY,189581246,0,181.0,Garasjeuthus anneks til bolig,TB,Tatt i bruk,10101,10101,10101,21.0,,,,,,,,,,
911611,1860,VESTVÅGØY,189578482,0,181.0,Garasjeuthus anneks til bolig,TB,Tatt i bruk,10101,10101,10101,30.0,,,,,,,,,,
911612,1860,VESTVÅGØY,189581238,0,181.0,Garasjeuthus anneks til bolig,TB,Tatt i bruk,10101,10101,10101,40.0,,,,,,,,,,
911613,1860,VESTVÅGØY,189578474,0,161.0,Fritidsbygg(hyttersommerh. ol,TB,Tatt i bruk,10101,10101,10101,93.0,,,56499057.0,Steineveien,4043.0,90.0,,,8340.0,STAMSUND
911614,1860,VESTVÅGØY,189581211,0,181.0,Garasjeuthus anneks til bolig,BU,Bygningsnummer utgått,10101,10101,10101,0.0,,,,,,,,,,
911615,1860,VESTVÅGØY,189578466,0,111.0,Enebolig,TB,Tatt i bruk,10101,10101,18630101,218.0,,,56495831.0,Steineveien,4043.0,87.0,,,8340.0,STAMSUND
911616,1860,VESTVÅGØY,189581203,0,111.0,Enebolig,BU,Bygningsnummer utgått,10101,10101,10101,0.0,,,,,,,,,,
911617,1860,VESTVÅGØY,189578458,0,529.0,Annen bygning for overnatting,TB,Tatt i bruk,10101,10101,19350101,338.3,,,,,,,,,,
911618,1860,VESTVÅGØY,189581181,0,111.0,Enebolig,TB,Tatt i bruk,10101,10101,10101,172.0,,,56492964.0,Vikingveien,8011.0,350.0,,,8360.0,BØSTAD
911619,1860,VESTVÅGØY,189578431,0,181.0,Garasjeuthus anneks til bolig,TB,Tatt i bruk,10101,10101,18630101,22.0,,,,,,,,,,
911620,1860,VESTVÅGØY,189581173,0,111.0,Enebolig,TB,Tatt i bruk,10101,10101,10101,145.0,,,56492962.0,Vikingveien,8011.0,348.0,,,8360.0,BØSTAD
911621,1860,VESTVÅGØY,189578423,0,181.0,Garasjeuthus anneks til bolig,TB,Tatt i bruk,10101,10101,18630101,40.0,,,,,,,,,,
911622,1860,VESTVÅGØY,189581165,0,111.0,Enebolig,TB,Tatt i bruk,10101,10101,10101,157.0,,,56492961.0,Vikingveien,8011.0,346.0,,,8360.0,BØSTAD
911623,1860,VESTVÅGØY,189578415,0,111.0,Enebolig,TB,Tatt i bruk,10101,10101,10101,143.0,,,56487451.0,Tabakkveien,4034.0,40.0,,,8340.0,STAMSUND
911624,1860,VESTVÅGØY,189581157,1,111.0,Enebolig,FA,Ferdigattest,20070606,20070706,20080301,18.0,,,56492959.0,Vikingveien,8011.0,342.0,,,8360.0,BØSTAD
911625,1860,VESTVÅGØY,189578407,0,181.0,Garasjeuthus anneks til bolig,TB,Tatt i bruk,10101,10101,10101,37.0,,,,,,,,,,
911626,1860,VESTVÅGØY,189581157,0,111.0,Enebolig,TB,Tatt i bruk,10101,10101,10101,175.0,,,56492959.0,Vikingveien,8011.0,342.0,,,8360.0,BØSTAD
911627,1860,VESTVÅGØY,189578393,0,181.0,Garasjeuthus anneks til bolig,TB,Tatt i bruk,10101,10101,10101,27.0,,,,,,,,,,
911628,1860,VESTVÅGØY,189581149,0,181.0,Garasjeuthus anneks til bolig,BR,Bygning revet/brent,10101,10101,10101,0.0,,,,,,,,,,
911629,1860,VESTVÅGØY,189578385,0,111.0,Enebolig,TB,Tatt i bruk,10101,10101,19540101,379.0,,,56487449.0,Tabakkveien,4034.0,27.0,,,8340.0,STAMSUND
911630,1860,VESTVÅGØY,189578377,0,111.0,Enebolig,TB,Tatt i bruk,10101,10101,10101,75.0,,,56487450.0,Tabakkveien,4034.0,31.0,,,8340.0,STAMSUND
911631,1860,VESTVÅGØY,189581130,1,161.0,Fritidsbygg(hyttersommerh. ol,TB,Tatt i bruk,20060927,20061027,20080901,15.0,,,,,,,,,,
911632,1860,VESTVÅGØY,189578369,0,241.0,Hus for dyr/landbr.lager/silo,TB,Tatt i bruk,10101,10101,19500101,199.0,,,,,,,,,,
911633,1860,VESTVÅGØY,189581130,0,161.0,Fritidsbygg(hyttersommerh. ol,TB,Tatt i bruk,10101,10101,10101,36.0,,,56492980.0,Vikingveien,8011.0,344.0,,,8360.0,BØSTAD
911634,1860,VESTVÅGØY,189578350,0,239.0,Annen lagerbygning,TB,Tatt i bruk,10101,10101,19500101,57.0,,,,,,,,,,
911635,1860,VESTVÅGØY,189581122,0,181.0,Garasjeuthus anneks til bolig,TB,Tatt i bruk,10101,10101,10101,56.0,,,,,,,,,,
911636,1860,VESTVÅGØY,189578342,0,163.0,Våningh. benyttes som fritidsb,BR,Bygning revet/brent,10101,10101,10101,42.0,,,56487448.0,Tabakkveien,4034.0,23.0,,,8340.0,STAMSUND
911637,1860,VESTVÅGØY,189581114,0,199.0,Annen boligbyg.(sek. reindrift,TB,Tatt i bruk,10101,10101,10101,211.0,,,56492963.0,Vikingveien,8011.0,349.0,,,8360.0,BØSTAD
911638,1860,VESTVÅGØY,189578334,0,182.0,Garasjeuth.anneks til fritidb,TB,Tatt i bruk,10101,10101,10101,12.0,,,,,,,,,,
911639,1860,VESTVÅGØY,189581106,0,199.0,Annen boligbyg.(sek. reindrift,TB,Tatt i bruk,10101,10101,10101,462.0,,,56496972.0,Vikingveien,8011.0,341.0,,,8360.0,BØSTAD
911640,1860,VESTVÅGØY,189581386,0,181.0,Garasjeuthus anneks til bolig,TB,Tatt i bruk,10101,10101,10101,92.0,,,,,,,,,,
911641,1860,VESTVÅGØY,189581378,0,111.0,Enebolig,TB,Tatt i bruk,10101,10101,10101,195.0,,,56492971.0,Vikingveien,8011.0,403.0,,,8360.0,BØSTAD
911642,1860,VESTVÅGØY,189581351,1,111.0,Enebolig,FA,Ferdigattest,10101,20070907,10101,20.0,,,56492968.0,Vikingveien,8011.0,395.0,,,8360.0,BØSTAD
911643,1860,VESTVÅGØY,189581351,0,111.0,Enebolig,TB,Tatt i bruk,10101,10101,10101,171.0,,,56492968.0,Vikingveien,8011.0,395.0,,,8360.0,BØSTAD
911644,1860,VESTVÅGØY,189581343,0,111.0,Enebolig,TB,Tatt i bruk,10101,10101,10101,102.0,,,56495040.0,Vikingveien,8011.0,397.0,,,8360.0,BØSTAD
911645,1860,VESTVÅGØY,189581335,0,181.0,Garasjeuthus anneks til bolig,TB,Tatt i bruk,10101,10101,10101,18.0,,,,,,,,,,
911646,1860,VESTVÅGØY,189581327,0,181.0,Garasjeuthus anneks til bolig,BR,Bygning revet/brent,10101,10101,10101,0.0,,,,,,,,,,
911647,1860,VESTVÅGØY,189581319,0,241.0,Hus for dyr/landbr.lager/silo,TB,Tatt i bruk,10101,10101,19400101,88.0,,,,,,,,,,
911648,1860,VESTVÅGØY,189581300,0,241.0,Hus for dyr/landbr.lager/silo,TB,Tatt i bruk,10101,10101,10101,69.0,,,,,,,,,,
911649,1860,VESTVÅGØY,189581297,0,161.0,Fritidsbygg(hyttersommerh. ol,TB,Tatt i bruk,10101,10101,19300101,35.0,,,,,,,,,,
911650,1860,VESTVÅGØY,189578563,0,111.0,Enebolig,TB,Tatt i bruk,10101,10101,19920630,191.0,,,56495809.0,Steineveien,4043.0,180.0,,,8340.0,STAMSUND
911651,1860,VESTVÅGØY,189581289,0,111.0,Enebolig,TB,Tatt i bruk,10101,10101,10101,152.0,,,56492967.0,Vikingveien,8011.0,374.0,,,8360.0,BØSTAD
911652,1860,VESTVÅGØY,189578547,0,111.0,Enebolig,TB,Tatt i bruk,19820615,10101,19830520,239.0,,,56495807.0,Steineveien,4043.0,148.0,,,8340.0,STAMSUND
911653,1860,VESTVÅGØY,189581270,0,111.0,Enebolig,TB,Tatt i bruk,10101,10101,10101,109.0,,,56492966.0,Vikingveien,8011.0,370.0,,,8360.0,BØSTAD
911654,1860,VESTVÅGØY,189578539,0,181.0,Garasjeuthus anneks til bolig,BR,Bygning revet/brent,10101,10101,10101,0.0,,,,,,,,,,
911655,1860,VESTVÅGØY,189581262,0,111.0,Enebolig,TB,Tatt i bruk,10101,10101,10101,157.0,,,56492982.0,Vikingveien,8011.0,358.0,,,8360.0,BØSTAD
911656,1860,VESTVÅGØY,189578520,0,181.0,Garasjeuthus anneks til bolig,TB,Tatt i bruk,10101,10101,10101,42.0,,,,,,,,,,
911657,1860,VESTVÅGØY,189578512,0,111.0,Enebolig,TB,Tatt i bruk,10101,10101,10101,97.0,,,56495833.0,Steineveien,4043.0,115.0,,,8340.0,STAMSUND
911658,1860,VESTVÅGØY,189581254,1,241.0,Hus for dyr/landbr.lager/silo,TB,Tatt i bruk,20050905,20051005,20060425,174.0,,,,,,,,,,
911659,1860,VESTVÅGØY,189578504,0,111.0,Enebolig,TB,Tatt i bruk,10101,10101,10101,150.0,,,56495832.0,Steineveien,4043.0,109.0,,,8340.0,STAMSUND
911660,1860,VESTVÅGØY,189581254,0,241.0,Hus for dyr/landbr.lager/silo,TB,Tatt i bruk,10101,10101,10101,315.0,,,,,,,,,,
911661,1860,VESTVÅGØY,189574630,0,245.0,Naust/redskapshus for fiske,TB,Tatt i bruk,10101,10101,19500101,37.0,,,,,,,,,,
911662,1860,VESTVÅGØY,189577486,0,111.0,Enebolig,TB,Tatt i bruk,10101,10101,19520101,217.0,,,56491572.0,Valbergsveien,7007.0,30.0,,,8340.0,STAMSUND
911663,1860,VESTVÅGØY,189574622,0,245.0,Naust/redskapshus for fiske,TB,Tatt i bruk,10101,10101,19350101,42.0,,,,,,,,,,
911664,1860,VESTVÅGØY,189577478,0,111.0,Enebolig,TB,Tatt i bruk,10101,10101,10101,144.0,,,56496352.0,Valbergsveien,7007.0,24.0,,,8340.0,STAMSUND
911665,1860,VESTVÅGØY,189574614,0,171.0,Seterhus sel rorbu o.l.,TB,Tatt i bruk,10101,10101,19200101,72.0,,,,,,,,,,
911666,1860,VESTVÅGØY,189577451,0,161.0,Fritidsbygg(hyttersommerh. ol,TB,Tatt i bruk,10101,10101,10101,28.0,,,56491571.0,Valbergsveien,7007.0,26.0,,,8340.0,STAMSUND
911667,1860,VESTVÅGØY,189574606,0,171.0,Seterhus sel rorbu o.l.,TB,Tatt i bruk,10101,10101,19100101,45.0,,,,,,,,,,
911668,1860,VESTVÅGØY,189574592,0,171.0,Seterhus sel rorbu o.l.,BR,Bygning revet/brent,10101,10101,10101,0.0,,,,,,,,,,
911669,1860,VESTVÅGØY,189574584,0,171.0,Seterhus sel rorbu o.l.,TB,Tatt i bruk,10101,10101,19100101,36.0,,,,,,,,,,
911670,1860,VESTVÅGØY,189574576,0,171.0,Seterhus sel rorbu o.l.,TB,Tatt i bruk,10101,10101,19150101,53.0,,,,,,,,,,
911671,1860,VESTVÅGØY,189574568,0,244.0,Driftsb. fiske/fangst/oppdr,TB,Tatt i bruk,10101,10101,19550101,329.0,,,,,,,,,,
911672,1860,VESTVÅGØY,189574541,0,244.0,Driftsb. fiske/fangst/oppdr,TB,Tatt i bruk,10101,10101,19200101,141.0,,,,,,,,,,
911673,1860,VESTVÅGØY,189574533,0,161.0,Fritidsbygg(hyttersommerh. ol,TB,Tatt i bruk,10101,10101,10101,23.0,,,,,,,,,,
911674,1860,VESTVÅGØY,189574525,0,182.0,Garasjeuth.anneks til fritidb,BR,Bygning revet/brent,10101,10101,10101,0.0,,,,,,,,,,
911675,1860,VESTVÅGØY,189574517,0,121.0,"Tomannsbolig, vertikaldelt",TB,Tatt i bruk,10101,10101,10101,266.0,,,56491475.0,Klubben,6014.0,25.0,,,8352.0,SENNESVIK
911676,1860,VESTVÅGØY,189574509,0,182.0,Garasjeuth.anneks til fritidb,TB,Tatt i bruk,10101,10101,10101,29.0,,,,,,,,,,
911677,1860,VESTVÅGØY,189574495,0,161.0,Fritidsbygg(hyttersommerh. ol,TB,Tatt i bruk,10101,10101,10101,73.0,,,56497087.0,Ureveien,6010.0,159.0,,,8352.0,SENNESVIK
911678,1860,VESTVÅGØY,189574487,0,181.0,Garasjeuthus anneks til bolig,TB,Tatt i bruk,10101,10101,10101,98.0,,,,,,,,,,
911679,1860,VESTVÅGØY,189574479,0,111.0,Enebolig,TB,Tatt i bruk,10101,10101,10101,102.0,,,56492236.0,Sjøbergveien,6019.0,11.0,,,8352.0,SENNESVIK
911680,1860,VESTVÅGØY,189574800,0,111.0,Enebolig,TB,Tatt i bruk,10101,10101,10101,148.0,,,56495827.0,Steineveien,4043.0,75.0,,,8340.0,STAMSUND
911681,1860,VESTVÅGØY,189577656,0,111.0,Enebolig,TB,Tatt i bruk,10101,10101,10101,138.0,,,56489951.0,Skifjordveien,4052.0,27.0,,,8340.0,STAMSUND
911682,1860,VESTVÅGØY,189574797,0,111.0,Enebolig,TB,Tatt i bruk,10101,10101,10101,159.0,,,56495804.0,Steineveien,4043.0,74.0,,,8340.0,STAMSUND
911683,1860,VESTVÅGØY,189577648,0,181.0,Garasjeuthus anneks til bolig,TB,Tatt i bruk,10101,10101,10101,70.0,,,,,,,,,,
911684,1860,VESTVÅGØY,189574789,0,111.0,Enebolig,TB,Tatt i bruk,10101,10101,10101,119.0,,,56489915.0,Akebakken,4048.0,3.0,,,8340.0,STAMSUND
911685,1860,VESTVÅGØY,189577621,0,181.0,Garasjeuthus anneks til bolig,TB,Tatt i bruk,10101,10101,10101,105.0,,,,,,,,,,
911686,1860,VESTVÅGØY,189574770,0,111.0,Enebolig,TB,Tatt i bruk,10101,10101,10101,114.0,,,56495803.0,Steineveien,4043.0,68.0,,,8340.0,STAMSUND
911687,1860,VESTVÅGØY,189577613,0,181.0,Garasjeuthus anneks til bolig,TB,Tatt i bruk,10101,10101,10101,64.0,,,,,,,,,,
911688,1860,VESTVÅGØY,189574762,0,111.0,Enebolig,TB,Tatt i bruk,10101,10101,19781027,119.0,,,56489910.0,Akebakken,4048.0,1.0,,,8340.0,STAMSUND
911689,1860,VESTVÅGØY,189577605,0,181.0,Garasjeuthus anneks til bolig,TB,Tatt i bruk,10101,10101,10101,23.0,,,,,,,,,,
911690,1860,VESTVÅGØY,189574754,0,111.0,Enebolig,TB,Tatt i bruk,10101,10101,19701210,164.0,,,56495825.0,Steineveien,4043.0,45.0,,,8340.0,STAMSUND
911691,1860,VESTVÅGØY,189577591,0,241.0,Hus for dyr/landbr.lager/silo,TB,Tatt i bruk,10101,10101,10101,101.0,,,,,,,,,,
911692,1860,VESTVÅGØY,189574746,0,111.0,Enebolig,TB,Tatt i bruk,10101,10101,19690101,143.0,,,56495671.0,Steineveien,4043.0,41.0,,,8340.0,STAMSUND
911693,1860,VESTVÅGØY,189577583,0,111.0,Enebolig,BR,Bygning revet/brent,10101,10101,10101,72.0,,,56489943.0,Skifjordveien,4052.0,31.0,,,8340.0,STAMSUND
911694,1860,VESTVÅGØY,189574738,0,111.0,Enebolig,TB,Tatt i bruk,10101,10101,10101,95.0,,,56489914.0,Bakeriveien,4047.0,5.0,,,8340.0,STAMSUND
911695,1860,VESTVÅGØY,189577575,0,111.0,Enebolig,TB,Tatt i bruk,10101,10101,10101,71.0,,,56489944.0,Skifjordveien,4052.0,33.0,,,8340.0,STAMSUND
911696,1860,VESTVÅGØY,189574711,0,111.0,Enebolig,TB,Tatt i bruk,10101,10101,18700101,352.0,,,56489913.0,Bakeriveien,4047.0,7.0,,,8340.0,STAMSUND
911697,1860,VESTVÅGØY,189577567,0,111.0,Enebolig,TB,Tatt i bruk,10101,10101,19801217,187.0,,,56489316.0,Hagskarveien,3052.0,390.0,,,8340.0,STAMSUND
911698,1860,VESTVÅGØY,189574703,0,161.0,Fritidsbygg(hyttersommerh. ol,TB,Tatt i bruk,10101,10101,19000101,170.0,,,417776510.0,Bakeriveien,4047.0,9.0,,,8340.0,STAMSUND
911699,1860,VESTVÅGØY,189577559,0,111.0,Enebolig,TB,Tatt i bruk,10101,10101,10101,214.0,,,56489312.0,Hagskarveien,3052.0,374.0,,,8340.0,STAMSUND
911700,1860,VESTVÅGØY,189574681,0,181.0,Garasjeuthus anneks til bolig,BR,Bygning revet/brent,10101,10101,10101,0.0,,,,,,,,,,
911701,1860,VESTVÅGØY,189577540,0,111.0,Enebolig,TB,Tatt i bruk,10101,10101,10101,167.0,,,56489315.0,Hagskarveien,3052.0,388.0,,,8340.0,STAMSUND
911702,1860,VESTVÅGØY,189574673,0,181.0,Garasjeuthus anneks til bolig,TB,Tatt i bruk,10101,10101,19100101,71.0,,,,,,,,,,
911703,1860,VESTVÅGØY,189577532,0,111.0,Enebolig,TB,Tatt i bruk,10101,10101,10101,120.0,,,56489317.0,Hagskarveien,3052.0,392.0,,,8340.0,STAMSUND
911704,1860,VESTVÅGØY,189574665,0,111.0,Enebolig,TB,Tatt i bruk,10101,10101,19671213,150.0,,,56495826.0,Steineveien,4043.0,57.0,,,8340.0,STAMSUND
911705,1860,VESTVÅGØY,189577524,0,111.0,Enebolig,TB,Tatt i bruk,10101,10101,10101,101.0,,,56489318.0,Hagskarveien,3052.0,394.0,,,8340.0,STAMSUND
911706,1860,VESTVÅGØY,189577516,0,111.0,Enebolig,TB,Tatt i bruk,10101,10101,10101,89.0,,,56491600.0,Valbergsveien,7007.0,44.0,,,8340.0,STAMSUND
911707,1860,VESTVÅGØY,189574649,1,322.0,Butikk/forretningsbygning,TB,Tatt i bruk,19920601,19920601,19920615,87.0,,,,,,,,,,
911708,1860,VESTVÅGØY,189577508,0,181.0,Garasjeuthus anneks til bolig,TB,Tatt i bruk,10101,10101,10101,16.0,,,,,,,,,,
911709,1860,VESTVÅGØY,189574649,0,322.0,Butikk/forretningsbygning,TB,Tatt i bruk,10101,10101,10101,282.0,,,56489912.0,Steineveien,4043.0,54.0,,,8340.0,STAMSUND
911710,1860,VESTVÅGØY,189577494,0,181.0,Garasjeuthus anneks til bolig,TB,Tatt i bruk,10101,10101,19500101,29.0,,,,,,,,,,
911711,1860,VESTVÅGØY,189574320,1,111.0,Enebolig,TB,Tatt i bruk,20070206,20070306,20071119,33.0,,,,,,,,,,
911712,1860,VESTVÅGØY,189574320,0,111.0,Enebolig,TB,Tatt i bruk,10101,10101,10101,131.0,,,56491670.0,Ureveien,6010.0,39.0,,,8352.0,SENNESVIK
911713,1860,VESTVÅGØY,189574312,0,111.0,Enebolig,TB,Tatt i bruk,10101,10101,10101,173.0,,,56492225.0,Ureveien,6010.0,77.0,,,8352.0,SENNESVIK
911714,1860,VESTVÅGØY,189574304,0,181.0,Garasjeuthus anneks til bolig,BR,Bygning revet/brent,10101,10101,10101,0.0,,,,,,,,,,
911715,1860,VESTVÅGØY,189574290,0,244.0,Driftsb. fiske/fangst/oppdr,TB,Tatt i bruk,10101,10101,10101,110.0,,,264293903.0,Sennesvikveien,6009.0,120.0,,,8352.0,SENNESVIK
911716,1860,VESTVÅGØY,189574282,0,244.0,Driftsb. fiske/fangst/oppdr,TB,Tatt i bruk,19840628,19840728,19880107,150.0,,,56495627.0,Sennesvikveien,6009.0,94.0,,,8352.0,SENNESVIK
911717,1860,VESTVÅGØY,189574274,0,244.0,Driftsb. fiske/fangst/oppdr,TB,Tatt i bruk,10101,10101,10101,29.0,,,,,,,,,,
911718,1860,VESTVÅGØY,189574266,0,161.0,Fritidsbygg(hyttersommerh. ol,TB,Tatt i bruk,10101,10101,10101,119.0,,,446644447.0,Sennesvikveien,6009.0,88.0,,,8352.0,SENNESVIK
911719,1860,VESTVÅGØY,189574258,0,241.0,Hus for dyr/landbr.lager/silo,TB,Tatt i bruk,10101,10101,19500101,96.0,,,,,,,,,,
911720,1860,VESTVÅGØY,189574231,0,111.0,Enebolig,BR,Bygning revet/brent,10101,10101,19500101,139.0,,,,,,,,,,
911721,1860,VESTVÅGØY,189574460,0,111.0,Enebolig,TB,Tatt i bruk,10101,10101,10101,174.0,,,56492237.0,Ureveien,6010.0,152.0,,,8352.0,SENNESVIK
911722,1860,VESTVÅGØY,189574452,0,111.0,Enebolig,TB,Tatt i bruk,10101,10101,10101,114.0,,,56492232.0,Ureveien,6010.0,154.0,,,8352.0,SENNESVIK
911723,1860,VESTVÅGØY,189574444,0,111.0,Enebolig,TB,Tatt i bruk,10101,10101,10101,160.0,,,56492238.0,Ureveien,6010.0,158.0,,,8352.0,SENNESVIK
911724,1860,VESTVÅGØY,189574436,0,111.0,Enebolig,TB,Tatt i bruk,10101,10101,19900101,116.0,,,56492239.0,Ureveien,6010.0,161.0,,,8352.0,SENNESVIK
911725,1860,VESTVÅGØY,189574428,0,111.0,Enebolig,BR,Bygning revet/brent,10101,10101,10101,84.0,,,56492240.0,Ureveien,6010.0,178.0,,,8352.0,SENNESVIK
911726,1860,VESTVÅGØY,189574401,1,219.0,Annen industribygning,TB,Tatt i bruk,20031121,20040102,20040915,302.0,,,56497772.0,Ureveien,6010.0,180.0,,,8352.0,SENNESVIK
911727,1860,VESTVÅGØY,189574401,0,219.0,Annen industribygning,TB,Tatt i bruk,10101,10101,19500101,1119.0,,,56497772.0,Ureveien,6010.0,180.0,,,8352.0,SENNESVIK
911728,1860,VESTVÅGØY,189574398,0,529.0,Annen bygning for overnatting,TB,Tatt i bruk,10101,10101,10101,292.0,,,,,,,,,,
911729,1860,VESTVÅGØY,189574371,1,161.0,Fritidsbygg(hyttersommerh. ol,BA,Bygging avlyst,19970923,10101,10101,30.0,,,,,,,,,,
911730,1860,VESTVÅGØY,189574371,0,161.0,Fritidsbygg(hyttersommerh. ol,TB,Tatt i bruk,10101,10101,10101,8.0,,,56497088.0,Ureveien,6010.0,176.0,,,8352.0,SENNESVIK
911731,1860,VESTVÅGØY,189574363,0,241.0,Hus for dyr/landbr.lager/silo,BR,Bygning revet/brent,10101,10101,10101,0.0,,,,,,,,,,
911732,1860,VESTVÅGØY,189574355,0,111.0,Enebolig,TB,Tatt i bruk,10101,10101,10101,45.0,,,56492233.0,Ureveien,6010.0,162.0,,,8352.0,SENNESVIK
911733,1860,VESTVÅGØY,189574347,0,181.0,Garasjeuthus anneks til bolig,BR,Bygning revet/brent,10101,10101,10101,0.0,,,,,,,,,,
911734,1860,VESTVÅGØY,189574339,0,181.0,Garasjeuthus anneks til bolig,TB,Tatt i bruk,10101,10101,10101,11.0,,,,,,,,,,
911735,1860,VESTVÅGØY,189580460,0,113.0,Våningshus,TB,Tatt i bruk,10101,10101,19320101,117.0,,,56492285.0,Indre Steinfjordvei,8008.0,99.0,,,8360.0,BØSTAD
911736,1860,VESTVÅGØY,189580452,1,123.0,"Våningshus, tomannsb./vertikal.",TB,Tatt i bruk,19980311,19980411,19980918,186.0,,,56492286.0,Indre Steinfjordvei,8008.0,101.0,,,8360.0,BØSTAD
911737,1860,VESTVÅGØY,189580452,0,123.0,"Våningshus, tomannsb./vertikal.",TB,Tatt i bruk,10101,10101,19980918,135.0,,,56492286.0,Indre Steinfjordvei,8008.0,101.0,,,8360.0,BØSTAD
911738,1860,VESTVÅGØY,189580444,0,111.0,Enebolig,TB,Tatt i bruk,10101,10101,19520101,167.0,,,56492284.0,Indre Steinfjordvei,8008.0,95.0,,,8360.0,BØSTAD
911739,1860,VESTVÅGØY,189580436,0,181.0,Garasjeuthus anneks til bolig,TB,Tatt i bruk,10101,10101,19520101,12.0,,,,,,,,,,
911740,1860,VESTVÅGØY,189580428,0,181.0,Garasjeuthus anneks til bolig,TB,Tatt i bruk,10101,10101,19520101,96.0,,,,,,,,,,
911741,1860,VESTVÅGØY,189580401,0,181.0,Garasjeuthus anneks til bolig,TB,Tatt i bruk,19880914,19881014,19881231,116.0,,,,,,,,,,
911742,1860,VESTVÅGØY,189580398,0,241.0,Hus for dyr/landbr.lager/silo,TB,Tatt i bruk,10101,10101,10101,226.0,,,,,,,,,,
911743,1860,VESTVÅGØY,189580371,0,111.0,Enebolig,TB,Tatt i bruk,19760513,19760613,19770204,166.0,,,56492287.0,Indre Steinfjordvei,8008.0,109.0,,,8360.0,BØSTAD
911744,1860,VESTVÅGØY,189580363,0,111.0,Enebolig,TB,Tatt i bruk,10101,10101,10101,52.0,,,56492288.0,Indre Steinfjordvei,8008.0,111.0,,,8360.0,BØSTAD
911745,1860,VESTVÅGØY,189580355,1,111.0,Enebolig,TB,Tatt i bruk,19991103,19991103,19991103,16.0,,,56492290.0,Indre Steinfjordvei,8008.0,119.0,,,8360.0,BØSTAD
911746,1860,VESTVÅGØY,189580355,0,111.0,Enebolig,TB,Tatt i bruk,10101,10101,19600618,159.0,,,56492290.0,Indre Steinfjordvei,8008.0,119.0,,,8360.0,BØSTAD
911747,1860,VESTVÅGØY,189580614,0,181.0,Garasjeuthus anneks til bolig,TB,Tatt i bruk,10101,10101,10101,64.0,,,,,,,,,,
911748,1860,VESTVÅGØY,189580606,0,181.0,Garasjeuthus anneks til bolig,BR,Bygning revet/brent,10101,10101,10101,0.0,,,,,,,,,,
911749,1860,VESTVÅGØY,189580592,0,181.0,Garasjeuthus anneks til bolig,BR,Bygning revet/brent,10101,10101,10101,0.0,,,,,,,,,,
911750,1860,VESTVÅGØY,189580584,0,111.0,Enebolig,TB,Tatt i bruk,10101,10101,10101,99.0,,,56497146.0,Indre Steinfjordvei,8008.0,44.0,,,8360.0,BØSTAD
911751,1860,VESTVÅGØY,189580576,0,111.0,Enebolig,TB,Tatt i bruk,10101,10101,10101,230.0,,,56492277.0,Indre Steinfjordvei,8008.0,43.0,,,8360.0,BØSTAD
911752,1860,VESTVÅGØY,189580568,0,181.0,Garasjeuthus anneks til bolig,TB,Tatt i bruk,10101,10101,10101,64.0,,,,,,,,,,
911753,1860,VESTVÅGØY,189580541,0,241.0,Hus for dyr/landbr.lager/silo,TB,Tatt i bruk,10101,10101,19500101,68.0,,,,,,,,,,
911754,1860,VESTVÅGØY,189580533,0,111.0,Enebolig,TB,Tatt i bruk,10101,10101,19000101,44.0,,,56492275.0,Indre Steinfjordvei,8008.0,35.0,,,8360.0,BØSTAD
911755,1860,VESTVÅGØY,189580525,0,111.0,Enebolig,TB,Tatt i bruk,10101,10101,10101,158.0,,,56492276.0,Indre Steinfjordvei,8008.0,37.0,,,8360.0,BØSTAD
911756,1860,VESTVÅGØY,189580517,0,111.0,Enebolig,TB,Tatt i bruk,10101,10101,10101,60.0,,,56492274.0,Indre Steinfjordvei,8008.0,24.0,,,8360.0,BØSTAD
911757,1860,VESTVÅGØY,189580509,0,111.0,Enebolig,TB,Tatt i bruk,10101,10101,10101,130.2,,,56492273.0,Indre Steinfjordvei,8008.0,18.0,,,8360.0,BØSTAD
911758,1860,VESTVÅGØY,189580495,0,111.0,Enebolig,TB,Tatt i bruk,10101,10101,10101,149.0,,,56488112.0,Indre Steinfjordvei,8008.0,4.0,,,8360.0,BØSTAD
911759,1860,VESTVÅGØY,189580487,0,181.0,Garasjeuthus anneks til bolig,BR,Bygning revet/brent,10101,10101,10101,0.0,,,,,,,,,,
911760,1860,VESTVÅGØY,189580479,0,241.0,Hus for dyr/landbr.lager/silo,TB,Tatt i bruk,10101,10101,19320101,82.0,,,,,,,,,,
911761,1860,VESTVÅGØY,189574169,0,111.0,Enebolig,TB,Tatt i bruk,19821018,19821101,19830228,175.3,,,56495635.0,Sennesvikveien,6009.0,183.0,,,8352.0,SENNESVIK
911762,1860,VESTVÅGØY,189576684,0,161.0,Fritidsbygg(hyttersommerh. ol,BR,Bygning revet/brent,10101,10101,10101,0.0,,,,,,,,,,
911763,1860,VESTVÅGØY,189574150,0,111.0,Enebolig,TB,Tatt i bruk,10101,10101,10101,145.0,,,56495636.0,Sennesvikveien,6009.0,185.0,,,8352.0,SENNESVIK
911764,1860,VESTVÅGØY,189576676,0,241.0,Hus for dyr/landbr.lager/silo,BR,Bygning revet/brent,10101,10101,10101,0.0,,,,,,,,,,
911765,1860,VESTVÅGØY,189574142,0,181.0,Garasjeuthus anneks til bolig,TB,Tatt i bruk,10101,10101,10101,61.0,,,,,,,,,,
911766,1860,VESTVÅGØY,189576668,0,181.0,Garasjeuthus anneks til bolig,TB,Tatt i bruk,10101,10101,10101,86.0,,,,,,,,,,
911767,1860,VESTVÅGØY,189574134,0,181.0,Garasjeuthus anneks til bolig,TB,Tatt i bruk,10101,10101,10101,63.0,,,,,,,,,,
911768,1860,VESTVÅGØY,189576641,0,181.0,Garasjeuthus anneks til bolig,TB,Tatt i bruk,10101,10101,10101,72.0,,,,,,,,,,
911769,1860,VESTVÅGØY,189574126,0,111.0,Enebolig,TB,Tatt i bruk,10101,10101,10101,88.0,,,56495637.0,Sennesvikveien,6009.0,189.0,,,8352.0,SENNESVIK
911770,1860,VESTVÅGØY,189576633,0,111.0,Enebolig,TB,Tatt i bruk,10101,10101,10101,279.5,,,56495814.0,Steineveien,4043.0,236.0,,,8340.0,STAMSUND
911771,1860,VESTVÅGØY,189574118,0,111.0,Enebolig,TB,Tatt i bruk,10101,10101,10101,158.0,,,56495639.0,Sennesvikveien,6009.0,203.0,,,8352.0,SENNESVIK
911772,1860,VESTVÅGØY,189576625,0,111.0,Enebolig,TB,Tatt i bruk,10101,10101,19790718,198.0,,,56495668.0,Steineveien,4043.0,250.0,,,8340.0,STAMSUND
911773,1860,VESTVÅGØY,189574096,0,111.0,Enebolig,TB,Tatt i bruk,10101,10101,10101,69.0,,,56495638.0,Sennesvikveien,6009.0,202.0,,,8352.0,SENNESVIK
911774,1860,VESTVÅGØY,189576617,1,111.0,Enebolig,FA,Ferdigattest,20060815,20060915,10101,37.0,,,,,,,,,,
911775,1860,VESTVÅGØY,189574088,0,183.0,Naust båthus sjøbu,BU,Bygningsnummer utgått,10101,10101,10101,0.0,,,,,,,,,,
911776,1860,VESTVÅGØY,189576617,0,111.0,Enebolig,TB,Tatt i bruk,10101,10101,10101,144.0,,,56495815.0,Steineveien,4043.0,240.0,,,8340.0,STAMSUND
911777,1860,VESTVÅGØY,189574061,0,183.0,Naust båthus sjøbu,TB,Tatt i bruk,10101,10101,10101,49.0,,,,,,,,,,
911778,1860,VESTVÅGØY,189576609,0,181.0,Garasjeuthus anneks til bolig,TB,Tatt i bruk,10101,10101,10101,120.0,,,,,,,,,,
911779,1860,VESTVÅGØY,189574053,0,181.0,Garasjeuthus anneks til bolig,TB,Tatt i bruk,10101,10101,10101,27.0,,,,,,,,,,
911780,1860,VESTVÅGØY,189576595,0,181.0,Garasjeuthus anneks til bolig,TB,Tatt i bruk,10101,10101,10101,70.0,,,,,,,,,,
911781,1860,VESTVÅGØY,189574045,0,181.0,Garasjeuthus anneks til bolig,TB,Tatt i bruk,10101,10101,10101,27.0,,,,,,,,,,
911782,1860,VESTVÅGØY,189576587,0,183.0,Naust båthus sjøbu,TB,Tatt i bruk,10101,10101,10101,23.0,,,,,,,,,,
911783,1860,VESTVÅGØY,189574037,0,181.0,Garasjeuthus anneks til bolig,TB,Tatt i bruk,10101,10101,10101,32.0,,,,,,,,,,
911784,1860,VESTVÅGØY,189576579,0,181.0,Garasjeuthus anneks til bolig,TB,Tatt i bruk,10101,10101,10101,46.0,,,,,,,,,,
911785,1860,VESTVÅGØY,189574010,0,111.0,Enebolig,TB,Tatt i bruk,10101,10101,10101,146.0,,,56495642.0,Sennesvikveien,6009.0,224.0,,,8352.0,SENNESVIK
911786,1860,VESTVÅGØY,189576560,0,182.0,Garasjeuth.anneks til fritidb,BR,Bygning revet/brent,10101,10101,10101,0.0,,,,,,,,,,
911787,1860,VESTVÅGØY,189574002,0,111.0,Enebolig,TB,Tatt i bruk,10101,10101,10101,111.0,,,56495659.0,Sennesvikveien,6009.0,239.0,,,8352.0,SENNESVIK
911788,1860,VESTVÅGØY,189576552,0,181.0,Garasjeuthus anneks til bolig,BR,Bygning revet/brent,10101,10101,10101,0.0,,,,,,,,,,
911789,1860,VESTVÅGØY,189573995,0,111.0,Enebolig,TB,Tatt i bruk,10101,10101,10101,77.0,,,56495644.0,Sennesvikveien,6009.0,245.0,,,8352.0,SENNESVIK
911790,1860,VESTVÅGØY,189576544,0,182.0,Garasjeuth.anneks til fritidb,TB,Tatt i bruk,10101,10101,10101,36.0,,,,,,,,,,
911791,1860,VESTVÅGØY,189573987,0,662.0,Samfunnshus grendehus,TB,Tatt i bruk,10101,10101,10101,96.0,,,56495645.0,Sennesvikveien,6009.0,247.0,,,8352.0,SENNESVIK
911792,1860,VESTVÅGØY,189576536,0,161.0,Fritidsbygg(hyttersommerh. ol,TB,Tatt i bruk,10101,10101,10101,125.0,,,56499055.0,J.M.Johansens vei,4040.0,316.0,,,8340.0,STAMSUND
911793,1860,VESTVÅGØY,189579756,0,181.0,Garasjeuthus anneks til bolig,TB,Tatt i bruk,10101,10101,10101,46.0,,,,,,,,,,
911794,1860,VESTVÅGØY,189576838,0,181.0,Garasjeuthus anneks til bolig,TB,Tatt i bruk,10101,10101,10101,36.0,,,,,,,,,,
911795,1860,VESTVÅGØY,189579748,0,181.0,Garasjeuthus anneks til bolig,BR,Bygning revet/brent,10101,10101,10101,0.0,,,,,,,,,,
911796,1860,VESTVÅGØY,189576811,0,111.0,Enebolig,BR,Bygning revet/brent,10101,10101,20010101,86.0,,,56495819.0,Steineveien,4043.0,274.0,,,8340.0,STAMSUND
911797,1860,VESTVÅGØY,189579721,0,181.0,Garasjeuthus anneks til bolig,TB,Tatt i bruk,10101,10101,19100101,16.0,,,,,,,,,,
911798,1860,VESTVÅGØY,189579713,0,161.0,Fritidsbygg(hyttersommerh. ol,TB,Tatt i bruk,10101,10101,19200101,46.0,,,56495117.0,Justadvika,7010.0,17.0,,,8340.0,STAMSUND
911799,1860,VESTVÅGØY,189576803,1,111.0,Enebolig,TB,Tatt i bruk,19990622,19990722,19991130,30.0,,,,,,,,,,
911800,1860,VESTVÅGØY,189579691,0,181.0,Garasjeuthus anneks til bolig,TB,Tatt i bruk,10101,10101,19520101,63.0,,,,,,,,,,
911801,1860,VESTVÅGØY,189576803,0,111.0,Enebolig,TB,Tatt i bruk,10101,10101,19580101,149.0,,,56495669.0,Steineveien,4043.0,260.0,,,8340.0,STAMSUND
911802,1860,VESTVÅGØY,189579683,0,111.0,Enebolig,TB,Tatt i bruk,10101,10101,19580101,164.0,,,56491577.0,Valbergsveien,7007.0,150.0,,,8340.0,STAMSUND
911803,1860,VESTVÅGØY,189574223,0,161.0,Fritidsbygg(hyttersommerh. ol,TB,Tatt i bruk,10101,10101,10101,64.0,,,56495631.0,Sennesvikveien,6009.0,171.0,,,8352.0,SENNESVIK
911804,1860,VESTVÅGØY,189576781,0,241.0,Hus for dyr/landbr.lager/silo,BR,Bygning revet/brent,10101,10101,19560101,80.0,,,,,,,,,,
911805,1860,VESTVÅGØY,189579675,1,111.0,Enebolig,TB,Tatt i bruk,10101,10101,19760101,104.0,,,,,,,,,,
911806,1860,VESTVÅGØY,189574215,0,181.0,Garasjeuthus anneks til bolig,TB,Tatt i bruk,10101,10101,19000101,58.0,,,,,,,,,,
911807,1860,VESTVÅGØY,189576773,0,181.0,Garasjeuthus anneks til bolig,TB,Tatt i bruk,10101,10101,19650101,43.0,,,,,,,,,,
911808,1860,VESTVÅGØY,189579675,0,111.0,Enebolig,TB,Tatt i bruk,10101,10101,19691113,162.0,,,56495115.0,Justadvika,7010.0,2.0,,,8340.0,STAMSUND
911809,1860,VESTVÅGØY,189574207,0,181.0,Garasjeuthus anneks til bolig,TB,Tatt i bruk,10101,10101,18500101,19.0,,,,,,,,,,
911810,1860,VESTVÅGØY,189576765,0,181.0,Garasjeuthus anneks til bolig,TB,Tatt i bruk,10101,10101,10101,43.0,,,,,,,,,,
911811,1860,VESTVÅGØY,189579667,0,183.0,Naust båthus sjøbu,TB,Tatt i bruk,10101,10101,19670101,25.0,,,,,,,,,,
911812,1860,VESTVÅGØY,189574193,0,111.0,Enebolig,TB,Tatt i bruk,10101,10101,19520101,118.0,,,56495633.0,Sennesvikveien,6009.0,177.0,,,8352.0,SENNESVIK
911813,1860,VESTVÅGØY,189576757,0,181.0,Garasjeuthus anneks til bolig,TB,Tatt i bruk,10101,10101,10101,48.0,,,,,,,,,,
911814,1860,VESTVÅGØY,189579659,0,161.0,Fritidsbygg(hyttersommerh. ol,TB,Tatt i bruk,10101,10101,10101,114.0,,,56495781.0,Justadvika,7010.0,24.0,,,8340.0,STAMSUND
911815,1860,VESTVÅGØY,189574185,0,111.0,Enebolig,TB,Tatt i bruk,10101,10101,18120101,93.0,,,56495634.0,Sennesvikveien,6009.0,179.0,,,8352.0,SENNESVIK
911816,1860,VESTVÅGØY,189576749,0,163.0,Våningh. benyttes som fritidsb,TB,Tatt i bruk,10101,10101,10101,86.0,,,56495818.0,Steineveien,4043.0,268.0,,,8340.0,STAMSUND
911817,1860,VESTVÅGØY,189579640,0,181.0,Garasjeuthus anneks til bolig,TB,Tatt i bruk,10101,10101,10101,12.0,,,,,,,,,,
911818,1860,VESTVÅGØY,189574177,0,111.0,Enebolig,TB,Tatt i bruk,10101,10101,10101,136.0,,,56495632.0,Sennesvikveien,6009.0,175.0,,,8352.0,SENNESVIK
911819,1860,VESTVÅGØY,189576730,0,111.0,Enebolig,GR,Bygning godkjent for riving/brenning,10101,10101,10101,156.0,,,56495812.0,Steineveien,4043.0,226.0,,,8340.0,STAMSUND
911820,1860,VESTVÅGØY,189579632,0,181.0,Garasjeuthus anneks til bolig,TB,Tatt i bruk,10101,10101,10101,19.0,,,,,,,,,,
911821,1860,VESTVÅGØY,189574169,2,111.0,Enebolig,TB,Tatt i bruk,20041221,20050201,20050301,27.0,,,56495635.0,Sennesvikveien,6009.0,183.0,,,8352.0,SENNESVIK
911822,1860,VESTVÅGØY,189576722,0,241.0,Hus for dyr/landbr.lager/silo,GR,Bygning godkjent for riving/brenning,10101,10101,10101,54.0,,,,,,,,,,
911823,1860,VESTVÅGØY,189579624,0,241.0,Hus for dyr/landbr.lager/silo,GR,Bygning godkjent for riving/brenning,10101,10101,10101,178.0,,,,,,,,,,
911824,1860,VESTVÅGØY,189576714,0,241.0,Hus for dyr/landbr.lager/silo,BU,Bygningsnummer utgått,10101,10101,10101,0.0,,,,,,,,,,
911825,1860,VESTVÅGØY,189579616,0,241.0,Hus for dyr/landbr.lager/silo,BR,Bygning revet/brent,10101,10101,10101,91.0,,,,,,,,,,
911826,1860,VESTVÅGØY,189574169,1,111.0,Enebolig,TB,Tatt i bruk,19950720,19950820,19950930,52.0,,,56495635.0,Sennesvikveien,6009.0,183.0,,,8352.0,SENNESVIK
911827,1860,VESTVÅGØY,189576706,0,181.0,Garasjeuthus anneks til bolig,TB,Tatt i bruk,10101,10101,10101,75.0,,,,,,,,,,
911828,1860,VESTVÅGØY,189579608,0,181.0,Garasjeuthus anneks til bolig,BR,Bygning revet/brent,10101,10101,10101,18.0,,,,,,,,,,
911829,1860,VESTVÅGØY,189576692,0,161.0,Fritidsbygg(hyttersommerh. ol,TB,Tatt i bruk,10101,10101,10101,162.0,,,56495816.0,Steineveien,4043.0,244.0,,,8340.0,STAMSUND
911830,1860,VESTVÅGØY,189573812,0,181.0,Garasjeuthus anneks til bolig,TB,Tatt i bruk,10101,10101,19500101,35.0,,,,,,,,,,
911831,1860,VESTVÅGØY,189573804,0,161.0,Fritidsbygg(hyttersommerh. ol,TB,Tatt i bruk,10101,10101,10101,117.0,,,56496366.0,Klubben,6014.0,31.0,,,8352.0,SENNESVIK
911832,1860,VESTVÅGØY,189573790,0,181.0,Garasjeuthus anneks til bolig,TB,Tatt i bruk,10101,10101,10101,40.0,,,,,,,,,,
911833,1860,VESTVÅGØY,189573782,0,111.0,Enebolig,TB,Tatt i bruk,10101,10101,10101,147.0,,,56491472.0,Klubben,6014.0,19.0,,,8352.0,SENNESVIK
911834,1860,VESTVÅGØY,189573774,0,111.0,Enebolig,TB,Tatt i bruk,10101,10101,10101,161.0,,,56491473.0,Klubben,6014.0,21.0,,,8352.0,SENNESVIK
911835,1860,VESTVÅGØY,189573766,0,111.0,Enebolig,TB,Tatt i bruk,10101,10101,10101,183.2,,,56491469.0,Klubben,6014.0,3.0,,,8352.0,SENNESVIK
911836,1860,VESTVÅGØY,189573758,0,181.0,Garasjeuthus anneks til bolig,TB,Tatt i bruk,10101,10101,10101,46.0,,,56491469.0,Klubben,6014.0,3.0,,,8352.0,SENNESVIK
911837,1860,VESTVÅGØY,189573731,0,241.0,Hus for dyr/landbr.lager/silo,BR,Bygning revet/brent,10101,10101,10101,0.0,,,,,,,,,,
911838,1860,VESTVÅGØY,189573723,0,181.0,Garasjeuthus anneks til bolig,BR,Bygning revet/brent,10101,10101,10101,0.0,,,,,,,,,,
911839,1860,VESTVÅGØY,189573715,0,181.0,Garasjeuthus anneks til bolig,TB,Tatt i bruk,10101,10101,10101,86.0,,,,,,,,,,
911840,1860,VESTVÅGØY,189573707,0,181.0,Garasjeuthus anneks til bolig,TB,Tatt i bruk,10101,10101,10101,61.0,,,,,,,,,,
911841,1860,VESTVÅGØY,189573693,0,181.0,Garasjeuthus anneks til bolig,TB,Tatt i bruk,10101,10101,10101,24.0,,,,,,,,,,
911842,1860,VESTVÅGØY,189573685,0,111.0,Enebolig,TB,Tatt i bruk,10101,10101,10101,148.0,,,56490924.0,Einangen,6003.0,252.0,,,8352.0,SENNESVIK
911843,1860,VESTVÅGØY,189573677,0,111.0,Enebolig,TB,Tatt i bruk,10101,10101,10101,134.0,,,56490922.0,Einangen,6003.0,250.0,,,8352.0,SENNESVIK
911844,1860,VESTVÅGØY,189573669,0,111.0,Enebolig,TB,Tatt i bruk,10101,10101,10101,98.0,,,56497086.0,Einangen,6003.0,248.0,,,8352.0,SENNESVIK
911845,1860,VESTVÅGØY,189573650,0,111.0,Enebolig,TB,Tatt i bruk,10101,10101,10101,103.0,,,56490928.0,Einangen,6003.0,261.0,,,8352.0,SENNESVIK
911846,1860,VESTVÅGØY,189573979,0,111.0,Enebolig,TB,Tatt i bruk,10101,10101,10101,148.0,,,56495646.0,Sennesvikveien,6009.0,248.0,,,8352.0,SENNESVIK
911847,1860,VESTVÅGØY,189576528,0,182.0,Garasjeuth.anneks til fritidb,TB,Tatt i bruk,10101,10101,10101,58.0,,,,,,,,,,
911848,1860,VESTVÅGØY,189576501,0,111.0,Enebolig,TB,Tatt i bruk,10101,10101,10101,103.0,,,56495834.0,Steineveien,4043.0,217.0,,,8340.0,STAMSUND
911849,1860,VESTVÅGØY,189573960,0,111.0,Enebolig,TB,Tatt i bruk,19670412,19670512,19671201,83.0,,,56495647.0,Sennesvikveien,6009.0,249.0,,,8352.0,SENNESVIK
911850,1860,VESTVÅGØY,189576498,0,524.0,Camping/utleiehytte,TB,Tatt i bruk,10101,10101,10101,27.0,,,56498259.0,Hagskarveien,3052.0,164.0,,,8370.0,LEKNES
911851,1860,VESTVÅGØY,189573952,0,111.0,Enebolig,TB,Tatt i bruk,10101,10101,10101,169.0,,,56495648.0,Sennesvikveien,6009.0,251.0,,,8352.0,SENNESVIK
911852,1860,VESTVÅGØY,189576471,0,524.0,Camping/utleiehytte,TB,Tatt i bruk,10101,10101,10101,27.0,,,56486643.0,Hagskarveien,3052.0,162.0,,,8370.0,LEKNES
911853,1860,VESTVÅGØY,189573944,0,322.0,Butikk/forretningsbygning,TB,Tatt i bruk,10101,10101,10101,220.0,,,56495651.0,Sennesvikveien,6009.0,255.0,,,8352.0,SENNESVIK
911854,1860,VESTVÅGØY,189576463,0,524.0,Camping/utleiehytte,BR,Bygning revet/brent,10101,10101,10101,0.0,,,,,,,,,,
911855,1860,VESTVÅGØY,189573936,0,181.0,Garasjeuthus anneks til bolig,TB,Tatt i bruk,10101,10101,10101,39.0,,,,,,,,,,
911856,1860,VESTVÅGØY,189576455,0,524.0,Camping/utleiehytte,BR,Bygning revet/brent,10101,10101,10101,0.0,,,,,,,,,,
911857,1860,VESTVÅGØY,189573928,0,111.0,Enebolig,BR,Bygning revet/brent,10101,10101,10101,0.0,,,56495645.0,Sennesvikveien,6009.0,247.0,,,8352.0,SENNESVIK
911858,1860,VESTVÅGØY,189576447,0,524.0,Camping/utleiehytte,BR,Bygning revet/brent,10101,10101,10101,0.0,,,,,,,,,,
911859,1860,VESTVÅGØY,189573901,0,111.0,Enebolig,BR,Bygning revet/brent,10101,10101,10101,0.0,,,56495650.0,Sennesvikveien,6009.0,262.0,,,8352.0,SENNESVIK
911860,1860,VESTVÅGØY,189576439,0,161.0,Fritidsbygg(hyttersommerh. ol,TB,Tatt i bruk,10101,10101,10101,85.0,,,,,,,,,,
911861,1860,VESTVÅGØY,189573898,0,111.0,Enebolig,TB,Tatt i bruk,10101,10101,10101,190.0,,,56491471.0,Klubben,6014.0,6.0,,,8352.0,SENNESVIK
911862,1860,VESTVÅGØY,189576420,0,111.0,Enebolig,BU,Bygningsnummer utgått,10101,10101,10101,0.0,,,,,,,,,,
911863,1860,VESTVÅGØY,189573871,0,111.0,Enebolig,TB,Tatt i bruk,10101,10101,10101,293.0,,,56491470.0,Klubben,6014.0,4.0,,,8352.0,SENNESVIK
911864,1860,VESTVÅGØY,189576412,0,181.0,Garasjeuthus anneks til bolig,BU,Bygningsnummer utgått,10101,10101,10101,0.0,,,,,,,,,,
911865,1860,VESTVÅGØY,189576404,0,161.0,Fritidsbygg(hyttersommerh. ol,TB,Tatt i bruk,10101,10101,10101,48.0,,,56497127.0,Hagskarveien,3052.0,326.0,,,8340.0,STAMSUND
911866,1860,VESTVÅGØY,189573863,0,249.0,Annen landbruksbygning,TB,Tatt i bruk,19721121,19721122,19730101,69.0,,,,,,,,,,
911867,1860,VESTVÅGØY,189573855,0,241.0,Hus for dyr/landbr.lager/silo,TB,Tatt i bruk,10101,10101,10101,174.0,,,,,,,,,,
911868,1860,VESTVÅGØY,189576390,0,161.0,Fritidsbygg(hyttersommerh. ol,TB,Tatt i bruk,19950627,19950727,19950905,33.0,,,56494985.0,,,,,0.0,8340.0,STAMSUND
911869,1860,VESTVÅGØY,189573847,0,183.0,Naust båthus sjøbu,BR,Bygning revet/brent,10101,10101,10101,0.0,,,,,,,,,,
911870,1860,VESTVÅGØY,189576382,0,161.0,Fritidsbygg(hyttersommerh. ol,TB,Tatt i bruk,10101,10101,10101,155.0,,,56489308.0,Hagskarveien,3052.0,332.0,,,8340.0,STAMSUND
911871,1860,VESTVÅGØY,189573839,0,111.0,Enebolig,TB,Tatt i bruk,10101,10101,10101,141.0,,,56491474.0,Klubben,6014.0,23.0,,,8352.0,SENNESVIK
911872,1860,VESTVÅGØY,189573820,0,111.0,Enebolig,TB,Tatt i bruk,10101,10101,10101,208.0,,,56491476.0,Klubben,6014.0,29.0,,,8352.0,SENNESVIK
911873,1860,VESTVÅGØY,189577346,0,111.0,Enebolig,TB,Tatt i bruk,10101,10101,10101,152.0,,,56489314.0,Hagskarveien,3052.0,384.0,,,8340.0,STAMSUND
911874,1860,VESTVÅGØY,189580207,0,111.0,Enebolig,TB,Tatt i bruk,10101,10101,10101,141.0,,,56492302.0,Indre Steinfjordvei,8008.0,178.0,,,8360.0,BØSTAD
911875,1860,VESTVÅGØY,189577338,0,111.0,Enebolig,TB,Tatt i bruk,10101,10101,10101,174.0,,,56489313.0,Hagskarveien,3052.0,376.0,,,8340.0,STAMSUND
911876,1860,VESTVÅGØY,189580193,0,181.0,Garasjeuthus anneks til bolig,TB,Tatt i bruk,10101,10101,10101,103.0,,,,,,,,,,
911877,1860,VESTVÅGØY,189582773,0,161.0,Fritidsbygg(hyttersommerh. ol,TB,Tatt i bruk,19850630,19860101,19860820,60.0,,,56498994.0,Pollveien,5010.0,75.0,,,8360.0,BØSTAD
911878,1860,VESTVÅGØY,189577311,0,111.0,Enebolig,TB,Tatt i bruk,10101,10101,10101,192.0,,,56496582.0,Hagskarveien,3052.0,372.0,,,8340.0,STAMSUND
911879,1860,VESTVÅGØY,189580185,0,181.0,Garasjeuthus anneks til bolig,BR,Bygning revet/brent,10101,10101,10101,0.0,,,,,,,,,,
911880,1860,VESTVÅGØY,189582765,0,182.0,Garasjeuth.anneks til fritidb,TB,Tatt i bruk,10101,10101,19680101,18.0,,,,,,,,,,
911881,1860,VESTVÅGØY,189577303,0,181.0,Garasjeuthus anneks til bolig,TB,Tatt i bruk,10101,10101,10101,32.0,,,,,,,,,,
911882,1860,VESTVÅGØY,189580177,0,181.0,Garasjeuthus anneks til bolig,TB,Tatt i bruk,10101,10101,10101,111.0,,,,,,,,,,
911883,1860,VESTVÅGØY,189577281,0,181.0,Garasjeuthus anneks til bolig,TB,Tatt i bruk,10101,10101,10101,53.0,,,,,,,,,,
911884,1860,VESTVÅGØY,189580169,0,111.0,Enebolig,TB,Tatt i bruk,10101,10101,10101,126.0,,,56492301.0,Indre Steinfjordvei,8008.0,177.0,,,8360.0,BØSTAD
911885,1860,VESTVÅGØY,189582757,1,161.0,Fritidsbygg(hyttersommerh. ol,TB,Tatt i bruk,20040920,20041001,20041101,16.0,,,56498448.0,Pollveien,5010.0,77.0,,,8360.0,BØSTAD
911886,1860,VESTVÅGØY,189577273,0,121.0,"Tomannsbolig, vertikaldelt",TB,Tatt i bruk,10101,10101,10101,178.0,,,56489323.0,Hagskarveien,3052.0,419.0,,,8340.0,STAMSUND
911887,1860,VESTVÅGØY,189580150,0,111.0,Enebolig,TB,Tatt i bruk,10101,10101,10101,166.0,,,56492303.0,Indre Steinfjordvei,8008.0,179.0,,,8360.0,BØSTAD
911888,1860,VESTVÅGØY,189582757,0,161.0,Fritidsbygg(hyttersommerh. ol,TB,Tatt i bruk,10101,10101,19640101,72.0,,,56498448.0,Pollveien,5010.0,77.0,,,8360.0,BØSTAD
911889,1860,VESTVÅGØY,189577257,0,111.0,Enebolig,TB,Tatt i bruk,10101,10101,10101,90.0,,,56489324.0,Hagskarveien,3052.0,425.0,,,8340.0,STAMSUND
911890,1860,VESTVÅGØY,189580142,0,181.0,Garasjeuthus anneks til bolig,TB,Tatt i bruk,10101,10101,19770101,40.0,,,,,,,,,,
911891,1860,VESTVÅGØY,189577249,0,111.0,Enebolig,TB,Tatt i bruk,10101,10101,10101,190.0,,,56489322.0,Hagskarveien,3052.0,415.0,,,8340.0,STAMSUND
911892,1860,VESTVÅGØY,189580134,0,181.0,Garasjeuthus anneks til bolig,TB,Tatt i bruk,10101,10101,10101,30.0,,,,,,,,,,
911893,1860,VESTVÅGØY,189582749,1,241.0,Hus for dyr/landbr.lager/silo,TB,Tatt i bruk,19981106,19981201,19991201,65.0,,,,,,,,,,
911894,1860,VESTVÅGØY,189577230,0,181.0,Garasjeuthus anneks til bolig,TB,Tatt i bruk,10101,10101,10101,79.0,,,,,,,,,,
911895,1860,VESTVÅGØY,189580126,0,181.0,Garasjeuthus anneks til bolig,TB,Tatt i bruk,10101,10101,10101,65.0,,,,,,,,,,
911896,1860,VESTVÅGØY,189582749,0,241.0,Hus for dyr/landbr.lager/silo,TB,Tatt i bruk,10101,10101,10101,354.0,,,,,,,,,,
911897,1860,VESTVÅGØY,189577222,0,181.0,Garasjeuthus anneks til bolig,TB,Tatt i bruk,10101,10101,10101,55.0,,,,,,,,,,
911898,1860,VESTVÅGØY,189580118,0,181.0,Garasjeuthus anneks til bolig,TB,Tatt i bruk,10101,10101,10101,97.0,,,,,,,,,,
911899,1860,VESTVÅGØY,189582730,0,111.0,Enebolig,TB,Tatt i bruk,10101,10101,19900101,172.0,,,56490231.0,Pollveien,5010.0,103.0,,,8360.0,BØSTAD
911900,1860,VESTVÅGØY,189577214,0,111.0,Enebolig,TB,Tatt i bruk,10101,10101,10101,77.0,,,56489321.0,Hagskarveien,3052.0,405.0,,,8340.0,STAMSUND
911901,1860,VESTVÅGØY,189580096,0,111.0,Enebolig,TB,Tatt i bruk,10101,10101,10101,146.0,,,56492309.0,Indre Steinfjordvei,8008.0,189.0,,,8360.0,BØSTAD
911902,1860,VESTVÅGØY,189582722,0,181.0,Garasjeuthus anneks til bolig,TB,Tatt i bruk,10101,10101,10101,66.0,,,,,,,,,,
911903,1860,VESTVÅGØY,189577206,0,662.0,Samfunnshus grendehus,TB,Tatt i bruk,10101,10101,10101,120.0,,,56489284.0,Hagskarveien,3052.0,409.0,,,8340.0,STAMSUND
911904,1860,VESTVÅGØY,189580088,0,111.0,Enebolig,TB,Tatt i bruk,10101,10101,19260101,140.0,,,56492310.0,Indre Steinfjordvei,8008.0,195.0,,,8360.0,BØSTAD
911905,1860,VESTVÅGØY,189582714,0,181.0,Garasjeuthus anneks til bolig,TB,Tatt i bruk,10101,10101,10101,19.0,,,,,,,,,,
911906,1860,VESTVÅGØY,189577192,0,181.0,Garasjeuthus anneks til bolig,TB,Tatt i bruk,10101,10101,10101,28.0,,,,,,,,,,
911907,1860,VESTVÅGØY,189580061,0,181.0,Garasjeuthus anneks til bolig,TB,Tatt i bruk,10101,10101,19500101,20.0,,,,,,,,,,
911908,1860,VESTVÅGØY,189582706,0,111.0,Enebolig,TB,Tatt i bruk,10101,10101,10101,175.0,,,56490232.0,Pollveien,5010.0,137.0,,,8360.0,BØSTAD
911909,1860,VESTVÅGØY,189577184,0,181.0,Garasjeuthus anneks til bolig,TB,Tatt i bruk,10101,10101,10101,23.0,,,,,,,,,,
911910,1860,VESTVÅGØY,189580053,0,181.0,Garasjeuthus anneks til bolig,TB,Tatt i bruk,10101,10101,19260101,94.0,,,,,,,,,,
911911,1860,VESTVÅGØY,189582692,0,161.0,Fritidsbygg(hyttersommerh. ol,TB,Tatt i bruk,10101,10101,10101,0.0,,,56497095.0,Rystadveien,5019.0,41.0,,,8360.0,BØSTAD
911912,1860,VESTVÅGØY,189577176,0,111.0,Enebolig,TB,Tatt i bruk,10101,10101,10101,74.0,,,56495823.0,Steineveien,4043.0,328.0,,,8340.0,STAMSUND
911913,1860,VESTVÅGØY,189580045,0,241.0,Hus for dyr/landbr.lager/silo,TB,Tatt i bruk,10101,10101,19500101,169.0,,,,,,,,,,
911914,1860,VESTVÅGØY,189577168,0,162.0,Helårsb.benyttes som fritidsb.,TB,Tatt i bruk,10101,10101,10101,77.0,,,56489311.0,Hagskarveien,3052.0,362.0,,,8340.0,STAMSUND
911915,1860,VESTVÅGØY,189580037,0,111.0,Enebolig,TB,Tatt i bruk,10101,10101,19500101,219.0,,,56492304.0,Indre Steinfjordvei,8008.0,207.0,,,8360.0,BØSTAD
911916,1860,VESTVÅGØY,189580347,1,111.0,Enebolig,TB,Tatt i bruk,20070613,20070713,20080101,8.0,,,,,,,,,,
911917,1860,VESTVÅGØY,189580347,0,111.0,Enebolig,TB,Tatt i bruk,10101,10101,19520101,295.0,,,56492289.0,Indre Steinfjordvei,8008.0,117.0,,,8360.0,BØSTAD
911918,1860,VESTVÅGØY,189580339,0,181.0,Garasjeuthus anneks til bolig,TB,Tatt i bruk,10101,10101,19500101,55.0,,,,,,,,,,
911919,1860,VESTVÅGØY,189580320,0,241.0,Hus for dyr/landbr.lager/silo,BR,Bygning revet/brent,10101,10101,10101,0.0,,,,,,,,,,
911920,1860,VESTVÅGØY,189580312,0,161.0,Fritidsbygg(hyttersommerh. ol,TB,Tatt i bruk,10101,10101,10101,76.0,,,56492292.0,Indre Steinfjordvei,8008.0,122.0,,,8360.0,BØSTAD
911921,1860,VESTVÅGØY,189577443,0,111.0,Enebolig,TB,Tatt i bruk,10101,10101,10101,35.0,,,56496353.0,Valbergsveien,7007.0,22.0,,,8340.0,STAMSUND
911922,1860,VESTVÅGØY,189580304,0,181.0,Garasjeuthus anneks til bolig,BR,Bygning revet/brent,10101,10101,10101,0.0,,,,,,,,,,
911923,1860,VESTVÅGØY,189577435,0,181.0,Garasjeuthus anneks til bolig,TB,Tatt i bruk,10101,10101,10101,10.0,,,,,,,,,,
911924,1860,VESTVÅGØY,189580290,0,181.0,Garasjeuthus anneks til bolig,TB,Tatt i bruk,10101,10101,10101,62.0,,,,,,,,,,
911925,1860,VESTVÅGØY,189577427,0,181.0,Garasjeuthus anneks til bolig,TB,Tatt i bruk,10101,10101,19880209,30.0,,,,,,,,,,
911926,1860,VESTVÅGØY,189580282,0,181.0,Garasjeuthus anneks til bolig,TB,Tatt i bruk,10101,10101,10101,74.0,,,,,,,,,,
911927,1860,VESTVÅGØY,189577419,0,181.0,Garasjeuthus anneks til bolig,TB,Tatt i bruk,10101,10101,10101,51.0,,,,,,,,,,
911928,1860,VESTVÅGØY,189580274,0,111.0,Enebolig,BR,Bygning revet/brent,10101,10101,10101,0.0,,,,,,,,,,
911929,1860,VESTVÅGØY,189577400,0,111.0,Enebolig,TB,Tatt i bruk,10101,10101,10101,267.0,,,56491569.0,Valbergsveien,7007.0,18.0,,,8340.0,STAMSUND
911930,1860,VESTVÅGØY,189580266,1,111.0,Enebolig,TB,Tatt i bruk,10101,10101,19880114,17.0,,,,,,,,,,
911931,1860,VESTVÅGØY,189577397,0,111.0,Enebolig,TB,Tatt i bruk,10101,10101,19740204,184.0,,,56491570.0,Valbergsveien,7007.0,20.0,,,8340.0,STAMSUND
911932,1860,VESTVÅGØY,189580266,0,111.0,Enebolig,TB,Tatt i bruk,10101,10101,19460101,175.0,,,56492298.0,Indre Steinfjordvei,8008.0,146.0,,,8360.0,BØSTAD
911933,1860,VESTVÅGØY,189577389,0,111.0,Enebolig,TB,Tatt i bruk,10101,10101,10101,118.0,,,56491568.0,Valbergsveien,7007.0,12.0,,,8340.0,STAMSUND
911934,1860,VESTVÅGØY,189580258,0,181.0,Garasjeuthus anneks til bolig,TB,Tatt i bruk,10101,10101,19520101,22.0,,,,,,,,,,
911935,1860,VESTVÅGØY,189577370,0,111.0,Enebolig,TB,Tatt i bruk,10101,10101,10101,200.0,,,56489320.0,Hagskarveien,3052.0,398.0,,,8340.0,STAMSUND
911936,1860,VESTVÅGØY,189580231,0,181.0,Garasjeuthus anneks til bolig,TB,Tatt i bruk,10101,10101,10101,17.0,,,,,,,,,,
911937,1860,VESTVÅGØY,189577362,0,181.0,Garasjeuthus anneks til bolig,TB,Tatt i bruk,10101,10101,19910711,29.0,,,,,,,,,,
911938,1860,VESTVÅGØY,189580223,0,181.0,Garasjeuthus anneks til bolig,TB,Tatt i bruk,10101,10101,10101,82.0,,,,,,,,,,
911939,1860,VESTVÅGØY,189577354,0,181.0,Garasjeuthus anneks til bolig,TB,Tatt i bruk,10101,10101,10101,27.0,,,,,,,,,,
911940,1860,VESTVÅGØY,189580215,0,111.0,Enebolig,TB,Tatt i bruk,10101,10101,10101,78.0,,,56492299.0,Indre Steinfjordvei,8008.0,147.0,,,8360.0,BØSTAD
911941,1860,VESTVÅGØY,189579926,0,181.0,Garasjeuthus anneks til bolig,TB,Tatt i bruk,10101,10101,19500101,80.0,,,,,,,,,,
911942,1860,VESTVÅGØY,189576986,0,111.0,Enebolig,TB,Tatt i bruk,10101,10101,10101,162.0,,,56489282.0,Hagskarveien,3052.0,368.0,,,8340.0,STAMSUND
911943,1860,VESTVÅGØY,189579918,0,181.0,Garasjeuthus anneks til bolig,TB,Tatt i bruk,10101,10101,19750101,74.0,,,,,,,,,,
911944,1860,VESTVÅGØY,189576978,0,111.0,Enebolig,TB,Tatt i bruk,10101,10101,10101,189.0,,,56489285.0,Hagskarveien,3052.0,380.0,,,8340.0,STAMSUND
911945,1860,VESTVÅGØY,189579896,0,181.0,Garasjeuthus anneks til bolig,TB,Tatt i bruk,10101,10101,19830101,98.0,,,,,,,,,,
911946,1860,VESTVÅGØY,189576951,0,181.0,Garasjeuthus anneks til bolig,TB,Tatt i bruk,10101,10101,10101,215.0,,,,,,,,,,
911947,1860,VESTVÅGØY,189579888,0,111.0,Enebolig,TB,Tatt i bruk,10101,10101,19360101,253.0,,,56492329.0,Steinfjordveien,8005.0,312.0,,,8360.0,BØSTAD
911948,1860,VESTVÅGØY,189576943,0,181.0,Garasjeuthus anneks til bolig,TB,Tatt i bruk,10101,10101,10101,10.0,,,,,,,,,,
911949,1860,VESTVÅGØY,189579861,0,111.0,Enebolig,TB,Tatt i bruk,10101,10101,10101,149.0,,,56492330.0,Steinfjordveien,8005.0,320.0,,,8360.0,BØSTAD
911950,1860,VESTVÅGØY,189576935,0,181.0,Garasjeuthus anneks til bolig,TB,Tatt i bruk,10101,10101,10101,82.0,,,,,,,,,,
911951,1860,VESTVÅGØY,189579853,0,111.0,Enebolig,TB,Tatt i bruk,10101,10101,10101,199.0,,,56492332.0,Steinfjordveien,8005.0,322.0,,,8360.0,BØSTAD
911952,1860,VESTVÅGØY,189576927,0,111.0,Enebolig,TB,Tatt i bruk,10101,10101,10101,68.0,,,56495673.0,Steineveien,4043.0,315.0,,,8340.0,STAMSUND
911953,1860,VESTVÅGØY,189576919,0,111.0,Enebolig,TB,Tatt i bruk,10101,10101,10101,162.0,,,56495822.0,Steineveien,4043.0,310.0,,,8340.0,STAMSUND
911954,1860,VESTVÅGØY,189579845,0,136.0,Andre småhus m/3 boliger el fl,FA,Ferdigattest,19790717,19790817,10101,408.0,,,56492320.0,Steinfjordveien,8005.0,284.0,,,8360.0,BØSTAD
911955,1860,VESTVÅGØY,189576900,0,111.0,Enebolig,TB,Tatt i bruk,10101,10101,10101,97.0,,,56495842.0,Blåbergan,4058.0,6.0,,,8340.0,STAMSUND
911956,1860,VESTVÅGØY,189579837,0,612.0,Barnehage,TB,Tatt i bruk,10101,10101,10101,376.0,,,56492321.0,Steinfjordveien,8005.0,288.0,,,8360.0,BØSTAD
911957,1860,VESTVÅGØY,189576897,0,181.0,Garasjeuthus anneks til bolig,TB,Tatt i bruk,10101,10101,10101,22.0,,,,,,,,,,
911958,1860,VESTVÅGØY,189579829,0,181.0,Garasjeuthus anneks til bolig,TB,Tatt i bruk,10101,10101,10101,30.0,,,,,,,,,,
911959,1860,VESTVÅGØY,189576889,0,241.0,Hus for dyr/landbr.lager/silo,TB,Tatt i bruk,10101,10101,10101,83.0,,,,,,,,,,
911960,1860,VESTVÅGØY,189579810,0,113.0,Våningshus,TB,Tatt i bruk,10101,10101,10101,130.9,,,56496348.0,Valbergsveien,7007.0,124.0,,,8340.0,STAMSUND
911961,1860,VESTVÅGØY,189576870,0,113.0,Våningshus,TB,Tatt i bruk,10101,10101,10101,125.0,,,56495821.0,Steineveien,4043.0,294.0,,,8340.0,STAMSUND
911962,1860,VESTVÅGØY,189579802,0,161.0,Fritidsbygg(hyttersommerh. ol,BR,Bygning revet/brent,10101,10101,10101,0.0,,,56491601.0,Valbergsveien,7007.0,128.0,,,8340.0,STAMSUND
911963,1860,VESTVÅGØY,189576862,0,111.0,Enebolig,TB,Tatt i bruk,10101,10101,10101,143.0,,,56495820.0,Steineveien,4043.0,280.0,,,8340.0,STAMSUND
911964,1860,VESTVÅGØY,189579799,0,241.0,Hus for dyr/landbr.lager/silo,TB,Tatt i bruk,10101,10101,10101,102.0,,,,,,,,,,
911965,1860,VESTVÅGØY,189576854,0,181.0,Garasjeuthus anneks til bolig,TB,Tatt i bruk,10101,10101,10101,37.0,,,,,,,,,,
911966,1860,VESTVÅGØY,189579780,0,181.0,Garasjeuthus anneks til bolig,BR,Bygning revet/brent,10101,10101,10101,0.0,,,,,,,,,,
911967,1860,VESTVÅGØY,189579772,0,111.0,Enebolig,TB,Tatt i bruk,10101,10101,10101,141.0,,,56495780.0,Valbergsveien,7007.0,132.0,,,8340.0,STAMSUND
911968,1860,VESTVÅGØY,189576846,1,181.0,Garasjeuthus anneks til bolig,TB,Tatt i bruk,19990602,19990702,19991130,28.0,,,,,,,,,,
911969,1860,VESTVÅGØY,189579764,0,111.0,Enebolig,TB,Tatt i bruk,10101,10101,10101,87.0,,,56491602.0,Valbergsveien,7007.0,152.0,,,8340.0,STAMSUND
911970,1860,VESTVÅGØY,189576846,0,181.0,Garasjeuthus anneks til bolig,TB,Tatt i bruk,10101,10101,10101,54.0,,,,,,,,,,
911971,1860,VESTVÅGØY,189577141,0,161.0,Fritidsbygg(hyttersommerh. ol,TB,Tatt i bruk,10101,10101,10101,32.0,,,56495024.0,,,,,0.0,8340.0,STAMSUND
911972,1860,VESTVÅGØY,189580029,0,111.0,Enebolig,TB,Tatt i bruk,10101,10101,10101,153.0,,,56492311.0,Indre Steinfjordvei,8008.0,210.0,,,8360.0,BØSTAD
911973,1860,VESTVÅGØY,189577133,0,181.0,Garasjeuthus anneks til bolig,BR,Bygning revet/brent,10101,10101,10101,0.0,,,,,,,,,,
911974,1860,VESTVÅGØY,189580010,0,181.0,Garasjeuthus anneks til bolig,TB,Tatt i bruk,10101,10101,10101,26.0,,,,,,,,,,
911975,1860,VESTVÅGØY,189577125,0,662.0,Samfunnshus grendehus,TB,Tatt i bruk,10101,10101,10101,220.0,,,56489281.0,Hagskarveien,3052.0,351.0,,,8340.0,STAMSUND
911976,1860,VESTVÅGØY,189577117,0,241.0,Hus for dyr/landbr.lager/silo,TB,Tatt i bruk,10101,10101,10101,254.0,,,,,,,,,,
911977,1860,VESTVÅGØY,189580002,2,613.0,Barneskole,TB,Tatt i bruk,19990816,19990901,19991101,148.0,,,,,,,,,,
911978,1860,VESTVÅGØY,189577109,0,671.0,Kirke kapell,TB,Tatt i bruk,10101,10101,10101,325.0,,,56498313.0,Steineveien,4043.0,325.0,,,8340.0,STAMSUND
911979,1860,VESTVÅGØY,189577095,0,111.0,Enebolig,TB,Tatt i bruk,10101,10101,10101,196.0,,,56495843.0,Steineveien,4043.0,323.0,,,8340.0,STAMSUND
911980,1860,VESTVÅGØY,189580002,1,613.0,Barneskole,TB,Tatt i bruk,19981014,19981014,19981014,53.0,,,,,,,,,,
911981,1860,VESTVÅGØY,189577087,0,111.0,Enebolig,TB,Tatt i bruk,10101,10101,19650101,234.0,,,56495839.0,Steineveien,4043.0,305.0,,,8340.0,STAMSUND
911982,1860,VESTVÅGØY,189580002,0,613.0,Barneskole,TB,Tatt i bruk,10101,10101,10101,1073.3,,,,,,,,,,
911983,1860,VESTVÅGØY,189577079,0,111.0,Enebolig,TB,Tatt i bruk,10101,10101,10101,42.0,,,56495841.0,Blåbergan,4058.0,3.0,,,8340.0,STAMSUND
911984,1860,VESTVÅGØY,189577060,0,161.0,Fritidsbygg(hyttersommerh. ol,TB,Tatt i bruk,10101,10101,19360101,60.0,,,56495844.0,Blåbergan,4058.0,20.0,,,8340.0,STAMSUND
911985,1860,VESTVÅGØY,189579993,1,121.0,"Tomannsbolig, vertikaldelt",TB,Tatt i bruk,20050302,20050402,20050901,6.0,,,,,,,,,,
911986,1860,VESTVÅGØY,189577052,0,181.0,Garasjeuthus anneks til bolig,BR,Bygning revet/brent,10101,10101,10101,0.0,,,,,,,,,,
911987,1860,VESTVÅGØY,189579993,0,121.0,"Tomannsbolig, vertikaldelt",TB,Tatt i bruk,10101,10101,19670315,147.0,,,56492325.0,Steinfjordveien,8005.0,290.0,,,8360.0,BØSTAD
911988,1860,VESTVÅGØY,189577044,0,241.0,Hus for dyr/landbr.lager/silo,TB,Tatt i bruk,10101,10101,10101,75.0,,,,,,,,,,
911989,1860,VESTVÅGØY,189579985,0,111.0,Enebolig,TB,Tatt i bruk,10101,10101,19460101,257.0,,,56492319.0,Steinfjordveien,8005.0,278.0,,,8360.0,BØSTAD
911990,1860,VESTVÅGØY,189577036,0,111.0,Enebolig,TB,Tatt i bruk,10101,10101,19770803,187.0,,,56495838.0,Steineveien,4043.0,303.0,,,8340.0,STAMSUND
911991,1860,VESTVÅGØY,189579977,0,181.0,Garasjeuthus anneks til bolig,TB,Tatt i bruk,10101,10101,10101,136.0,,,,,,,,,,
911992,1860,VESTVÅGØY,189577028,0,181.0,Garasjeuthus anneks til bolig,TB,Tatt i bruk,10101,10101,10101,44.0,,,,,,,,,,
911993,1860,VESTVÅGØY,189579969,0,111.0,Enebolig,TB,Tatt i bruk,10101,10101,10101,170.0,,,56492324.0,Steinfjordveien,8005.0,295.0,,,8360.0,BØSTAD
911994,1860,VESTVÅGØY,189577001,0,181.0,Garasjeuthus anneks til bolig,BR,Bygning revet/brent,10101,10101,10101,16.0,,,,,,,,,,
911995,1860,VESTVÅGØY,189579950,0,111.0,Enebolig,TB,Tatt i bruk,10101,10101,10101,94.0,,,56492326.0,Steinfjordveien,8005.0,293.0,,,8360.0,BØSTAD
911996,1860,VESTVÅGØY,189579942,0,111.0,Enebolig,TB,Tatt i bruk,10101,10101,19550101,128.0,,,56492328.0,Steinfjordveien,8005.0,311.0,,,8360.0,BØSTAD
911997,1860,VESTVÅGØY,189576994,1,329.0,Annen forretningsbygning,IG,Igangsettingstillatelse,20070216,20070316,10101,430.0,,,,,,,,,,
911998,1860,VESTVÅGØY,189579934,0,111.0,Enebolig,TB,Tatt i bruk,10101,10101,10101,78.0,,,56492331.0,Steinfjordveien,8005.0,321.0,,,8360.0,BØSTAD
911999,1860,VESTVÅGØY,189576994,0,329.0,Annen forretningsbygning,TB,Tatt i bruk,10101,10101,10101,245.0,,,56489283.0,Hagskarveien,3052.0,381.0,,,8340.0,STAMSUND
912000,1860,VESTVÅGØY,189591845,0,181.0,Garasjeuthus anneks til bolig,TB,Tatt i bruk,10101,10101,19810101,29.0,,,,,,,,,,
912001,1860,VESTVÅGØY,189591837,0,181.0,Garasjeuthus anneks til bolig,TB,Tatt i bruk,10101,10101,10101,15.0,,,,,,,,,,
912002,1860,VESTVÅGØY,189591829,0,111.0,Enebolig,TB,Tatt i bruk,10101,10101,19680205,149.0,,,56487077.0,Justadbakken,4017.0,6.0,,,8340.0,STAMSUND
912003,1860,VESTVÅGØY,189591810,0,111.0,Enebolig,TB,Tatt i bruk,10101,10101,19640101,143.0,,,56487078.0,Justadbakken,4017.0,8.0,,,8340.0,STAMSUND
912004,1860,VESTVÅGØY,189591802,0,111.0,Enebolig,TB,Tatt i bruk,10101,10101,19670101,164.0,,,56487018.0,Vestfjordgata,4008.0,2.0,,,8340.0,STAMSUND
912005,1860,VESTVÅGØY,189588917,0,113.0,Våningshus,TB,Tatt i bruk,10101,10101,19500101,171.0,,,56498316.0,Eggumsveien,5013.0,61.0,,,8360.0,BØSTAD
912006,1860,VESTVÅGØY,189591799,0,111.0,Enebolig,TB,Tatt i bruk,10101,10101,19670101,164.0,,,56487020.0,Vestfjordgata,4008.0,4.0,,,8340.0,STAMSUND
912007,1860,VESTVÅGØY,189588909,0,181.0,Garasjeuthus anneks til bolig,TB,Tatt i bruk,10101,10101,10101,147.0,,,,,,,,,,
912008,1860,VESTVÅGØY,189591780,0,111.0,Enebolig,TB,Tatt i bruk,10101,10101,19670101,123.0,,,56487030.0,Vestfjordgata,4008.0,18.0,,,8340.0,STAMSUND
912009,1860,VESTVÅGØY,189588895,0,183.0,Naust båthus sjøbu,BR,Bygning revet/brent,10101,10101,10101,0.0,,,,,,,,,,
912010,1860,VESTVÅGØY,189588887,0,181.0,Garasjeuthus anneks til bolig,BU,Bygningsnummer utgått,10101,10101,10101,22.0,,,,,,,,,,
912011,1860,VESTVÅGØY,189591772,4,612.0,Barnehage,TB,Tatt i bruk,20060904,20061004,20070219,15.0,,,,,,,,,,
912012,1860,VESTVÅGØY,189588879,1,111.0,Enebolig,TB,Tatt i bruk,19940801,19940901,19940901,23.0,,,56490301.0,Eggumsveien,5013.0,55.0,,,8360.0,BØSTAD
912013,1860,VESTVÅGØY,189591772,3,612.0,Barnehage,TB,Tatt i bruk,20060510,20060610,20070219,4.0,,,,,,,,,,
912014,1860,VESTVÅGØY,189588879,0,111.0,Enebolig,TB,Tatt i bruk,10101,10101,10101,61.0,,,56490301.0,Eggumsveien,5013.0,55.0,,,8360.0,BØSTAD
912015,1860,VESTVÅGØY,189588860,0,181.0,Garasjeuthus anneks til bolig,TB,Tatt i bruk,10101,10101,10101,116.0,,,,,,,,,,
912016,1860,VESTVÅGØY,189591772,2,612.0,Barnehage,TB,Tatt i bruk,20040513,20040519,20050401,14.0,,,56497786.0,Naustveien,4042.0,1.0,,,8340.0,STAMSUND
912017,1860,VESTVÅGØY,189588852,0,111.0,Enebolig,TB,Tatt i bruk,10101,10101,10101,140.0,,,56490300.0,Eggumsveien,5013.0,50.0,,,8360.0,BØSTAD
912018,1860,VESTVÅGØY,189588844,0,181.0,Garasjeuthus anneks til bolig,TB,Tatt i bruk,10101,10101,10101,16.0,,,,,,,,,,
912019,1860,VESTVÅGØY,189591772,1,612.0,Barnehage,TB,Tatt i bruk,19931201,19931201,19940601,80.0,,,56497786.0,Naustveien,4042.0,1.0,,,8340.0,STAMSUND
912020,1860,VESTVÅGØY,189588836,0,181.0,Garasjeuthus anneks til bolig,TB,Tatt i bruk,10101,10101,10101,35.0,,,,,,,,,,
912021,1860,VESTVÅGØY,189591772,0,612.0,Barnehage,TB,Tatt i bruk,10101,10101,19740101,330.0,,,56497786.0,Naustveien,4042.0,1.0,,,8340.0,STAMSUND
912022,1860,VESTVÅGØY,189592027,0,111.0,Enebolig,TB,Tatt i bruk,10101,10101,10101,224.0,,,56487566.0,J.M.Johansens vei,4040.0,240.0,,,8340.0,STAMSUND
912023,1860,VESTVÅGØY,189592019,0,111.0,Enebolig,TB,Tatt i bruk,10101,10101,19770503,166.0,,,56487084.0,Rishaugveien,4018.0,4.0,,,8340.0,STAMSUND
912024,1860,VESTVÅGØY,189592000,0,181.0,Garasjeuthus anneks til bolig,TB,Tatt i bruk,10101,10101,19880114,33.0,,,,,,,,,,
912025,1860,VESTVÅGØY,189591993,0,181.0,Garasjeuthus anneks til bolig,TB,Tatt i bruk,10101,10101,19740101,19.0,,,,,,,,,,
912026,1860,VESTVÅGØY,189591985,0,111.0,Enebolig,TB,Tatt i bruk,10101,10101,19671006,160.0,,,56487001.0,Åsryggen,4007.0,7.0,,,8340.0,STAMSUND
912027,1860,VESTVÅGØY,189591977,0,181.0,Garasjeuthus anneks til bolig,TB,Tatt i bruk,10101,10101,19831006,20.0,,,,,,,,,,
912028,1860,VESTVÅGØY,189591969,0,181.0,Garasjeuthus anneks til bolig,TB,Tatt i bruk,10101,10101,19720101,42.0,,,,,,,,,,
912029,1860,VESTVÅGØY,189591950,0,111.0,Enebolig,TB,Tatt i bruk,10101,10101,19631114,227.0,,,56487004.0,Åsryggen,4007.0,10.0,,,8340.0,STAMSUND
912030,1860,VESTVÅGØY,189591942,0,121.0,"Tomannsbolig, vertikaldelt",TB,Tatt i bruk,10101,10101,19670101,104.0,,,56487599.0,Naustveien,4042.0,22.0,,,8340.0,STAMSUND
912031,1860,VESTVÅGØY,189591934,0,111.0,Enebolig,TB,Tatt i bruk,10101,10101,19670101,215.0,,,56486996.0,Åsryggen,4007.0,2.0,,,8340.0,STAMSUND
912032,1860,VESTVÅGØY,189591926,0,111.0,Enebolig,TB,Tatt i bruk,10101,10101,10101,175.0,,,56486999.0,Åsryggen,4007.0,5.0,,,8340.0,STAMSUND
912033,1860,VESTVÅGØY,189591918,0,111.0,Enebolig,TB,Tatt i bruk,10101,10101,19700101,179.0,,,56487596.0,Naustveien,4042.0,17.0,,,8340.0,STAMSUND
912034,1860,VESTVÅGØY,189591896,0,111.0,Enebolig,TB,Tatt i bruk,10101,10101,19630101,282.0,,,56487592.0,Naustveien,4042.0,13.0,,,8340.0,STAMSUND
912035,1860,VESTVÅGØY,189591888,0,111.0,Enebolig,TB,Tatt i bruk,10101,10101,19740326,114.0,,,56487593.0,Naustveien,4042.0,14.0,,,8340.0,STAMSUND
912036,1860,VESTVÅGØY,189591861,0,111.0,Enebolig,TB,Tatt i bruk,10101,10101,19761207,179.0,,,56487591.0,Naustveien,4042.0,12.0,,,8340.0,STAMSUND
912037,1860,VESTVÅGØY,189591853,0,111.0,Enebolig,TB,Tatt i bruk,10101,10101,19760317,254.0,,,56487101.0,Strandveien,4024.0,2.0,,,8340.0,STAMSUND
912038,1860,VESTVÅGØY,189591616,0,111.0,Enebolig,TB,Tatt i bruk,10101,10101,19670101,164.0,,,56487026.0,Vestfjordgata,4008.0,12.0,,,8340.0,STAMSUND
912039,1860,VESTVÅGØY,189585721,0,111.0,Enebolig,TB,Tatt i bruk,19761104,19761104,19761113,78.0,,,56490274.0,Nesjeøyveien,5012.0,56.0,,,8360.0,BØSTAD
912040,1860,VESTVÅGØY,189588666,0,181.0,Garasjeuthus anneks til bolig,TB,Tatt i bruk,10101,10101,10101,34.0,,,,,,,,,,
912041,1860,VESTVÅGØY,189591608,0,111.0,Enebolig,TB,Tatt i bruk,10101,10101,19600101,262.5,,,56487079.0,Justadbakken,4017.0,10.0,,,8340.0,STAMSUND
912042,1860,VESTVÅGØY,189585713,0,111.0,Enebolig,TB,Tatt i bruk,10101,10101,10101,75.0,,,56490321.0,Eggumsveien,5013.0,483.0,,,8360.0,BØSTAD
912043,1860,VESTVÅGØY,189588658,0,111.0,Enebolig,TB,Tatt i bruk,10101,10101,10101,214.0,,,56490291.0,Eggumsveien,5013.0,6.0,,,8360.0,BØSTAD
912044,1860,VESTVÅGØY,189591594,0,111.0,Enebolig,TB,Tatt i bruk,10101,10101,19680101,178.0,,,56487075.0,Justadbakken,4017.0,4.0,,,8340.0,STAMSUND
912045,1860,VESTVÅGØY,189585705,0,181.0,Garasjeuthus anneks til bolig,TB,Tatt i bruk,10101,10101,10101,63.0,,,,,,,,,,
912046,1860,VESTVÅGØY,189588631,0,111.0,Enebolig,TB,Tatt i bruk,10101,10101,19480101,229.0,,,56490013.0,Hovdveien,5008.0,64.0,,,8360.0,BØSTAD
912047,1860,VESTVÅGØY,189591586,0,111.0,Enebolig,BU,Bygningsnummer utgått,10101,10101,10101,0.0,,,56487074.0,Justadbakken,4017.0,2.0,,,8340.0,STAMSUND
912048,1860,VESTVÅGØY,189585691,0,183.0,Naust båthus sjøbu,TB,Tatt i bruk,10101,10101,10101,13.0,,,,,,,,,,
912049,1860,VESTVÅGØY,189588623,0,181.0,Garasjeuthus anneks til bolig,TB,Tatt i bruk,10101,10101,10101,30.0,,,,,,,,,,
912050,1860,VESTVÅGØY,189585683,0,161.0,Fritidsbygg(hyttersommerh. ol,TB,Tatt i bruk,10101,10101,10101,94.0,,,56499033.0,Eggumsveien,5013.0,463.0,,,8360.0,BØSTAD
912051,1860,VESTVÅGØY,189588615,0,212.0,Verkstedbygning,TB,Tatt i bruk,10101,10101,10101,402.0,,,56490225.0,Hovdveien,5008.0,95.0,,,8360.0,BØSTAD
912052,1860,VESTVÅGØY,189591578,1,111.0,Enebolig,TB,Tatt i bruk,19960312,19960901,19970701,70.0,,,56487595.0,Naustveien,4042.0,16.0,,,8340.0,STAMSUND
912053,1860,VESTVÅGØY,189585675,0,183.0,Naust båthus sjøbu,TB,Tatt i bruk,10101,10101,10101,38.0,,,,,,,,,,
912054,1860,VESTVÅGØY,189588607,0,111.0,Enebolig,TB,Tatt i bruk,10101,10101,19570101,121.0,,,56490018.0,Hovdveien,5008.0,97.0,,,8360.0,BØSTAD
912055,1860,VESTVÅGØY,189591578,0,111.0,Enebolig,TB,Tatt i bruk,10101,10101,19650101,108.0,,,56487595.0,Naustveien,4042.0,16.0,,,8340.0,STAMSUND
912056,1860,VESTVÅGØY,189585667,0,161.0,Fritidsbygg(hyttersommerh. ol,TB,Tatt i bruk,10101,10101,19300101,70.0,,,56490320.0,Eggumsveien,5013.0,461.0,,,8360.0,BØSTAD
912057,1860,VESTVÅGØY,189588593,0,181.0,Garasjeuthus anneks til bolig,TB,Tatt i bruk,10101,10101,10101,40.0,,,,,,,,,,
912058,1860,VESTVÅGØY,189585659,0,181.0,Garasjeuthus anneks til bolig,TB,Tatt i bruk,10101,10101,10101,19.0,,,,,,,,,,
912059,1860,VESTVÅGØY,189588585,0,181.0,Garasjeuthus anneks til bolig,TB,Tatt i bruk,10101,10101,10101,52.0,,,,,,,,,,
912060,1860,VESTVÅGØY,189591551,1,121.0,"Tomannsbolig, vertikaldelt",FA,Ferdigattest,20040213,20040301,10101,89.0,,,56487597.0,Naustveien,4042.0,18.0,,,8340.0,STAMSUND
912061,1860,VESTVÅGØY,189585640,0,183.0,Naust båthus sjøbu,TB,Tatt i bruk,10101,10101,10101,27.0,,,,,,,,,,
912062,1860,VESTVÅGØY,189588577,0,181.0,Garasjeuthus anneks til bolig,TB,Tatt i bruk,10101,10101,10101,39.0,,,,,,,,,,
912063,1860,VESTVÅGØY,189591551,0,121.0,"Tomannsbolig, vertikaldelt",TB,Tatt i bruk,10101,10101,19680101,186.0,,,56487597.0,Naustveien,4042.0,18.0,,,8340.0,STAMSUND
912064,1860,VESTVÅGØY,189585632,0,181.0,Garasjeuthus anneks til bolig,TB,Tatt i bruk,10101,10101,10101,12.0,,,,,,,,,,
912065,1860,VESTVÅGØY,189588569,0,329.0,Annen forretningsbygning,TB,Tatt i bruk,10101,10101,10101,237.0,,,,,,,,,,
912066,1860,VESTVÅGØY,189591543,0,111.0,Enebolig,TB,Tatt i bruk,10101,10101,19671110,127.0,,,56487594.0,Naustveien,4042.0,15.0,,,8340.0,STAMSUND
912067,1860,VESTVÅGØY,189585624,0,181.0,Garasjeuthus anneks til bolig,BR,Bygning revet/brent,10101,10101,10101,0.0,,,,,,,,,,
912068,1860,VESTVÅGØY,189588550,0,111.0,Enebolig,TB,Tatt i bruk,10101,10101,18940101,231.0,,,56497161.0,Hovdveien,5008.0,87.0,,,8360.0,BØSTAD
912069,1860,VESTVÅGØY,189591535,0,111.0,Enebolig,TB,Tatt i bruk,10101,10101,19640101,179.0,,,56487003.0,Åsryggen,4007.0,9.0,,,8340.0,STAMSUND
912070,1860,VESTVÅGØY,189585616,0,111.0,Enebolig,TB,Tatt i bruk,10101,10101,10101,109.0,,,56490276.0,Nesjeøyveien,5012.0,38.0,,,8360.0,BØSTAD
912071,1860,VESTVÅGØY,189591527,0,111.0,Enebolig,TB,Tatt i bruk,10101,10101,19630101,140.0,,,56486998.0,Åsryggen,4007.0,4.0,,,8340.0,STAMSUND
912072,1860,VESTVÅGØY,189585608,0,111.0,Enebolig,TB,Tatt i bruk,10101,10101,10101,123.0,,,56490317.0,Eggumsveien,5013.0,446.0,,,8360.0,BØSTAD
912073,1860,VESTVÅGØY,189588542,1,111.0,Enebolig,TB,Tatt i bruk,20020709,20020801,20060522,23.0,,,56490222.0,Hovdveien,5008.0,81.0,,,8360.0,BØSTAD
912074,1860,VESTVÅGØY,189591519,0,111.0,Enebolig,TB,Tatt i bruk,10101,10101,19620101,190.0,,,56487000.0,Åsryggen,4007.0,6.0,,,8340.0,STAMSUND
912075,1860,VESTVÅGØY,189585594,0,111.0,Enebolig,TB,Tatt i bruk,10101,10101,10101,85.0,,,56490758.0,Eggumsveien,5013.0,440.0,,,8360.0,BØSTAD
912076,1860,VESTVÅGØY,189588542,0,111.0,Enebolig,TB,Tatt i bruk,10101,10101,19300101,63.0,,,56490222.0,Hovdveien,5008.0,81.0,,,8360.0,BØSTAD
912077,1860,VESTVÅGØY,189591500,0,111.0,Enebolig,TB,Tatt i bruk,10101,10101,19630101,182.0,,,56487002.0,Åsryggen,4007.0,8.0,,,8340.0,STAMSUND
912078,1860,VESTVÅGØY,189585586,0,181.0,Garasjeuthus anneks til bolig,TB,Tatt i bruk,10101,10101,10101,20.0,,,,,,,,,,
912079,1860,VESTVÅGØY,189588534,0,111.0,Enebolig,TB,Tatt i bruk,10101,10101,19720309,177.0,,,56497170.0,Hagvågen,5006.0,1.0,,,8360.0,BØSTAD
912080,1860,VESTVÅGØY,189591497,0,112.0,Enebolig m/hybel/sokkelleil.,TB,Tatt i bruk,10101,10101,19751201,187.0,,,56497140.0,Naustveien,4042.0,20.0,,,8340.0,STAMSUND
912081,1860,VESTVÅGØY,189585578,0,181.0,Garasjeuthus anneks til bolig,TB,Tatt i bruk,10101,10101,10101,46.0,,,,,,,,,,
912082,1860,VESTVÅGØY,189588526,0,111.0,Enebolig,BR,Bygning revet/brent,10101,10101,10101,97.0,,,,,,,,,,
912083,1860,VESTVÅGØY,189591489,0,111.0,Enebolig,TB,Tatt i bruk,10101,10101,19661214,180.0,,,56487598.0,Naustveien,4042.0,21.0,,,8340.0,STAMSUND
912084,1860,VESTVÅGØY,189588828,0,181.0,Garasjeuthus anneks til bolig,TB,Tatt i bruk,10101,10101,10101,57.0,,,,,,,,,,
912085,1860,VESTVÅGØY,189591764,0,131.0,Rekkehus,TB,Tatt i bruk,10101,10101,19750626,171.0,,,56487017.0,Vestfjordgata,4008.0,1.0,,,8340.0,STAMSUND
912086,1860,VESTVÅGØY,189588801,0,181.0,Garasjeuthus anneks til bolig,TB,Tatt i bruk,10101,10101,10101,69.0,,,,,,,,,,
912087,1860,VESTVÅGØY,189591756,0,131.0,Rekkehus,TB,Tatt i bruk,10101,10101,19750626,171.0,,,56487023.0,Vestfjordgata,4008.0,7.0,,,8340.0,STAMSUND
912088,1860,VESTVÅGØY,189588798,0,111.0,Enebolig,TB,Tatt i bruk,10101,10101,18980101,75.9,,,56490299.0,Eggumsveien,5013.0,33.0,,,8360.0,BØSTAD
912089,1860,VESTVÅGØY,189591748,0,131.0,Rekkehus,TB,Tatt i bruk,10101,10101,19870831,192.0,,,56487028.0,Vestfjordgata,4008.0,15.0,,,8340.0,STAMSUND
912090,1860,VESTVÅGØY,189588771,0,111.0,Enebolig,TB,Tatt i bruk,10101,10101,19361110,83.0,,,56490293.0,Eggumsveien,5013.0,28.0,,,8360.0,BØSTAD
912091,1860,VESTVÅGØY,189591721,0,121.0,"Tomannsbolig, vertikaldelt",TB,Tatt i bruk,10101,10101,19720101,226.0,,,56487032.0,Vestfjordgata,4008.0,20.0,,,8340.0,STAMSUND
912092,1860,VESTVÅGØY,189588763,0,181.0,Garasjeuthus anneks til bolig,TB,Tatt i bruk,10101,10101,10101,24.0,,,,,,,,,,
912093,1860,VESTVÅGØY,189591713,0,121.0,"Tomannsbolig, vertikaldelt",TB,Tatt i bruk,10101,10101,19670101,200.0,,,56487031.0,Vestfjordgata,4008.0,19.0,,,8340.0,STAMSUND
912094,1860,VESTVÅGØY,189588755,0,181.0,Garasjeuthus anneks til bolig,TB,Tatt i bruk,10101,10101,10101,15.0,,,,,,,,,,
912095,1860,VESTVÅGØY,189591705,0,121.0,"Tomannsbolig, vertikaldelt",TB,Tatt i bruk,10101,10101,19110101,212.0,,,56495129.0,Naustveien,4042.0,2.0,,,8340.0,STAMSUND
912096,1860,VESTVÅGØY,189591691,0,111.0,Enebolig,TB,Tatt i bruk,10101,10101,19720101,123.0,,,56495130.0,Naustveien,4042.0,4.0,,,8340.0,STAMSUND
912097,1860,VESTVÅGØY,189588747,1,111.0,Enebolig,TB,Tatt i bruk,20011123,20011201,20020225,10.0,,,,,,,,,,
912098,1860,VESTVÅGØY,189591683,0,181.0,Garasjeuthus anneks til bolig,TB,Tatt i bruk,10101,10101,10101,36.0,,,,,,,,,,
912099,1860,VESTVÅGØY,189585802,0,162.0,Helårsb.benyttes som fritidsb.,TB,Tatt i bruk,10101,10101,10101,125.0,,,56490272.0,Nesjeøyveien,5012.0,64.0,,,8360.0,BØSTAD
912100,1860,VESTVÅGØY,189588747,0,111.0,Enebolig,TB,Tatt i bruk,10101,10101,19550101,114.0,,,56490298.0,Eggumsveien,5013.0,26.0,,,8360.0,BØSTAD
912101,1860,VESTVÅGØY,189591675,0,181.0,Garasjeuthus anneks til bolig,TB,Tatt i bruk,10101,10101,10101,65.0,,,,,,,,,,
912102,1860,VESTVÅGØY,189585799,0,181.0,Garasjeuthus anneks til bolig,TB,Tatt i bruk,10101,10101,10101,37.0,,,,,,,,,,
912103,1860,VESTVÅGØY,189588739,0,112.0,Enebolig m/hybel/sokkelleil.,TB,Tatt i bruk,10101,10101,19450101,306.0,,,56490296.0,Eggumsveien,5013.0,20.0,,,8360.0,BØSTAD
912104,1860,VESTVÅGØY,189591667,0,181.0,Garasjeuthus anneks til bolig,TB,Tatt i bruk,10101,10101,10101,19.0,,,,,,,,,,
912105,1860,VESTVÅGØY,189585780,0,181.0,Garasjeuthus anneks til bolig,TB,Tatt i bruk,10101,10101,10101,13.0,,,,,,,,,,
912106,1860,VESTVÅGØY,189588720,0,111.0,Enebolig,TB,Tatt i bruk,10101,10101,10101,173.0,,,56490297.0,Eggumsveien,5013.0,24.0,,,8360.0,BØSTAD
912107,1860,VESTVÅGØY,189591659,0,111.0,Enebolig,TB,Tatt i bruk,10101,10101,19360101,144.0,,,56487076.0,Justadbakken,4017.0,5.0,,,8340.0,STAMSUND
912108,1860,VESTVÅGØY,189585772,0,183.0,Naust båthus sjøbu,BR,Bygning revet/brent,10101,10101,19000101,28.0,,,,,,,,,,
912109,1860,VESTVÅGØY,189588712,0,181.0,Garasjeuthus anneks til bolig,TB,Tatt i bruk,10101,10101,10101,15.0,,,,,,,,,,
912110,1860,VESTVÅGØY,189591640,0,111.0,Enebolig,TB,Tatt i bruk,10101,10101,19670110,156.0,,,56487590.0,Naustveien,4042.0,7.0,,,8340.0,STAMSUND
912111,1860,VESTVÅGØY,189585764,0,183.0,Naust båthus sjøbu,TB,Tatt i bruk,10101,10101,10101,40.0,,,,,,,,,,
912112,1860,VESTVÅGØY,189588704,0,181.0,Garasjeuthus anneks til bolig,TB,Tatt i bruk,10101,10101,19890213,46.0,,,,,,,,,,
912113,1860,VESTVÅGØY,189591632,0,111.0,Enebolig,TB,Tatt i bruk,10101,10101,19650101,196.0,,,56487589.0,Naustveien,4042.0,5.0,,,8340.0,STAMSUND
912114,1860,VESTVÅGØY,189585756,0,181.0,Garasjeuthus anneks til bolig,TB,Tatt i bruk,10101,10101,10101,19.0,,,,,,,,,,
912115,1860,VESTVÅGØY,189588690,0,111.0,Enebolig,TB,Tatt i bruk,10101,10101,19750605,199.0,,,56488104.0,Eggumsveien,5013.0,12.0,,,8360.0,BØSTAD
912116,1860,VESTVÅGØY,189591624,1,111.0,Enebolig,FA,Ferdigattest,20070919,20071019,10101,2.0,,,,,,,,,,
912117,1860,VESTVÅGØY,189585748,0,111.0,Enebolig,TB,Tatt i bruk,10101,10101,19600101,160.0,,,56490273.0,Nesjeøyveien,5012.0,60.0,,,8360.0,BØSTAD
912118,1860,VESTVÅGØY,189588682,0,111.0,Enebolig,TB,Tatt i bruk,10101,10101,19750521,183.0,,,56490292.0,Eggumsveien,5013.0,10.0,,,8360.0,BØSTAD
912119,1860,VESTVÅGØY,189591624,0,111.0,Enebolig,TB,Tatt i bruk,10101,10101,19670101,166.0,,,56487022.0,Vestfjordgata,4008.0,6.0,,,8340.0,STAMSUND
912120,1860,VESTVÅGØY,189588674,0,181.0,Garasjeuthus anneks til bolig,TB,Tatt i bruk,10101,10101,10101,23.0,,,,,,,,,,
912121,1860,VESTVÅGØY,189592175,0,111.0,Enebolig,TB,Tatt i bruk,10101,10101,19781222,193.0,,,56487081.0,Rishaugveien,4018.0,1.0,,,8340.0,STAMSUND
912122,1860,VESTVÅGØY,189592167,0,111.0,Enebolig,TB,Tatt i bruk,10101,10101,19650101,159.0,,,56486933.0,Skolegata,4000.0,4.0,,,8340.0,STAMSUND
912123,1860,VESTVÅGØY,189592159,0,181.0,Garasjeuthus anneks til bolig,TB,Tatt i bruk,10101,10101,10101,11.0,,,,,,,,,,
912124,1860,VESTVÅGØY,189592132,0,111.0,Enebolig,TB,Tatt i bruk,10101,10101,19790522,212.0,,,56487083.0,Rishaugveien,4018.0,3.0,,,8340.0,STAMSUND
912125,1860,VESTVÅGØY,189592124,1,111.0,Enebolig,FA,Ferdigattest,20031028,20031115,20060911,20.0,,,56487063.0,Aspeveien,4012.0,4.0,,,8340.0,STAMSUND
912126,1860,VESTVÅGØY,189592124,0,111.0,Enebolig,TB,Tatt i bruk,10101,10101,19680122,162.0,,,56487063.0,Aspeveien,4012.0,4.0,,,8340.0,STAMSUND
912127,1860,VESTVÅGØY,189592116,0,112.0,Enebolig m/hybel/sokkelleil.,TB,Tatt i bruk,10101,10101,19770121,207.0,,,56487086.0,Rishaugveien,4018.0,6.0,,,8340.0,STAMSUND
912128,1860,VESTVÅGØY,189592108,0,181.0,Garasjeuthus anneks til bolig,TB,Tatt i bruk,10101,10101,10101,16.0,,,,,,,,,,
912129,1860,VESTVÅGØY,189592094,0,181.0,Garasjeuthus anneks til bolig,TB,Tatt i bruk,10101,10101,10101,15.0,,,,,,,,,,
912130,1860,VESTVÅGØY,189592086,1,111.0,Enebolig,TB,Tatt i bruk,19930803,19930823,19950213,24.0,,,,,,,,,,
912131,1860,VESTVÅGØY,189592086,0,111.0,Enebolig,TB,Tatt i bruk,10101,10101,19520101,153.0,,,56497139.0,Skolegata,4000.0,2.0,,,8340.0,STAMSUND
912132,1860,VESTVÅGØY,189592078,0,111.0,Enebolig,TB,Tatt i bruk,10101,10101,10101,188.0,,,56487082.0,Rishaugveien,4018.0,2.0,,,8340.0,STAMSUND
912133,1860,VESTVÅGØY,189592051,0,181.0,Garasjeuthus anneks til bolig,TB,Tatt i bruk,10101,10101,19750101,15.0,,,,,,,,,,
912134,1860,VESTVÅGØY,189592043,0,181.0,Garasjeuthus anneks til bolig,TB,Tatt i bruk,10101,10101,10101,39.0,,,,,,,,,,
912135,1860,VESTVÅGØY,189592035,0,111.0,Enebolig,GR,Bygning godkjent for riving/brenning,10101,10101,10101,41.0,,,56498990.0,Rishaugveien,4018.0,8.0,,,8340.0,STAMSUND
912136,1860,VESTVÅGØY,189592256,0,181.0,Garasjeuthus anneks til bolig,TB,Tatt i bruk,10101,10101,10101,26.0,,,,,,,,,,
912137,1860,VESTVÅGØY,189592221,0,111.0,Enebolig,TB,Tatt i bruk,10101,10101,19760331,191.0,,,56486934.0,Skolegata,4000.0,8.0,,,8340.0,STAMSUND
912138,1860,VESTVÅGØY,189592213,0,111.0,Enebolig,TB,Tatt i bruk,10101,10101,19751020,219.0,,,56487062.0,Aspeveien,4012.0,3.0,,,8340.0,STAMSUND
912139,1860,VESTVÅGØY,189592205,1,111.0,Enebolig,TB,Tatt i bruk,20020606,20020701,20031215,50.0,,,56487085.0,Rishaugveien,4018.0,5.0,,,8340.0,STAMSUND
912140,1860,VESTVÅGØY,189592205,0,111.0,Enebolig,TB,Tatt i bruk,10101,10101,19050101,70.0,,,56487085.0,Rishaugveien,4018.0,5.0,,,8340.0,STAMSUND
912141,1860,VESTVÅGØY,189592191,0,111.0,Enebolig,TB,Tatt i bruk,10101,10101,19670405,179.0,,,56487065.0,Aspeveien,4012.0,6.0,,,8340.0,STAMSUND
912142,1860,VESTVÅGØY,189592183,0,111.0,Enebolig,TB,Tatt i bruk,10101,10101,19741203,210.0,,,56487066.0,Aspeveien,4012.0,8.0,,,8340.0,STAMSUND
912143,1860,VESTVÅGØY,189592175,1,111.0,Enebolig,TB,Tatt i bruk,19941003,19941201,19971001,34.0,,,56487081.0,Rishaugveien,4018.0,1.0,,,8340.0,STAMSUND
912144,1860,VESTVÅGØY,189584792,0,111.0,Enebolig,TB,Tatt i bruk,10101,10101,10101,203.0,,,56492976.0,Vikingveien,8011.0,285.0,,,8360.0,BØSTAD
912145,1860,VESTVÅGØY,189584784,0,181.0,Garasjeuthus anneks til bolig,BR,Bygning revet/brent,10101,10101,10101,0.0,,,,,,,,,,
912146,1860,VESTVÅGØY,189584776,0,181.0,Garasjeuthus anneks til bolig,TB,Tatt i bruk,10101,10101,10101,75.0,,,,,,,,,,
912147,1860,VESTVÅGØY,189584768,0,671.0,Kirke kapell,TB,Tatt i bruk,10101,10101,10101,824.0,,,56492929.0,Vikingveien,8011.0,265.0,,,8360.0,BØSTAD
912148,1860,VESTVÅGØY,189587961,1,111.0,Enebolig,TB,Tatt i bruk,10101,10101,19880209,35.0,,,,,,,,,,
912149,1860,VESTVÅGØY,189584970,0,111.0,Enebolig,TB,Tatt i bruk,10101,10101,19810101,103.0,,,56492975.0,Vikingveien,8011.0,270.0,,,8360.0,BØSTAD
912150,1860,VESTVÅGØY,189587961,0,111.0,Enebolig,TB,Tatt i bruk,10101,10101,10101,125.0,,,56493012.0,Vikingveien,8011.0,592.0,,,8360.0,BØSTAD
912151,1860,VESTVÅGØY,189584962,0,181.0,Garasjeuthus anneks til bolig,TB,Tatt i bruk,10101,10101,10101,35.0,,,,,,,,,,
912152,1860,VESTVÅGØY,189587953,0,111.0,Enebolig,TB,Tatt i bruk,10101,10101,10101,190.0,,,56493035.0,Vikingveien,8011.0,568.0,,,8360.0,BØSTAD
912153,1860,VESTVÅGØY,189584954,0,241.0,Hus for dyr/landbr.lager/silo,TB,Tatt i bruk,10101,10101,10101,122.0,,,,,,,,,,
912154,1860,VESTVÅGØY,189584946,0,181.0,Garasjeuthus anneks til bolig,TB,Tatt i bruk,10101,10101,19580101,78.0,,,,,,,,,,
912155,1860,VESTVÅGØY,189584938,0,161.0,Fritidsbygg(hyttersommerh. ol,BR,Bygning revet/brent,10101,10101,10101,52.0,,,,,,,,,,
912156,1860,VESTVÅGØY,189584911,0,161.0,Fritidsbygg(hyttersommerh. ol,TB,Tatt i bruk,10101,10101,19000101,50.0,,,,,,,,,,
912157,1860,VESTVÅGØY,189584903,0,239.0,Annen lagerbygning,TB,Tatt i bruk,10101,10101,10101,451.0,,,56492930.0,Vikingveien,8011.0,269.0,,,8360.0,BØSTAD
912158,1860,VESTVÅGØY,189584881,0,181.0,Garasjeuthus anneks til bolig,TB,Tatt i bruk,10101,10101,10101,99.0,,,,,,,,,,
912159,1860,VESTVÅGØY,189584873,0,111.0,Enebolig,TB,Tatt i bruk,10101,10101,10101,127.0,,,56492973.0,Vikingveien,8011.0,267.0,,,8360.0,BØSTAD
912160,1860,VESTVÅGØY,189584865,0,111.0,Enebolig,TB,Tatt i bruk,10101,10101,10101,159.0,,,56492977.0,Vikingveien,8011.0,287.0,,,8360.0,BØSTAD
912161,1860,VESTVÅGØY,189584857,0,181.0,Garasjeuthus anneks til bolig,TB,Tatt i bruk,10101,10101,10101,22.0,,,,,,,,,,
912162,1860,VESTVÅGØY,189584849,0,181.0,Garasjeuthus anneks til bolig,BR,Bygning revet/brent,10101,10101,19830615,62.0,,,,,,,,,,
912163,1860,VESTVÅGØY,189584830,0,181.0,Garasjeuthus anneks til bolig,TB,Tatt i bruk,10101,10101,10101,71.0,,,,,,,,,,
912164,1860,VESTVÅGØY,189584822,0,161.0,Fritidsbygg(hyttersommerh. ol,BR,Bygning revet/brent,10101,10101,10101,0.0,,,56492932.0,Vikingveien,8011.0,273.0,,,8360.0,BØSTAD
912165,1860,VESTVÅGØY,189584814,0,111.0,Enebolig,TB,Tatt i bruk,10101,10101,10101,138.0,,,56492932.0,Vikingveien,8011.0,273.0,,,8360.0,BØSTAD
912166,1860,VESTVÅGØY,189584806,0,181.0,Garasjeuthus anneks til bolig,TB,Tatt i bruk,10101,10101,10101,40.0,,,,,,,,,,
912167,1860,VESTVÅGØY,189585446,0,183.0,Naust båthus sjøbu,TB,Tatt i bruk,10101,10101,10101,18.0,,,,,,,,,,
912168,1860,VESTVÅGØY,189588364,0,111.0,Enebolig,TB,Tatt i bruk,10101,10101,19360101,158.0,,,56490005.0,Hovdveien,5008.0,41.0,,,8360.0,BØSTAD
912169,1860,VESTVÅGØY,189591195,0,243.0,Veksthus,BR,Bygning revet/brent,10101,10101,10101,0.0,,,,,,,,,,
912170,1860,VESTVÅGØY,189585438,0,181.0,Garasjeuthus anneks til bolig,BR,Bygning revet/brent,10101,10101,10101,26.0,,,,,,,,,,
912171,1860,VESTVÅGØY,189591187,0,181.0,Garasjeuthus anneks til bolig,BR,Bygning revet/brent,10101,10101,10101,0.0,,,,,,,,,,
912172,1860,VESTVÅGØY,189585411,0,672.0,Bedehus menighetshus,TB,Tatt i bruk,10101,10101,10101,65.0,,,56497642.0,Eggumsveien,5013.0,331.0,,,8360.0,BØSTAD
912173,1860,VESTVÅGØY,189588356,1,312.0,Bankbygning posthus,TB,Tatt i bruk,19820510,19830101,19831027,300.0,,,,,,,,,,
912174,1860,VESTVÅGØY,189591179,0,111.0,Enebolig,TB,Tatt i bruk,10101,10101,18600101,307.0,,,56495866.0,J.M.Johansens vei,4040.0,330.0,,,8340.0,STAMSUND
912175,1860,VESTVÅGØY,189585403,0,161.0,Fritidsbygg(hyttersommerh. ol,TB,Tatt i bruk,10101,10101,18500101,69.0,,,56490760.0,Eggumsveien,5013.0,335.0,,,8360.0,BØSTAD
912176,1860,VESTVÅGØY,189588356,0,312.0,Bankbygning posthus,TB,Tatt i bruk,10101,10101,10101,428.0,,,56490003.0,Hovdveien,5008.0,22.0,,,8360.0,BØSTAD
912177,1860,VESTVÅGØY,189585381,0,181.0,Garasjeuthus anneks til bolig,TB,Tatt i bruk,10101,10101,18500101,32.0,,,,,,,,,,
912178,1860,VESTVÅGØY,189588348,0,161.0,Fritidsbygg(hyttersommerh. ol,BU,Bygningsnummer utgått,10101,10101,19200101,38.0,,,,,,,,,,
912179,1860,VESTVÅGØY,189585373,0,161.0,Fritidsbygg(hyttersommerh. ol,TB,Tatt i bruk,10101,10101,10101,51.0,,,56488028.0,Eggumsveien,5013.0,325.0,,,8360.0,BØSTAD
912180,1860,VESTVÅGØY,189588321,0,181.0,Garasjeuthus anneks til bolig,BR,Bygning revet/brent,10101,10101,10101,0.0,,,,,,,,,,
912181,1860,VESTVÅGØY,189585365,0,111.0,Enebolig,TB,Tatt i bruk,10101,10101,10101,41.0,,,56490313.0,Eggumsveien,5013.0,311.0,,,8360.0,BØSTAD
912182,1860,VESTVÅGØY,189588313,0,181.0,Garasjeuthus anneks til bolig,TB,Tatt i bruk,10101,10101,10101,35.0,,,,,,,,,,
912183,1860,VESTVÅGØY,189585357,0,181.0,Garasjeuthus anneks til bolig,TB,Tatt i bruk,10101,10101,10101,33.0,,,,,,,,,,
912184,1860,VESTVÅGØY,189585349,0,181.0,Garasjeuthus anneks til bolig,BR,Bygning revet/brent,10101,10101,10101,0.0,,,,,,,,,,
912185,1860,VESTVÅGØY,189588305,1,111.0,Enebolig,TB,Tatt i bruk,20020620,20020715,20030510,59.0,,,56493037.0,Vikingveien,8011.0,593.0,,,8360.0,BØSTAD
912186,1860,VESTVÅGØY,189585322,0,161.0,Fritidsbygg(hyttersommerh. ol,TB,Tatt i bruk,10101,10101,10101,53.0,,,56493087.0,Slydalen,8004.0,304.0,,,8360.0,BØSTAD
912187,1860,VESTVÅGØY,189588305,0,111.0,Enebolig,TB,Tatt i bruk,10101,10101,19340101,186.4,,,56493037.0,Vikingveien,8011.0,593.0,,,8360.0,BØSTAD
912188,1860,VESTVÅGØY,189585314,0,181.0,Garasjeuthus anneks til bolig,BR,Bygning revet/brent,10101,10101,10101,0.0,,,,,,,,,,
912189,1860,VESTVÅGØY,189588291,0,136.0,Andre småhus m/3 boliger el fl,TB,Tatt i bruk,10101,10101,10101,250.0,,,56493014.0,Vikingveien,8011.0,595.0,,,8360.0,BØSTAD
912190,1860,VESTVÅGØY,189585306,0,161.0,Fritidsbygg(hyttersommerh. ol,TB,Tatt i bruk,10101,10101,10101,80.0,,,56493088.0,Slydalen,8004.0,305.0,,,8360.0,BØSTAD
912191,1860,VESTVÅGØY,189588283,0,181.0,Garasjeuthus anneks til bolig,TB,Tatt i bruk,10101,10101,10101,44.0,,,,,,,,,,
912192,1860,VESTVÅGØY,189585292,0,182.0,Garasjeuth.anneks til fritidb,TB,Tatt i bruk,10101,10101,10101,107.0,,,,,,,,,,
912193,1860,VESTVÅGØY,189588275,0,121.0,"Tomannsbolig, vertikaldelt",TB,Tatt i bruk,10101,10101,10101,117.0,,,56499062.0,Vikingveien,8011.0,598.0,A,,8360.0,BØSTAD
912194,1860,VESTVÅGØY,189585284,0,241.0,Hus for dyr/landbr.lager/silo,TB,Tatt i bruk,10101,10101,10101,117.0,,,,,,,,,,
912195,1860,VESTVÅGØY,189588267,0,241.0,Hus for dyr/landbr.lager/silo,TB,Tatt i bruk,10101,10101,10101,308.0,,,,,,,,,,
912196,1860,VESTVÅGØY,189585276,0,182.0,Garasjeuth.anneks til fritidb,TB,Tatt i bruk,10101,10101,10101,24.0,,,,,,,,,,
912197,1860,VESTVÅGØY,189588259,0,111.0,Enebolig,TB,Tatt i bruk,10101,10101,19540101,202.0,,,56493017.0,Vikingveien,8011.0,599.0,,,8360.0,BØSTAD
912198,1860,VESTVÅGØY,189585268,0,163.0,Våningh. benyttes som fritidsb,TB,Tatt i bruk,10101,10101,10101,67.5,,,56497700.0,Slydalen,8004.0,286.0,,,8360.0,BØSTAD
912199,1860,VESTVÅGØY,189585551,0,181.0,Garasjeuthus anneks til bolig,TB,Tatt i bruk,10101,10101,10101,73.0,,,,,,,,,,
912200,1860,VESTVÅGØY,189588518,0,181.0,Garasjeuthus anneks til bolig,GR,Bygning godkjent for riving/brenning,10101,10101,10101,34.0,,,,,,,,,,
912201,1860,VESTVÅGØY,189591470,0,181.0,Garasjeuthus anneks til bolig,TB,Tatt i bruk,10101,10101,10101,53.0,,,,,,,,,,
912202,1860,VESTVÅGØY,189588496,0,111.0,Enebolig,TB,Tatt i bruk,10101,10101,19831205,161.0,,,56489992.0,Hagvågen,5006.0,3.0,,,8360.0,BØSTAD
912203,1860,VESTVÅGØY,189591462,0,181.0,Garasjeuthus anneks til bolig,TB,Tatt i bruk,10101,10101,19750101,20.0,,,,,,,,,,
912204,1860,VESTVÅGØY,189585543,0,111.0,Enebolig,TB,Tatt i bruk,19770714,19770814,19781113,169.0,,,56490318.0,Eggumsveien,5013.0,447.0,,,8360.0,BØSTAD
912205,1860,VESTVÅGØY,189588488,0,322.0,Butikk/forretningsbygning,TB,Tatt i bruk,10101,10101,10101,584.0,,,56490015.0,Hovdveien,5008.0,67.0,,,8360.0,BØSTAD
912206,1860,VESTVÅGØY,189591454,0,111.0,Enebolig,TB,Tatt i bruk,10101,10101,10101,137.0,,,56487005.0,Åsryggen,4007.0,11.0,,,8340.0,STAMSUND
912207,1860,VESTVÅGØY,189588461,0,231.0,Lagerhall,TB,Tatt i bruk,10101,10101,10101,53.0,,,56490015.0,Hovdveien,5008.0,67.0,,,8360.0,BØSTAD
912208,1860,VESTVÅGØY,189591446,0,111.0,Enebolig,TB,Tatt i bruk,10101,10101,19620101,137.0,,,56487006.0,Åsryggen,4007.0,12.0,,,8340.0,STAMSUND
912209,1860,VESTVÅGØY,189585535,1,111.0,Enebolig,TB,Tatt i bruk,19980622,19990601,20000315,42.0,,,,,,,,,,
912210,1860,VESTVÅGØY,189591381,0,145.0,Store sammenb. boligbygg på 3 og 4 etg.,TB,Tatt i bruk,10101,10101,10101,429.0,,,56487483.0,J.M.Johansens vei,4040.0,7.0,,,8340.0,STAMSUND
912211,1860,VESTVÅGØY,189588453,1,181.0,Garasjeuthus anneks til bolig,TB,Tatt i bruk,19960904,19961004,19970404,23.0,,,,,,,,,,
912212,1860,VESTVÅGØY,189591373,0,239.0,Annen lagerbygning,BU,Bygningsnummer utgått,10101,10101,10101,0.0,,,,,,,,,,
912213,1860,VESTVÅGØY,189585535,0,111.0,Enebolig,TB,Tatt i bruk,19760812,19760912,19780510,169.0,,,56496543.0,Nesjeøyveien,5012.0,4.0,,,8360.0,BØSTAD
912214,1860,VESTVÅGØY,189588453,0,181.0,Garasjeuthus anneks til bolig,TB,Tatt i bruk,10101,10101,19980616,24.0,,,,,,,,,,
912215,1860,VESTVÅGØY,189591330,0,329.0,Annen forretningsbygning,TB,Tatt i bruk,10101,10101,10101,98.0,,,,,,,,,,
912216,1860,VESTVÅGØY,189588445,0,111.0,Enebolig,TB,Tatt i bruk,10101,10101,19580101,179.3,,,56490014.0,Hovdveien,5008.0,65.0,,,8360.0,BØSTAD
912217,1860,VESTVÅGØY,189591322,0,248.0,Annen fiskeri- og fangstbygn.,BR,Bygning revet/brent,10101,10101,10101,40.0,,,,,,,,,,
912218,1860,VESTVÅGØY,189585527,0,111.0,Enebolig,TB,Tatt i bruk,19790830,19790930,19810212,182.0,,,56490271.0,Nesjeøyveien,5012.0,7.0,,,8360.0,BØSTAD
912219,1860,VESTVÅGØY,189588437,0,111.0,Enebolig,TB,Tatt i bruk,10101,10101,19530101,258.0,,,56490011.0,Hovdveien,5008.0,58.0,,,8360.0,BØSTAD
912220,1860,VESTVÅGØY,189591292,0,219.0,Annen industribygning,BR,Bygning revet/brent,10101,10101,19200101,1797.0,,,56487605.0,Buøyveien,4046.0,27.0,,,8340.0,STAMSUND
912221,1860,VESTVÅGØY,189585519,0,183.0,Naust båthus sjøbu,BR,Bygning revet/brent,10101,10101,10101,0.0,,,,,,,,,,
912222,1860,VESTVÅGØY,189588429,0,181.0,Garasjeuthus anneks til bolig,TB,Tatt i bruk,10101,10101,10101,20.0,,,,,,,,,,
912223,1860,VESTVÅGØY,189591284,0,171.0,Seterhus sel rorbu o.l.,TB,Tatt i bruk,10101,10101,10101,89.0,,,56487605.0,Buøyveien,4046.0,27.0,,,8340.0,STAMSUND
912224,1860,VESTVÅGØY,189585500,0,111.0,Enebolig,TB,Tatt i bruk,10101,10101,10101,104.0,,,56490275.0,Nesjeøyveien,5012.0,11.0,,,8360.0,BØSTAD
912225,1860,VESTVÅGØY,189588410,0,731.0,"Klinikk, legekontor/-senter/-vakt/dyresykehus",TB,Tatt i bruk,10101,10101,19550101,407.0,,,56490038.0,Hovdveien,5008.0,44.0,,,8360.0,BØSTAD
912226,1860,VESTVÅGØY,189591276,0,171.0,Seterhus sel rorbu o.l.,BR,Bygning revet/brent,10101,10101,10101,59.0,,,56487605.0,Buøyveien,4046.0,27.0,,,8340.0,STAMSUND
912227,1860,VESTVÅGØY,189585497,0,161.0,Fritidsbygg(hyttersommerh. ol,TB,Tatt i bruk,10101,10101,19150101,55.0,,,56490316.0,Eggumsveien,5013.0,430.0,,,8360.0,BØSTAD
912228,1860,VESTVÅGØY,189588402,0,181.0,Garasjeuthus anneks til bolig,TB,Tatt i bruk,10101,10101,10101,18.0,,,,,,,,,,
912229,1860,VESTVÅGØY,189591268,0,171.0,Seterhus sel rorbu o.l.,TB,Tatt i bruk,10101,10101,10101,132.0,,,56487605.0,Buøyveien,4046.0,27.0,,,8340.0,STAMSUND
912230,1860,VESTVÅGØY,189585489,0,322.0,Butikk/forretningsbygning,TB,Tatt i bruk,10101,10101,10101,460.0,,,56490315.0,Eggumsveien,5013.0,395.0,,,8360.0,BØSTAD
912231,1860,VESTVÅGØY,189588399,0,181.0,Garasjeuthus anneks til bolig,TB,Tatt i bruk,10101,10101,10101,16.0,,,,,,,,,,
912232,1860,VESTVÅGØY,189591241,0,239.0,Annen lagerbygning,TB,Tatt i bruk,10101,10101,19730628,1823.0,,,56487605.0,Buøyveien,4046.0,27.0,,,8340.0,STAMSUND
912233,1860,VESTVÅGØY,189585470,0,181.0,Garasjeuthus anneks til bolig,TB,Tatt i bruk,10101,10101,10101,63.0,,,,,,,,,,
912234,1860,VESTVÅGØY,189588380,0,181.0,Garasjeuthus anneks til bolig,TB,Tatt i bruk,10101,10101,10101,18.0,,,,,,,,,,
912235,1860,VESTVÅGØY,189591225,0,248.0,Annen fiskeri- og fangstbygn.,BR,Bygning revet/brent,10101,10101,10101,190.0,,,56487605.0,Buøyveien,4046.0,27.0,,,8340.0,STAMSUND
912236,1860,VESTVÅGØY,189585462,0,161.0,Fritidsbygg(hyttersommerh. ol,TB,Tatt i bruk,10101,10101,10101,102.0,,,56490759.0,Eggumsveien,5013.0,391.0,,,8360.0,BØSTAD
912237,1860,VESTVÅGØY,189588372,1,111.0,Enebolig,TB,Tatt i bruk,10101,10101,19790227,118.0,,,56490037.0,Hovdveien,5008.0,40.0,,,8360.0,BØSTAD
912238,1860,VESTVÅGØY,189591217,0,181.0,Garasjeuthus anneks til bolig,BR,Bygning revet/brent,10101,10101,10101,0.0,,,,,,,,,,
912239,1860,VESTVÅGØY,189585454,0,163.0,Våningh. benyttes som fritidsb,TB,Tatt i bruk,10101,10101,10101,142.0,,,56490314.0,Eggumsveien,5013.0,373.0,,,8360.0,BØSTAD
912240,1860,VESTVÅGØY,189588372,0,111.0,Enebolig,TB,Tatt i bruk,10101,10101,19550101,225.0,,,56490037.0,Hovdveien,5008.0,40.0,,,8360.0,BØSTAD
912241,1860,VESTVÅGØY,189591209,0,111.0,Enebolig,TB,Tatt i bruk,10101,10101,10101,185.0,,,56495867.0,J.M.Johansens vei,4040.0,332.0,,,8340.0,STAMSUND
912242,1860,VESTVÅGØY,189588100,0,111.0,Enebolig,TB,Tatt i bruk,10101,10101,19781130,157.0,,,56490002.0,Hovdveien,5008.0,18.0,,,8360.0,BØSTAD
912243,1860,VESTVÅGØY,189585101,0,241.0,Hus for dyr/landbr.lager/silo,TB,Tatt i bruk,10101,10101,10101,130.0,,,,,,,,,,
912244,1860,VESTVÅGØY,189588097,0,111.0,Enebolig,TB,Tatt i bruk,10101,10101,10101,104.0,,,56490000.0,Hovdveien,5008.0,16.0,,,8360.0,BØSTAD
912245,1860,VESTVÅGØY,189585098,0,111.0,Enebolig,TB,Tatt i bruk,10101,10101,10101,133.0,,,56492946.0,Vikingveien,8011.0,306.0,,,8360.0,BØSTAD
912246,1860,VESTVÅGØY,189588089,0,111.0,Enebolig,TB,Tatt i bruk,10101,10101,10101,77.0,,,56490001.0,Hovdveien,5008.0,17.0,,,8360.0,BØSTAD
912247,1860,VESTVÅGØY,189585071,0,111.0,Enebolig,TB,Tatt i bruk,10101,10101,10101,156.0,,,56492945.0,Vikingveien,8011.0,304.0,,,8360.0,BØSTAD
912248,1860,VESTVÅGØY,189588070,0,181.0,Garasjeuthus anneks til bolig,TB,Tatt i bruk,10101,10101,19450101,30.0,,,,,,,,,,
912249,1860,VESTVÅGØY,189585063,0,181.0,Garasjeuthus anneks til bolig,BR,Bygning revet/brent,10101,10101,10101,58.0,,,,,,,,,,
912250,1860,VESTVÅGØY,189588062,0,181.0,Garasjeuthus anneks til bolig,BR,Bygning revet/brent,10101,10101,19700101,16.0,,,,,,,,,,
912251,1860,VESTVÅGØY,189588054,0,161.0,Fritidsbygg(hyttersommerh. ol,BR,Bygning revet/brent,10101,10101,18800101,106.0,,,,,,,,,,
912252,1860,VESTVÅGØY,189585055,1,181.0,Garasjeuthus anneks til bolig,TB,Tatt i bruk,19970807,19970820,19971030,44.0,,,,,,,,,,
912253,1860,VESTVÅGØY,189588046,0,241.0,Hus for dyr/landbr.lager/silo,TB,Tatt i bruk,10101,10101,10101,67.0,,,,,,,,,,
912254,1860,VESTVÅGØY,189585055,0,181.0,Garasjeuthus anneks til bolig,TB,Tatt i bruk,10101,10101,10101,44.0,,,,,,,,,,
912255,1860,VESTVÅGØY,189588038,0,111.0,Enebolig,TB,Tatt i bruk,10101,10101,10101,217.0,,,56493040.0,Vikingveien,8011.0,627.0,,,8360.0,BØSTAD
912256,1860,VESTVÅGØY,189585047,0,181.0,Garasjeuthus anneks til bolig,TB,Tatt i bruk,10101,10101,10101,53.0,,,,,,,,,,
912257,1860,VESTVÅGØY,189585039,0,111.0,Enebolig,TB,Tatt i bruk,10101,10101,10101,214.0,,,56492944.0,Vikingveien,8011.0,294.0,,,8360.0,BØSTAD
912258,1860,VESTVÅGØY,189588011,1,111.0,Enebolig,TB,Tatt i bruk,20031006,20031101,20050101,26.0,,,56493021.0,Vikingveien,8011.0,629.0,,,8360.0,BØSTAD
912259,1860,VESTVÅGØY,189585020,0,111.0,Enebolig,BR,Bygning revet/brent,10101,10101,10101,146.0,,,,,,,,,,
912260,1860,VESTVÅGØY,189588011,0,111.0,Enebolig,TB,Tatt i bruk,10101,10101,19350101,115.0,,,56493021.0,Vikingveien,8011.0,629.0,,,8360.0,BØSTAD
912261,1860,VESTVÅGØY,189585012,0,181.0,Garasjeuthus anneks til bolig,TB,Tatt i bruk,10101,10101,10101,137.0,,,,,,,,,,
912262,1860,VESTVÅGØY,189588003,0,181.0,Garasjeuthus anneks til bolig,BR,Bygning revet/brent,10101,10101,10101,0.0,,,,,,,,,,
912263,1860,VESTVÅGØY,189585004,0,111.0,Enebolig,BU,Bygningsnummer utgått,10101,10101,10101,225.0,,,56492940.0,Vikingveien,8011.0,288.0,,,8360.0,BØSTAD
912264,1860,VESTVÅGØY,189587996,0,181.0,Garasjeuthus anneks til bolig,TB,Tatt i bruk,10101,10101,10101,38.0,,,,,,,,,,
912265,1860,VESTVÅGØY,189584997,0,111.0,Enebolig,TB,Tatt i bruk,10101,10101,10101,89.0,,,56492938.0,Vikingveien,8011.0,286.0,,,8360.0,BØSTAD
912266,1860,VESTVÅGØY,189587988,1,241.0,Hus for dyr/landbr.lager/silo,TB,Tatt i bruk,19980706,19980806,19981015,70.0,,,,,,,,,,
912267,1860,VESTVÅGØY,189584989,1,111.0,Enebolig,TB,Tatt i bruk,20030106,20030301,20030715,20.0,,,56492933.0,Vikingveien,8011.0,274.0,,,8360.0,BØSTAD
912268,1860,VESTVÅGØY,189587988,0,241.0,Hus for dyr/landbr.lager/silo,TB,Tatt i bruk,10101,10101,10101,173.0,,,,,,,,,,
912269,1860,VESTVÅGØY,189584989,0,111.0,Enebolig,TB,Tatt i bruk,10101,10101,10101,172.0,,,56492933.0,Vikingveien,8011.0,274.0,,,8360.0,BØSTAD
912270,1860,VESTVÅGØY,189588240,0,111.0,Enebolig,TB,Tatt i bruk,10101,10101,19450101,123.0,,,56493038.0,Vikingveien,8011.0,600.0,,,8360.0,BØSTAD
912271,1860,VESTVÅGØY,189585241,0,161.0,Fritidsbygg(hyttersommerh. ol,TB,Tatt i bruk,10101,10101,10101,36.0,,,56493086.0,Slydalen,8004.0,278.0,,,8360.0,BØSTAD
912272,1860,VESTVÅGØY,189588232,0,181.0,Garasjeuthus anneks til bolig,TB,Tatt i bruk,10101,10101,10101,28.0,,,,,,,,,,
912273,1860,VESTVÅGØY,189585233,0,163.0,Våningh. benyttes som fritidsb,TB,Tatt i bruk,10101,10101,10101,46.0,,,56493085.0,Slydalen,8004.0,260.0,,,8360.0,BØSTAD
912274,1860,VESTVÅGØY,189588224,0,181.0,Garasjeuthus anneks til bolig,TB,Tatt i bruk,10101,10101,10101,24.0,,,,,,,,,,
912275,1860,VESTVÅGØY,189588216,0,111.0,Enebolig,TB,Tatt i bruk,10101,10101,19310101,150.0,,,56493039.0,Vikingveien,8011.0,604.0,,,8360.0,BØSTAD
912276,1860,VESTVÅGØY,189585225,2,111.0,Enebolig,TB,Tatt i bruk,20020412,20020502,20060101,81.0,,,,,,,,,,
912277,1860,VESTVÅGØY,189585225,1,111.0,Enebolig,TB,Tatt i bruk,10101,10101,19801216,57.0,,,56496354.0,Vikingveien,8011.0,278.0,,,8360.0,BØSTAD
912278,1860,VESTVÅGØY,189588208,1,111.0,Enebolig,TB,Tatt i bruk,20011112,20011115,20020201,30.0,,,56493018.0,Vikingveien,8011.0,602.0,,,8360.0,BØSTAD
912279,1860,VESTVÅGØY,189585225,0,111.0,Enebolig,TB,Tatt i bruk,10101,10101,10101,159.0,,,56496354.0,Vikingveien,8011.0,278.0,,,8360.0,BØSTAD
912280,1860,VESTVÅGØY,189588208,0,111.0,Enebolig,TB,Tatt i bruk,10101,10101,10101,155.0,,,56493018.0,Vikingveien,8011.0,602.0,,,8360.0,BØSTAD
912281,1860,VESTVÅGØY,189585217,0,181.0,Garasjeuthus anneks til bolig,TB,Tatt i bruk,10101,10101,10101,57.0,,,,,,,,,,
912282,1860,VESTVÅGØY,189588194,0,241.0,Hus for dyr/landbr.lager/silo,TB,Tatt i bruk,10101,10101,19680101,140.0,,,,,,,,,,
912283,1860,VESTVÅGØY,189585209,0,111.0,Enebolig,TB,Tatt i bruk,10101,10101,10101,143.0,,,56492936.0,Vikingveien,8011.0,282.0,,,8360.0,BØSTAD
912284,1860,VESTVÅGØY,189588186,0,241.0,Hus for dyr/landbr.lager/silo,TB,Tatt i bruk,10101,10101,10101,202.0,,,,,,,,,,
912285,1860,VESTVÅGØY,189585195,0,241.0,Hus for dyr/landbr.lager/silo,TB,Tatt i bruk,10101,10101,10101,135.0,,,,,,,,,,
912286,1860,VESTVÅGØY,189588178,0,111.0,Enebolig,TB,Tatt i bruk,10101,10101,19770623,152.0,,,56490036.0,Hovdveien,5008.0,10.0,,,8360.0,BØSTAD
912287,1860,VESTVÅGØY,189585187,0,111.0,Enebolig,TB,Tatt i bruk,10101,10101,10101,91.0,,,56492935.0,Vikingveien,8011.0,280.0,,,8360.0,BØSTAD
912288,1860,VESTVÅGØY,189588151,0,111.0,Enebolig,TB,Tatt i bruk,10101,10101,18930101,166.0,,,56490035.0,Hovdveien,5008.0,6.0,,,8360.0,BØSTAD
912289,1860,VESTVÅGØY,189585179,0,111.0,Enebolig,GR,Bygning godkjent for riving/brenning,10101,10101,19711109,143.0,,,56492974.0,Vikingveien,8011.0,268.0,,,8360.0,BØSTAD
912290,1860,VESTVÅGØY,189588143,0,111.0,Enebolig,TB,Tatt i bruk,10101,10101,18500101,152.0,,,56489998.0,Hovdveien,5008.0,8.0,,,8360.0,BØSTAD
912291,1860,VESTVÅGØY,189585160,0,181.0,Garasjeuthus anneks til bolig,TB,Tatt i bruk,10101,10101,10101,11.0,,,,,,,,,,
912292,1860,VESTVÅGØY,189588135,0,111.0,Enebolig,TB,Tatt i bruk,10101,10101,19600101,161.0,,,56490034.0,Hovdveien,5008.0,4.0,,,8360.0,BØSTAD
912293,1860,VESTVÅGØY,189585152,0,181.0,Garasjeuthus anneks til bolig,TB,Tatt i bruk,10101,10101,10101,35.0,,,,,,,,,,
912294,1860,VESTVÅGØY,189588127,0,111.0,Enebolig,TB,Tatt i bruk,10101,10101,19830614,174.0,,,56489999.0,Hovdveien,5008.0,12.0,,,8360.0,BØSTAD
912295,1860,VESTVÅGØY,189585144,0,111.0,Enebolig,TB,Tatt i bruk,10101,10101,10101,193.0,,,56497144.0,Vikingveien,8011.0,284.0,,,8360.0,BØSTAD
912296,1860,VESTVÅGØY,189588119,1,111.0,Enebolig,TB,Tatt i bruk,10101,10101,19890210,23.0,,,,,,,,,,
912297,1860,VESTVÅGØY,189585136,0,111.0,Enebolig,TB,Tatt i bruk,10101,10101,10101,41.0,,,56492934.0,Vikingveien,8011.0,276.0,,,8360.0,BØSTAD
912298,1860,VESTVÅGØY,189588119,0,111.0,Enebolig,TB,Tatt i bruk,10101,10101,19800606,250.0,,,56493019.0,Vikingveien,8011.0,625.0,,,8360.0,BØSTAD
912299,1860,VESTVÅGØY,189585128,0,181.0,Garasjeuthus anneks til bolig,TB,Tatt i bruk,10101,10101,10101,65.0,,,,,,,,,,
912300,1860,VESTVÅGØY,189590393,0,183.0,Naust båthus sjøbu,TB,Tatt i bruk,10101,10101,10101,17.0,,,,,,,,,,
912301,1860,VESTVÅGØY,189584660,0,249.0,Annen landbruksbygning,TB,Tatt i bruk,10101,10101,10101,117.0,,,,,,,,,,
912302,1860,VESTVÅGØY,189587589,0,181.0,Garasjeuthus anneks til bolig,TB,Tatt i bruk,10101,10101,10101,33.0,,,,,,,,,,
912303,1860,VESTVÅGØY,189590385,0,181.0,Garasjeuthus anneks til bolig,TB,Tatt i bruk,10101,10101,10101,41.0,,,,,,,,,,
912304,1860,VESTVÅGØY,189584652,0,181.0,Garasjeuthus anneks til bolig,TB,Tatt i bruk,10101,10101,10101,184.0,,,,,,,,,,
912305,1860,VESTVÅGØY,189587570,0,181.0,Garasjeuthus anneks til bolig,TB,Tatt i bruk,10101,10101,10101,42.0,,,,,,,,,,
912306,1860,VESTVÅGØY,189590377,0,181.0,Garasjeuthus anneks til bolig,TB,Tatt i bruk,10101,10101,10101,35.0,,,,,,,,,,
912307,1860,VESTVÅGØY,189587562,0,111.0,Enebolig,TB,Tatt i bruk,10101,10101,10101,112.0,,,56490842.0,Borgvågveien,5014.0,108.0,,,8360.0,BØSTAD
912308,1860,VESTVÅGØY,189590369,0,111.0,Enebolig,TB,Tatt i bruk,10101,10101,19200101,71.0,,,56487457.0,Vikanveien,4036.0,8.0,,,8340.0,STAMSUND
912309,1860,VESTVÅGØY,189584644,1,111.0,Enebolig,TB,Tatt i bruk,19980826,19980826,19980827,24.0,,,,,,,,,,
912310,1860,VESTVÅGØY,189587554,0,111.0,Enebolig,TB,Tatt i bruk,10101,10101,19400101,51.0,,,56490841.0,Borgvågveien,5014.0,104.0,,,8360.0,BØSTAD
912311,1860,VESTVÅGØY,189590350,0,111.0,Enebolig,TB,Tatt i bruk,10101,10101,19550101,190.0,,,56487458.0,Vikanveien,4036.0,9.0,,,8340.0,STAMSUND
912312,1860,VESTVÅGØY,189587546,0,181.0,Garasjeuthus anneks til bolig,BR,Bygning revet/brent,10101,10101,10101,23.0,,,,,,,,,,
912313,1860,VESTVÅGØY,189590342,0,111.0,Enebolig,TB,Tatt i bruk,10101,10101,19790628,163.0,,,56487460.0,Vikanveien,4036.0,17.0,,,8340.0,STAMSUND
912314,1860,VESTVÅGØY,189584644,0,111.0,Enebolig,TB,Tatt i bruk,19700707,19700807,19710528,167.0,,,56492405.0,Ostadmyran,8002.0,90.0,,,8360.0,BØSTAD
912315,1860,VESTVÅGØY,189587538,0,181.0,Garasjeuthus anneks til bolig,TB,Tatt i bruk,10101,10101,19890209,43.0,,,,,,,,,,
912316,1860,VESTVÅGØY,189590334,0,111.0,Enebolig,TB,Tatt i bruk,10101,10101,19720101,142.0,,,56487462.0,Vikanveien,4036.0,29.0,,,8340.0,STAMSUND
912317,1860,VESTVÅGØY,189584636,0,111.0,Enebolig,TB,Tatt i bruk,10101,10101,10101,124.0,,,56492416.0,Ostadmyran,8002.0,94.0,,,8360.0,BØSTAD
912318,1860,VESTVÅGØY,189587511,0,181.0,Garasjeuthus anneks til bolig,BR,Bygning revet/brent,10101,10101,10101,18.0,,,,,,,,,,
912319,1860,VESTVÅGØY,189590326,0,111.0,Enebolig,TB,Tatt i bruk,10101,10101,10101,89.0,,,56497128.0,Vikanveien,4036.0,37.0,,,8340.0,STAMSUND
912320,1860,VESTVÅGØY,189584601,0,181.0,Garasjeuthus anneks til bolig,TB,Tatt i bruk,10101,10101,10101,47.0,,,,,,,,,,
912321,1860,VESTVÅGØY,189587503,0,111.0,Enebolig,TB,Tatt i bruk,10101,10101,10101,260.0,,,56490022.0,Hovdveien,5008.0,156.0,,,8360.0,BØSTAD
912322,1860,VESTVÅGØY,189590318,0,111.0,Enebolig,TB,Tatt i bruk,10101,10101,19550101,156.0,,,56487454.0,Vikanveien,4036.0,3.0,,,8340.0,STAMSUND
912323,1860,VESTVÅGØY,189584598,0,182.0,Garasjeuth.anneks til fritidb,BR,Bygning revet/brent,10101,10101,10101,0.0,,,,,,,,,,
912324,1860,VESTVÅGØY,189587481,2,111.0,Enebolig,TB,Tatt i bruk,10101,10101,19880111,17.0,,,,,,,,,,
912325,1860,VESTVÅGØY,189590296,0,111.0,Enebolig,TB,Tatt i bruk,10101,10101,19350101,91.0,,,56487456.0,Vikanveien,4036.0,5.0,,,8340.0,STAMSUND
912326,1860,VESTVÅGØY,189584571,0,161.0,Fritidsbygg(hyttersommerh. ol,BR,Bygning revet/brent,10101,10101,10101,0.0,,,,,,,,,,
912327,1860,VESTVÅGØY,189587481,1,111.0,Enebolig,TB,Tatt i bruk,10101,10101,19880111,31.0,,,,,,,,,,
912328,1860,VESTVÅGØY,189590288,0,181.0,Garasjeuthus anneks til bolig,TB,Tatt i bruk,10101,10101,10101,32.0,,,,,,,,,,
912329,1860,VESTVÅGØY,189584563,0,161.0,Fritidsbygg(hyttersommerh. ol,BU,Bygningsnummer utgått,10101,10101,10101,0.0,,,,,,,,,,
912330,1860,VESTVÅGØY,189587481,0,111.0,Enebolig,TB,Tatt i bruk,10101,10101,19600101,125.0,,,56493022.0,Vikingveien,8011.0,820.0,,,8360.0,BØSTAD
912331,1860,VESTVÅGØY,189590261,0,161.0,Fritidsbygg(hyttersommerh. ol,TB,Tatt i bruk,10101,10101,10101,74.0,,,56497163.0,Fabrikkveien,4035.0,6.0,,,8340.0,STAMSUND
912332,1860,VESTVÅGØY,189584555,0,161.0,Fritidsbygg(hyttersommerh. ol,BR,Bygning revet/brent,10101,10101,10101,0.0,,,,,,,,,,
912333,1860,VESTVÅGØY,189587473,0,181.0,Garasjeuthus anneks til bolig,BU,Bygningsnummer utgått,10101,10101,10101,0.0,,,,,,,,,,
912334,1860,VESTVÅGØY,189590253,0,111.0,Enebolig,TB,Tatt i bruk,10101,10101,10101,153.0,,,56487452.0,Fabrikkveien,4035.0,4.0,,,8340.0,STAMSUND
912335,1860,VESTVÅGØY,189584547,0,161.0,Fritidsbygg(hyttersommerh. ol,BR,Bygning revet/brent,10101,10101,10101,102.0,,,,,,,,,,
912336,1860,VESTVÅGØY,189587465,0,181.0,Garasjeuthus anneks til bolig,TB,Tatt i bruk,10101,10101,10101,51.0,,,,,,,,,,
912337,1860,VESTVÅGØY,189590245,0,111.0,Enebolig,TB,Tatt i bruk,10101,10101,19700902,120.0,,,56487581.0,J.M.Johansens vei,4040.0,346.0,,,8340.0,STAMSUND
912338,1860,VESTVÅGØY,189584539,0,161.0,Fritidsbygg(hyttersommerh. ol,TB,Tatt i bruk,10101,10101,10101,69.0,,,56492403.0,Ostadmyran,8002.0,86.0,,,8360.0,BØSTAD
912339,1860,VESTVÅGØY,189587457,0,181.0,Garasjeuthus anneks til bolig,TB,Tatt i bruk,10101,10101,19590101,87.0,,,,,,,,,,
912340,1860,VESTVÅGØY,189590237,0,181.0,Garasjeuthus anneks til bolig,TB,Tatt i bruk,10101,10101,19520101,20.0,,,56487581.0,J.M.Johansens vei,4040.0,346.0,,,8340.0,STAMSUND
912341,1860,VESTVÅGØY,189584520,0,181.0,Garasjeuthus anneks til bolig,BR,Bygning revet/brent,10101,10101,10101,90.0,,,,,,,,,,
912342,1860,VESTVÅGØY,189587449,0,181.0,Garasjeuthus anneks til bolig,TB,Tatt i bruk,10101,10101,19590101,116.0,,,,,,,,,,
912343,1860,VESTVÅGØY,189590229,0,181.0,Garasjeuthus anneks til bolig,TB,Tatt i bruk,10101,10101,18800101,29.0,,,,,,,,,,
912344,1860,VESTVÅGØY,189587430,0,111.0,Enebolig,TB,Tatt i bruk,10101,10101,19490101,158.0,,,56493024.0,Vikingveien,8011.0,835.0,,,8360.0,BØSTAD
912345,1860,VESTVÅGØY,189587740,0,111.0,Enebolig,TB,Tatt i bruk,19750321,19750421,19751211,163.0,,,56490871.0,Borgvågveien,5014.0,133.0,,,8360.0,BØSTAD
912346,1860,VESTVÅGØY,189590539,1,111.0,Enebolig,TB,Tatt i bruk,20030310,20030415,20031215,69.0,,,56487634.0,Øyanveien,4038.0,2.0,,,8340.0,STAMSUND
912347,1860,VESTVÅGØY,189587732,0,111.0,Enebolig,TB,Tatt i bruk,10101,10101,19580101,170.0,,,56490870.0,Borgvågveien,5014.0,101.0,,,8360.0,BØSTAD
912348,1860,VESTVÅGØY,189590539,0,111.0,Enebolig,TB,Tatt i bruk,10101,10101,10101,127.0,,,56487634.0,Øyanveien,4038.0,2.0,,,8340.0,STAMSUND
912349,1860,VESTVÅGØY,189587724,0,241.0,Hus for dyr/landbr.lager/silo,TB,Tatt i bruk,10101,10101,19660101,45.0,,,,,,,,,,
912350,1860,VESTVÅGØY,189590520,0,181.0,Garasjeuthus anneks til bolig,BR,Bygning revet/brent,10101,10101,19400101,34.0,,,,,,,,,,
912351,1860,VESTVÅGØY,189587716,0,241.0,Hus for dyr/landbr.lager/silo,BR,Bygning revet/brent,10101,10101,10101,0.0,,,,,,,,,,
912352,1860,VESTVÅGØY,189590512,0,241.0,Hus for dyr/landbr.lager/silo,TB,Tatt i bruk,10101,10101,10101,76.0,,,,,,,,,,
912353,1860,VESTVÅGØY,189587708,0,181.0,Garasjeuthus anneks til bolig,BU,Bygningsnummer utgått,10101,10101,10101,60.0,,,,,,,,,,
912354,1860,VESTVÅGØY,189590504,0,182.0,Garasjeuth.anneks til fritidb,TB,Tatt i bruk,10101,10101,10101,43.0,,,,,,,,,,
912355,1860,VESTVÅGØY,189587694,0,111.0,Enebolig,TB,Tatt i bruk,10101,10101,19500101,98.0,,,56490843.0,Borgvågveien,5014.0,109.0,,,8360.0,BØSTAD
912356,1860,VESTVÅGØY,189590490,0,111.0,Enebolig,TB,Tatt i bruk,10101,10101,19450101,123.0,,,56487584.0,J.M.Johansens vei,4040.0,356.0,,,8340.0,STAMSUND
912357,1860,VESTVÅGØY,189584741,0,161.0,Fritidsbygg(hyttersommerh. ol,TB,Tatt i bruk,10101,10101,10101,151.0,,,56492937.0,Vikingveien,8011.0,283.0,,,8360.0,BØSTAD
912358,1860,VESTVÅGØY,189587686,0,111.0,Enebolig,TB,Tatt i bruk,10101,10101,19540101,214.0,,,56497151.0,Borgvågveien,5014.0,128.0,,,8360.0,BØSTAD
912359,1860,VESTVÅGØY,189590482,0,111.0,Enebolig,TB,Tatt i bruk,10101,10101,19300101,133.0,,,56487583.0,J.M.Johansens vei,4040.0,352.0,,,8340.0,STAMSUND
912360,1860,VESTVÅGØY,189584733,0,181.0,Garasjeuthus anneks til bolig,TB,Tatt i bruk,10101,10101,10101,25.0,,,,,,,,,,
912361,1860,VESTVÅGØY,189587678,0,181.0,Garasjeuthus anneks til bolig,TB,Tatt i bruk,10101,10101,10101,24.0,,,,,,,,,,
912362,1860,VESTVÅGØY,189590474,0,111.0,Enebolig,TB,Tatt i bruk,10101,10101,18850101,40.0,,,56495847.0,J.M.Johansens vei,4040.0,349.0,,,8340.0,STAMSUND
912363,1860,VESTVÅGØY,189584725,0,181.0,Garasjeuthus anneks til bolig,TB,Tatt i bruk,10101,10101,10101,93.0,,,,,,,,,,
912364,1860,VESTVÅGØY,189587651,0,181.0,Garasjeuthus anneks til bolig,TB,Tatt i bruk,10101,10101,10101,99.0,,,,,,,,,,
912365,1860,VESTVÅGØY,189590466,0,111.0,Enebolig,TB,Tatt i bruk,10101,10101,19350101,81.0,,,56495846.0,J.M.Johansens vei,4040.0,347.0,,,8340.0,STAMSUND
912366,1860,VESTVÅGØY,189584717,0,111.0,Enebolig,TB,Tatt i bruk,10101,10101,19900101,141.0,,,56492445.0,Ostadmyran,8002.0,142.0,,,8360.0,BØSTAD
912367,1860,VESTVÅGØY,189587643,0,113.0,Våningshus,TB,Tatt i bruk,10101,10101,19400101,98.0,,,56490846.0,Borgvågveien,5014.0,129.0,,,8360.0,BØSTAD
912368,1860,VESTVÅGØY,189590458,0,181.0,Garasjeuthus anneks til bolig,TB,Tatt i bruk,10101,10101,19350101,44.0,,,,,,,,,,
912369,1860,VESTVÅGØY,189584709,0,111.0,Enebolig,TB,Tatt i bruk,10101,10101,10101,65.0,,,56492439.0,Ostadmyran,8002.0,128.0,,,8360.0,BØSTAD
912370,1860,VESTVÅGØY,189587635,0,111.0,Enebolig,TB,Tatt i bruk,10101,10101,19500101,152.0,,,56490845.0,Borgvågveien,5014.0,122.0,,,8360.0,BØSTAD
912371,1860,VESTVÅGØY,189590431,0,111.0,Enebolig,TB,Tatt i bruk,10101,10101,19720907,154.0,,,56487582.0,J.M.Johansens vei,4040.0,350.0,,,8340.0,STAMSUND
912372,1860,VESTVÅGØY,189584695,0,241.0,Hus for dyr/landbr.lager/silo,TB,Tatt i bruk,10101,10101,10101,270.0,,,,,,,,,,
912373,1860,VESTVÅGØY,189587627,0,181.0,Garasjeuthus anneks til bolig,BR,Bygning revet/brent,10101,10101,10101,0.0,,,,,,,,,,
912374,1860,VESTVÅGØY,189590423,0,111.0,Enebolig,TB,Tatt i bruk,10101,10101,19700309,161.0,,,56495869.0,J.M.Johansens vei,4040.0,345.0,,,8340.0,STAMSUND
912375,1860,VESTVÅGØY,189584687,1,111.0,Enebolig,TB,Tatt i bruk,10101,10101,10101,25.0,,,,,,,,,,
912376,1860,VESTVÅGØY,189587619,0,181.0,Garasjeuthus anneks til bolig,TB,Tatt i bruk,10101,10101,19300101,53.0,,,,,,,,,,
912377,1860,VESTVÅGØY,189590415,0,111.0,Enebolig,TB,Tatt i bruk,10101,10101,19781212,149.0,,,56487459.0,Vikanveien,4036.0,13.0,,,8340.0,STAMSUND
912378,1860,VESTVÅGØY,189584687,0,111.0,Enebolig,TB,Tatt i bruk,10101,10101,19900101,155.0,,,56492433.0,Ostadmyran,8002.0,116.0,,,8360.0,BØSTAD
912379,1860,VESTVÅGØY,189587600,0,111.0,Enebolig,TB,Tatt i bruk,10101,10101,19300101,88.0,,,56490847.0,Borgvågveien,5014.0,134.0,,,8360.0,BØSTAD
912380,1860,VESTVÅGØY,189590407,0,181.0,Garasjeuthus anneks til bolig,TB,Tatt i bruk,10101,10101,19790101,47.0,,,,,,,,,,
912381,1860,VESTVÅGØY,189584679,0,181.0,Garasjeuthus anneks til bolig,TB,Tatt i bruk,10101,10101,10101,46.0,,,,,,,,,,
912382,1860,VESTVÅGØY,189587597,0,163.0,Våningh. benyttes som fritidsb,TB,Tatt i bruk,10101,10101,19300101,61.0,,,56490844.0,Borgvågveien,5014.0,120.0,,,8360.0,BØSTAD
912383,1860,VESTVÅGØY,189584369,0,181.0,Garasjeuthus anneks til bolig,TB,Tatt i bruk,10101,10101,10101,20.0,,,,,,,,,,
912384,1860,VESTVÅGØY,189587260,0,181.0,Garasjeuthus anneks til bolig,TB,Tatt i bruk,10101,10101,10101,27.0,,,,,,,,,,
912385,1860,VESTVÅGØY,189584350,0,111.0,Enebolig,TB,Tatt i bruk,10101,10101,10101,135.0,,,56492925.0,Vikingveien,8011.0,110.0,,,8360.0,BØSTAD
912386,1860,VESTVÅGØY,189587252,0,181.0,Garasjeuthus anneks til bolig,TB,Tatt i bruk,10101,10101,19370101,104.0,,,,,,,,,,
912387,1860,VESTVÅGØY,189584342,0,111.0,Enebolig,TB,Tatt i bruk,10101,10101,19300101,111.0,,,56492923.0,Vikingveien,8011.0,106.0,,,8360.0,BØSTAD
912388,1860,VESTVÅGØY,189587244,0,113.0,Våningshus,TB,Tatt i bruk,10101,10101,19530101,102.0,,,56493058.0,Torvdalsveien,8102.0,149.0,,,8360.0,BØSTAD
912389,1860,VESTVÅGØY,189584334,0,181.0,Garasjeuthus anneks til bolig,TB,Tatt i bruk,10101,10101,19300101,36.0,,,,,,,,,,
912390,1860,VESTVÅGØY,189587236,0,111.0,Enebolig,TB,Tatt i bruk,10101,10101,10101,83.0,,,56493059.0,Torvdalsveien,8102.0,150.0,,,8360.0,BØSTAD
912391,1860,VESTVÅGØY,189584326,0,111.0,Enebolig,TB,Tatt i bruk,10101,10101,10101,64.0,,,56492922.0,Vikingveien,8011.0,93.0,,,8360.0,BØSTAD
912392,1860,VESTVÅGØY,189587228,0,181.0,Garasjeuthus anneks til bolig,TB,Tatt i bruk,10101,10101,10101,21.0,,,,,,,,,,
912393,1860,VESTVÅGØY,189584318,0,181.0,Garasjeuthus anneks til bolig,TB,Tatt i bruk,10101,10101,10101,41.0,,,,,,,,,,
912394,1860,VESTVÅGØY,189587201,0,161.0,Fritidsbygg(hyttersommerh. ol,TB,Tatt i bruk,10101,10101,10101,167.0,,,56493057.0,Torvdalsveien,8102.0,133.0,,,8360.0,BØSTAD
912395,1860,VESTVÅGØY,189584296,0,111.0,Enebolig,TB,Tatt i bruk,10101,10101,10101,104.0,,,56497648.0,Vikingveien,8011.0,71.0,,,8360.0,BØSTAD
912396,1860,VESTVÅGØY,189587198,0,161.0,Fritidsbygg(hyttersommerh. ol,TB,Tatt i bruk,10101,10101,19640101,146.0,,,56490262.0,Pollveien,5010.0,833.0,,,8360.0,BØSTAD
912397,1860,VESTVÅGØY,189584288,0,241.0,Hus for dyr/landbr.lager/silo,TB,Tatt i bruk,10101,10101,19900101,762.0,,,,,,,,,,
912398,1860,VESTVÅGØY,189587171,0,181.0,Garasjeuthus anneks til bolig,TB,Tatt i bruk,10101,10101,19600101,55.0,,,,,,,,,,
912399,1860,VESTVÅGØY,189584261,1,113.0,Våningshus,TB,Tatt i bruk,20061005,20061105,20070301,11.0,,,,,,,,,,
912400,1860,VESTVÅGØY,189587163,0,111.0,Enebolig,TB,Tatt i bruk,19790803,19790903,19801205,185.0,,,56490280.0,Pollveien,5010.0,821.0,,,8360.0,BØSTAD
912401,1860,VESTVÅGØY,189584261,0,113.0,Våningshus,TB,Tatt i bruk,19820915,19821015,19830228,210.0,,,56492905.0,Vikingveien,8011.0,35.0,,,8360.0,BØSTAD
912402,1860,VESTVÅGØY,189587155,0,111.0,Enebolig,TB,Tatt i bruk,19811116,19811117,19811127,112.0,,,56490263.0,Pollveien,5010.0,836.0,,,8360.0,BØSTAD
912403,1860,VESTVÅGØY,189584253,0,111.0,Enebolig,TB,Tatt i bruk,10101,10101,10101,212.0,,,56492911.0,Vikingveien,8011.0,50.0,,,8360.0,BØSTAD
912404,1860,VESTVÅGØY,189587147,0,249.0,Annen landbruksbygning,TB,Tatt i bruk,10101,10101,19300101,254.0,,,,,,,,,,
912405,1860,VESTVÅGØY,189584245,0,241.0,Hus for dyr/landbr.lager/silo,TB,Tatt i bruk,10101,10101,10101,627.0,,,,,,,,,,
912406,1860,VESTVÅGØY,189587139,0,249.0,Annen landbruksbygning,IG,Igangsettingstillatelse,10101,19980101,10101,262.0,,,,,,,,,,
912407,1860,VESTVÅGØY,189584237,0,181.0,Garasjeuthus anneks til bolig,TB,Tatt i bruk,10101,10101,10101,86.0,,,,,,,,,,
912408,1860,VESTVÅGØY,189587120,0,181.0,Garasjeuthus anneks til bolig,TB,Tatt i bruk,10101,10101,10101,40.0,,,,,,,,,,
912409,1860,VESTVÅGØY,189584229,0,181.0,Garasjeuthus anneks til bolig,TB,Tatt i bruk,10101,10101,10101,16.0,,,,,,,,,,
912410,1860,VESTVÅGØY,189587112,0,111.0,Enebolig,TB,Tatt i bruk,10101,10101,10101,133.0,,,56492297.0,Indre Steinfjordvei,8008.0,145.0,,,8360.0,BØSTAD
912411,1860,VESTVÅGØY,189590210,0,181.0,Garasjeuthus anneks til bolig,TB,Tatt i bruk,10101,10101,10101,32.0,,,,,,,,,,
912412,1860,VESTVÅGØY,189584512,1,111.0,Enebolig,TB,Tatt i bruk,19970917,19980601,19981101,20.0,,,56492400.0,Ostadmyran,8002.0,82.0,,,8360.0,BØSTAD
912413,1860,VESTVÅGØY,189587422,0,111.0,Enebolig,TB,Tatt i bruk,10101,10101,19550101,142.0,,,56493023.0,Vikingveien,8011.0,829.0,,,8360.0,BØSTAD
912414,1860,VESTVÅGØY,189590202,0,111.0,Enebolig,TB,Tatt i bruk,10101,10101,19790606,193.0,,,56495868.0,J.M.Johansens vei,4040.0,336.0,,,8340.0,STAMSUND
912415,1860,VESTVÅGØY,189584512,0,111.0,Enebolig,TB,Tatt i bruk,10101,10101,10101,85.0,,,56492400.0,Ostadmyran,8002.0,82.0,,,8360.0,BØSTAD
912416,1860,VESTVÅGØY,189587414,0,181.0,Garasjeuthus anneks til bolig,TB,Tatt i bruk,10101,10101,10101,186.0,,,,,,,,,,
912417,1860,VESTVÅGØY,189590199,0,111.0,Enebolig,TB,Tatt i bruk,10101,10101,19400101,90.0,,,56487473.0,Øyanveien,4038.0,29.0,,,8340.0,STAMSUND
912418,1860,VESTVÅGØY,189584504,0,111.0,Enebolig,TB,Tatt i bruk,10101,10101,10101,148.0,,,56492398.0,Ostadmyran,8002.0,80.0,,,8360.0,BØSTAD
912419,1860,VESTVÅGØY,189587406,0,111.0,Enebolig,TB,Tatt i bruk,10101,10101,10101,54.0,,,56497018.0,Borgvågveien,5014.0,49.0,,,8360.0,BØSTAD
912420,1860,VESTVÅGØY,189590180,0,181.0,Garasjeuthus anneks til bolig,TB,Tatt i bruk,10101,10101,10101,16.0,,,,,,,,,,
912421,1860,VESTVÅGØY,189584490,0,241.0,Hus for dyr/landbr.lager/silo,TB,Tatt i bruk,10101,10101,10101,87.0,,,,,,,,,,
912422,1860,VESTVÅGØY,189587392,0,181.0,Garasjeuthus anneks til bolig,TB,Tatt i bruk,10101,10101,10101,7.0,,,,,,,,,,
912423,1860,VESTVÅGØY,189590172,0,181.0,Garasjeuthus anneks til bolig,TB,Tatt i bruk,10101,10101,10101,64.0,,,,,,,,,,
912424,1860,VESTVÅGØY,189584482,0,181.0,Garasjeuthus anneks til bolig,TB,Tatt i bruk,10101,10101,10101,136.0,,,,,,,,,,
912425,1860,VESTVÅGØY,189587384,0,181.0,Garasjeuthus anneks til bolig,TB,Tatt i bruk,10101,10101,10101,25.0,,,,,,,,,,
912426,1860,VESTVÅGØY,189590164,0,111.0,Enebolig,TB,Tatt i bruk,10101,10101,19250101,136.0,,,56487472.0,Øyanveien,4038.0,25.0,,,8340.0,STAMSUND
912427,1860,VESTVÅGØY,189587376,0,181.0,Garasjeuthus anneks til bolig,TB,Tatt i bruk,10101,10101,10101,47.0,,,,,,,,,,
912428,1860,VESTVÅGØY,189590156,0,111.0,Enebolig,TB,Tatt i bruk,10101,10101,19400101,136.0,,,56487474.0,Øyanveien,4038.0,32.0,,,8340.0,STAMSUND
912429,1860,VESTVÅGØY,189584474,1,111.0,Enebolig,TB,Tatt i bruk,19971216,19980205,19990101,28.0,,,56492396.0,Ostadmyran,8002.0,69.0,,,8360.0,BØSTAD
912430,1860,VESTVÅGØY,189587368,0,111.0,Enebolig,TB,Tatt i bruk,10101,10101,10101,95.0,,,56490838.0,Borgvågveien,5014.0,63.0,,,8360.0,BØSTAD
912431,1860,VESTVÅGØY,189590148,0,181.0,Garasjeuthus anneks til bolig,TB,Tatt i bruk,10101,10101,10101,56.0,,,,,,,,,,
912432,1860,VESTVÅGØY,189584474,0,111.0,Enebolig,TB,Tatt i bruk,10101,10101,19900101,155.0,,,56492396.0,Ostadmyran,8002.0,69.0,,,8360.0,BØSTAD
912433,1860,VESTVÅGØY,189587341,0,241.0,Hus for dyr/landbr.lager/silo,TB,Tatt i bruk,10101,10101,10101,105.0,,,,,,,,,,
912434,1860,VESTVÅGØY,189590121,0,181.0,Garasjeuthus anneks til bolig,TB,Tatt i bruk,10101,10101,10101,51.0,,,,,,,,,,
912435,1860,VESTVÅGØY,189584458,0,181.0,Garasjeuthus anneks til bolig,TB,Tatt i bruk,10101,10101,19500101,74.0,,,,,,,,,,
912436,1860,VESTVÅGØY,189587333,0,249.0,Annen landbruksbygning,TB,Tatt i bruk,10101,10101,10101,63.0,,,,,,,,,,
912437,1860,VESTVÅGØY,189590113,0,111.0,Enebolig,TB,Tatt i bruk,10101,10101,19250101,56.0,,,56487475.0,Øyanveien,4038.0,40.0,,,8340.0,STAMSUND
912438,1860,VESTVÅGØY,189584431,0,319.0,Annen kontorbygning,TB,Tatt i bruk,10101,10101,10101,338.0,,,56492927.0,Vikingveien,8011.0,132.0,,,8360.0,BØSTAD
912439,1860,VESTVÅGØY,189587325,0,181.0,Garasjeuthus anneks til bolig,TB,Tatt i bruk,10101,10101,10101,102.0,,,,,,,,,,
912440,1860,VESTVÅGØY,189590032,0,181.0,Garasjeuthus anneks til bolig,TB,Tatt i bruk,10101,10101,10101,54.0,,,,,,,,,,
912441,1860,VESTVÅGØY,189584423,0,181.0,Garasjeuthus anneks til bolig,TB,Tatt i bruk,10101,10101,10101,36.0,,,,,,,,,,
912442,1860,VESTVÅGØY,189587317,0,111.0,Enebolig,TB,Tatt i bruk,10101,10101,10101,198.0,,,56497150.0,Borgvågveien,5014.0,59.0,,,8360.0,BØSTAD
912443,1860,VESTVÅGØY,189590024,0,181.0,Garasjeuthus anneks til bolig,TB,Tatt i bruk,10101,10101,10101,42.0,,,,,,,,,,
912444,1860,VESTVÅGØY,189584415,0,181.0,Garasjeuthus anneks til bolig,BR,Bygning revet/brent,10101,10101,10101,90.0,,,,,,,,,,
912445,1860,VESTVÅGØY,189587309,0,111.0,Enebolig,TB,Tatt i bruk,10101,10101,10101,84.0,,,56490839.0,Borgvågveien,5014.0,68.0,,,8360.0,BØSTAD
912446,1860,VESTVÅGØY,189590016,0,181.0,Garasjeuthus anneks til bolig,TB,Tatt i bruk,10101,10101,10101,22.0,,,,,,,,,,
912447,1860,VESTVÅGØY,189584407,0,161.0,Fritidsbygg(hyttersommerh. ol,TB,Tatt i bruk,10101,10101,10101,79.0,,,,,,,,,,
912448,1860,VESTVÅGØY,189587295,1,111.0,Enebolig,TB,Tatt i bruk,10101,10101,19881110,22.0,,,56490834.0,Borgvågveien,5014.0,27.0,,,8360.0,BØSTAD
912449,1860,VESTVÅGØY,189590008,0,111.0,Enebolig,TB,Tatt i bruk,10101,10101,18800101,35.0,,,56487453.0,Fabrikkveien,4035.0,22.0,,,8340.0,STAMSUND
912450,1860,VESTVÅGØY,189584393,0,111.0,Enebolig,TB,Tatt i bruk,10101,10101,10101,100.0,,,56492972.0,Vikingveien,8011.0,124.0,,,8360.0,BØSTAD
912451,1860,VESTVÅGØY,189587295,0,111.0,Enebolig,TB,Tatt i bruk,10101,10101,19750401,164.0,,,56490834.0,Borgvågveien,5014.0,27.0,,,8360.0,BØSTAD
912452,1860,VESTVÅGØY,189589999,0,181.0,Garasjeuthus anneks til bolig,TB,Tatt i bruk,10101,10101,10101,84.0,,,,,,,,,,
912453,1860,VESTVÅGØY,189584385,0,111.0,Enebolig,TB,Tatt i bruk,10101,10101,10101,251.0,,,56492926.0,Vikingveien,8011.0,118.0,,,8360.0,BØSTAD
912454,1860,VESTVÅGØY,189587287,0,111.0,Enebolig,TB,Tatt i bruk,10101,10101,10101,67.0,,,56490835.0,Borgvågveien,5014.0,29.0,,,8360.0,BØSTAD
912455,1860,VESTVÅGØY,189584377,0,181.0,Garasjeuthus anneks til bolig,TB,Tatt i bruk,10101,10101,10101,40.0,,,,,,,,,,
912456,1860,VESTVÅGØY,189587279,0,241.0,Hus for dyr/landbr.lager/silo,TB,Tatt i bruk,10101,10101,10101,107.0,,,,,,,,,,
912457,1860,VESTVÅGØY,189591063,0,181.0,Garasjeuthus anneks til bolig,TB,Tatt i bruk,10101,10101,10101,38.0,,,,,,,,,,
912458,1860,VESTVÅGØY,189591055,0,161.0,Fritidsbygg(hyttersommerh. ol,TB,Tatt i bruk,10101,10101,19270101,55.0,,,56487442.0,Tabakkveien,4034.0,3.0,,,8340.0,STAMSUND
912459,1860,VESTVÅGØY,189591047,0,181.0,Garasjeuthus anneks til bolig,TB,Tatt i bruk,10101,10101,10101,30.0,,,,,,,,,,
912460,1860,VESTVÅGØY,189591039,0,181.0,Garasjeuthus anneks til bolig,TB,Tatt i bruk,10101,10101,19950101,51.0,,,,,,,,,,
912461,1860,VESTVÅGØY,189591020,0,111.0,Enebolig,TB,Tatt i bruk,10101,10101,19680101,95.0,,,56487444.0,Tabakkveien,4034.0,9.0,,,8340.0,STAMSUND
912462,1860,VESTVÅGØY,189591012,0,111.0,Enebolig,TB,Tatt i bruk,10101,10101,19600101,180.0,,,56487443.0,Tabakkveien,4034.0,6.0,,,8340.0,STAMSUND
912463,1860,VESTVÅGØY,189591004,0,112.0,Enebolig m/hybel/sokkelleil.,TB,Tatt i bruk,10101,10101,19780605,215.0,,,56487577.0,J.M.Johansens vei,4040.0,282.0,,,8340.0,STAMSUND
912464,1860,VESTVÅGØY,189593376,0,181.0,Garasjeuthus anneks til bolig,TB,Tatt i bruk,10101,10101,10101,8.0,,,,,,,,,,
912465,1860,VESTVÅGØY,189590997,0,111.0,Enebolig,TB,Tatt i bruk,10101,10101,10101,262.0,,,56487576.0,J.M.Johansens vei,4040.0,280.0,,,8340.0,STAMSUND
912466,1860,VESTVÅGØY,189590989,0,111.0,Enebolig,TB,Tatt i bruk,10101,10101,19690926,131.0,,,56487574.0,J.M.Johansens vei,4040.0,274.0,,,8340.0,STAMSUND
912467,1860,VESTVÅGØY,189593368,1,111.0,Enebolig,TB,Tatt i bruk,20020529,20020701,20021001,10.0,,,56495057.0,Georg Hansens vei,4054.0,5.0,,,8340.0,STAMSUND
912468,1860,VESTVÅGØY,189590970,0,181.0,Garasjeuthus anneks til bolig,TB,Tatt i bruk,10101,10101,10101,50.0,,,,,,,,,,
912469,1860,VESTVÅGØY,189593368,0,111.0,Enebolig,TB,Tatt i bruk,10101,10101,19360101,107.0,,,56495057.0,Georg Hansens vei,4054.0,5.0,,,8340.0,STAMSUND
912470,1860,VESTVÅGØY,189590962,0,181.0,Garasjeuthus anneks til bolig,TB,Tatt i bruk,10101,10101,19200101,71.0,,,,,,,,,,
912471,1860,VESTVÅGØY,189593341,0,112.0,Enebolig m/hybel/sokkelleil.,TB,Tatt i bruk,10101,10101,19771211,287.8,,,56495058.0,Georg Hansens vei,4054.0,8.0,,,8340.0,STAMSUND
912472,1860,VESTVÅGØY,189590954,0,122.0,"Tomannsbolig, horisontaldelt",TB,Tatt i bruk,10101,10101,10101,291.0,,,56487572.0,J.M.Johansens vei,4040.0,271.0,,,8340.0,STAMSUND
912473,1860,VESTVÅGØY,189593333,0,239.0,Annen lagerbygning,TB,Tatt i bruk,10101,10101,19650101,169.0,,,,,,,,,,
912474,1860,VESTVÅGØY,189590946,0,111.0,Enebolig,TB,Tatt i bruk,10101,10101,19150101,80.0,,,56487573.0,J.M.Johansens vei,4040.0,272.0,,,8340.0,STAMSUND
912475,1860,VESTVÅGØY,189590938,0,111.0,Enebolig,TB,Tatt i bruk,10101,10101,19370101,231.0,,,56487568.0,J.M.Johansens vei,4040.0,258.0,,,8340.0,STAMSUND
912476,1860,VESTVÅGØY,189593325,1,212.0,Verkstedbygning,TB,Tatt i bruk,20060929,20061029,20070116,68.0,,,,,,,,,,
912477,1860,VESTVÅGØY,189590911,0,111.0,Enebolig,TB,Tatt i bruk,10101,10101,19350101,204.0,,,56487571.0,J.M.Johansens vei,4040.0,269.0,,,8340.0,STAMSUND
912478,1860,VESTVÅGØY,189593325,0,212.0,Verkstedbygning,TB,Tatt i bruk,10101,10101,10101,1092.0,,,56487550.0,J.M.Johansens vei,4040.0,189.0,,,8340.0,STAMSUND
912479,1860,VESTVÅGØY,189590903,0,181.0,Garasjeuthus anneks til bolig,TB,Tatt i bruk,10101,10101,10101,18.0,,,,,,,,,,
912480,1860,VESTVÅGØY,189593309,0,112.0,Enebolig m/hybel/sokkelleil.,TB,Tatt i bruk,10101,10101,19760423,202.0,,,56487139.0,Yttervikveien,4028.0,12.0,,,8340.0,STAMSUND
912481,1860,VESTVÅGØY,189591160,0,111.0,Enebolig,TB,Tatt i bruk,10101,10101,18490101,116.0,,,56495864.0,J.M.Johansens vei,4040.0,308.0,,,8340.0,STAMSUND
912482,1860,VESTVÅGØY,189591152,0,181.0,Garasjeuthus anneks til bolig,TB,Tatt i bruk,10101,10101,19100101,60.0,,,,,,,,,,
912483,1860,VESTVÅGØY,189591144,0,181.0,Garasjeuthus anneks til bolig,TB,Tatt i bruk,10101,10101,19100101,121.0,,,,,,,,,,
912484,1860,VESTVÅGØY,189591136,0,183.0,Naust båthus sjøbu,TB,Tatt i bruk,10101,10101,19300101,44.0,,,,,,,,,,
912485,1860,VESTVÅGØY,189591128,0,671.0,Kirke kapell,TB,Tatt i bruk,10101,10101,10101,700.0,,,56487580.0,J.M.Johansens vei,4040.0,295.0,,,8340.0,STAMSUND
912486,1860,VESTVÅGØY,189591101,0,161.0,Fritidsbygg(hyttersommerh. ol,BR,Bygning revet/brent,10101,10101,19100101,68.0,,,56487579.0,J.M.Johansens vei,4040.0,289.0,,,8340.0,STAMSUND
912487,1860,VESTVÅGØY,189591098,0,241.0,Hus for dyr/landbr.lager/silo,TB,Tatt i bruk,10101,10101,10101,171.0,,,,,,,,,,
912488,1860,VESTVÅGØY,189591071,0,181.0,Garasjeuthus anneks til bolig,TB,Tatt i bruk,10101,10101,10101,33.0,,,,,,,,,,
912489,1860,VESTVÅGØY,189587910,0,181.0,Garasjeuthus anneks til bolig,TB,Tatt i bruk,10101,10101,10101,34.0,,,,,,,,,,
912490,1860,VESTVÅGØY,189590709,0,111.0,Enebolig,TB,Tatt i bruk,10101,10101,19811119,114.0,,,56487465.0,Sjøtangen,4037.0,13.0,,,8340.0,STAMSUND
912491,1860,VESTVÅGØY,189587902,0,111.0,Enebolig,TB,Tatt i bruk,10101,10101,19400101,114.0,,,56490850.0,Borgvågveien,5014.0,171.0,,,8360.0,BØSTAD
912492,1860,VESTVÅGØY,189590695,0,111.0,Enebolig,TB,Tatt i bruk,10101,10101,19480101,185.0,,,56487585.0,J.M.Johansens vei,4040.0,361.0,,,8340.0,STAMSUND
912493,1860,VESTVÅGØY,189587899,0,111.0,Enebolig,TB,Tatt i bruk,10101,10101,19770118,161.0,,,56490873.0,Borgvågveien,5014.0,165.0,,,8360.0,BØSTAD
912494,1860,VESTVÅGØY,189590687,0,181.0,Garasjeuthus anneks til bolig,TB,Tatt i bruk,10101,10101,19000101,16.0,,,,,,,,,,
912495,1860,VESTVÅGØY,189587880,0,111.0,Enebolig,TB,Tatt i bruk,10101,10101,19300101,136.6,,,56490849.0,Borgvågveien,5014.0,163.0,,,8360.0,BØSTAD
912496,1860,VESTVÅGØY,189590679,0,181.0,Garasjeuthus anneks til bolig,TB,Tatt i bruk,10101,10101,19700101,14.0,,,,,,,,,,
912497,1860,VESTVÅGØY,189587872,0,241.0,Hus for dyr/landbr.lager/silo,TB,Tatt i bruk,10101,10101,10101,141.0,,,,,,,,,,
912498,1860,VESTVÅGØY,189590660,0,181.0,Garasjeuthus anneks til bolig,TB,Tatt i bruk,10101,10101,10101,37.0,,,,,,,,,,
912499,1860,VESTVÅGØY,189587864,0,241.0,Hus for dyr/landbr.lager/silo,TB,Tatt i bruk,10101,10101,10101,63.0,,,,,,,,,,
912500,1860,VESTVÅGØY,189590652,0,111.0,Enebolig,TB,Tatt i bruk,10101,10101,19450101,184.6,,,56487469.0,Øyanveien,4038.0,10.0,,,8340.0,STAMSUND
912501,1860,VESTVÅGØY,189587856,0,111.0,Enebolig,TB,Tatt i bruk,10101,10101,10101,111.0,,,56490848.0,Borgvågveien,5014.0,157.0,,,8360.0,BØSTAD
912502,1860,VESTVÅGØY,189590644,0,111.0,Enebolig,TB,Tatt i bruk,10101,10101,19790526,194.0,,,56487468.0,Øyanveien,4038.0,6.0,,,8340.0,STAMSUND
912503,1860,VESTVÅGØY,189587848,0,181.0,Garasjeuthus anneks til bolig,TB,Tatt i bruk,10101,10101,10101,21.0,,,,,,,,,,
912504,1860,VESTVÅGØY,189590628,0,231.0,Lagerhall,TB,Tatt i bruk,10101,10101,10101,420.0,,,56498488.0,Skifjordveien,4052.0,247.0,,,8340.0,STAMSUND
912505,1860,VESTVÅGØY,189587821,0,181.0,Garasjeuthus anneks til bolig,TB,Tatt i bruk,10101,10101,10101,28.0,,,,,,,,,,
912506,1860,VESTVÅGØY,189590601,0,311.0,Kontor- og adm.bygning rådhus,TB,Tatt i bruk,10101,10101,10101,210.0,,,56498487.0,Skifjordveien,4052.0,239.0,,,8340.0,STAMSUND
912507,1860,VESTVÅGØY,189587813,0,111.0,Enebolig,TB,Tatt i bruk,10101,10101,10101,98.0,,,56490872.0,Borgvågveien,5014.0,153.0,,,8360.0,BØSTAD
912508,1860,VESTVÅGØY,189590598,0,212.0,Verkstedbygning,TB,Tatt i bruk,10101,10101,10101,161.0,,,,,,,,,,
912509,1860,VESTVÅGØY,189587805,0,111.0,Enebolig,TB,Tatt i bruk,10101,10101,19740214,161.0,,,56497744.0,Borgvågveien,5014.0,145.0,,,8360.0,BØSTAD
912510,1860,VESTVÅGØY,189590571,0,231.0,Lagerhall,TB,Tatt i bruk,10101,10101,10101,403.0,,,,,,,,,,
912511,1860,VESTVÅGØY,189587791,0,111.0,Enebolig,TB,Tatt i bruk,10101,10101,18700101,94.0,,,56497743.0,Borgvågveien,5014.0,143.0,,,8360.0,BØSTAD
912512,1860,VESTVÅGØY,189590563,0,212.0,Verkstedbygning,TB,Tatt i bruk,10101,10101,10101,542.0,,,,,,,,,,
912513,1860,VESTVÅGØY,189587783,0,181.0,Garasjeuthus anneks til bolig,TB,Tatt i bruk,10101,10101,18700101,32.0,,,,,,,,,,
912514,1860,VESTVÅGØY,189590555,0,181.0,Garasjeuthus anneks til bolig,TB,Tatt i bruk,10101,10101,19760101,30.0,,,,,,,,,,
912515,1860,VESTVÅGØY,189587775,0,241.0,Hus for dyr/landbr.lager/silo,TB,Tatt i bruk,10101,10101,19300101,110.0,,,,,,,,,,
912516,1860,VESTVÅGØY,189587767,0,241.0,Hus for dyr/landbr.lager/silo,TB,Tatt i bruk,10101,10101,10101,207.0,,,,,,,,,,
912517,1860,VESTVÅGØY,189590547,1,111.0,Enebolig,TB,Tatt i bruk,19980715,19980801,19991101,20.0,,,,,,,,,,
912518,1860,VESTVÅGØY,189587759,0,111.0,Enebolig,TB,Tatt i bruk,10101,10101,10101,52.0,,,56497096.0,Borgvågveien,5014.0,135.0,,,8360.0,BØSTAD
912519,1860,VESTVÅGØY,189590547,0,111.0,Enebolig,TB,Tatt i bruk,10101,10101,19780306,157.0,,,56487467.0,Øyanveien,4038.0,4.0,,,8340.0,STAMSUND
912520,1860,VESTVÅGØY,189590881,0,181.0,Garasjeuthus anneks til bolig,BR,Bygning revet/brent,10101,10101,10101,9.0,,,,,,,,,,
912521,1860,VESTVÅGØY,189593295,0,612.0,Barnehage,TB,Tatt i bruk,10101,10101,10101,265.0,,,56487138.0,Yttervikveien,4028.0,10.0,,,8340.0,STAMSUND
912522,1860,VESTVÅGØY,189590873,0,183.0,Naust båthus sjøbu,BR,Bygning revet/brent,10101,10101,10101,32.0,,,,,,,,,,
912523,1860,VESTVÅGØY,189593287,0,111.0,Enebolig,TB,Tatt i bruk,10101,10101,19760929,182.0,,,56487144.0,Yttervikveien,4028.0,19.0,,,8340.0,STAMSUND
912524,1860,VESTVÅGØY,189590865,0,183.0,Naust båthus sjøbu,BR,Bygning revet/brent,10101,10101,10101,41.0,,,,,,,,,,
912525,1860,VESTVÅGØY,189593279,0,112.0,Enebolig m/hybel/sokkelleil.,TB,Tatt i bruk,10101,10101,19740101,196.0,,,56487137.0,Yttervikveien,4028.0,9.0,,,8340.0,STAMSUND
912526,1860,VESTVÅGØY,189590857,0,111.0,Enebolig,TB,Tatt i bruk,10101,10101,19250101,62.0,,,56487588.0,Hellesjyveien,4041.0,12.0,,,8340.0,STAMSUND
912527,1860,VESTVÅGØY,189590849,0,183.0,Naust båthus sjøbu,TB,Tatt i bruk,10101,10101,19810101,48.0,,,,,,,,,,
912528,1860,VESTVÅGØY,189590830,0,183.0,Naust båthus sjøbu,TB,Tatt i bruk,10101,10101,19000101,32.0,,,,,,,,,,
912529,1860,VESTVÅGØY,189590822,0,183.0,Naust båthus sjøbu,TB,Tatt i bruk,10101,10101,10101,33.0,,,,,,,,,,
912530,1860,VESTVÅGØY,189590814,0,181.0,Garasjeuthus anneks til bolig,TB,Tatt i bruk,10101,10101,10101,28.0,,,,,,,,,,
912531,1860,VESTVÅGØY,189590806,0,112.0,Enebolig m/hybel/sokkelleil.,TB,Tatt i bruk,10101,10101,19550101,107.0,,,56487455.0,Vikanveien,4036.0,4.0,,,8340.0,STAMSUND
912532,1860,VESTVÅGØY,189590784,0,183.0,Naust båthus sjøbu,TB,Tatt i bruk,10101,10101,19350101,22.0,,,,,,,,,,
912533,1860,VESTVÅGØY,189590776,0,241.0,Hus for dyr/landbr.lager/silo,TB,Tatt i bruk,10101,10101,19350101,30.0,,,,,,,,,,
912534,1860,VESTVÅGØY,189590768,0,111.0,Enebolig,TB,Tatt i bruk,10101,10101,19770216,196.0,,,56487466.0,Sjøtangen,4037.0,15.0,,,8340.0,STAMSUND
912535,1860,VESTVÅGØY,189590741,0,183.0,Naust båthus sjøbu,TB,Tatt i bruk,10101,10101,19830520,25.0,,,,,,,,,,
912536,1860,VESTVÅGØY,189587945,0,241.0,Hus for dyr/landbr.lager/silo,TB,Tatt i bruk,10101,10101,10101,30.0,,,,,,,,,,
912537,1860,VESTVÅGØY,189590733,0,181.0,Garasjeuthus anneks til bolig,BR,Bygning revet/brent,10101,10101,10101,5.0,,,,,,,,,,
912538,1860,VESTVÅGØY,189587937,0,181.0,Garasjeuthus anneks til bolig,TB,Tatt i bruk,10101,10101,19760101,21.0,,,,,,,,,,
912539,1860,VESTVÅGØY,189590725,0,181.0,Garasjeuthus anneks til bolig,TB,Tatt i bruk,10101,10101,10101,17.0,,,,,,,,,,
912540,1860,VESTVÅGØY,189587929,0,181.0,Garasjeuthus anneks til bolig,TB,Tatt i bruk,10101,10101,10101,20.0,,,,,,,,,,
912541,1860,VESTVÅGØY,189590717,0,181.0,Garasjeuthus anneks til bolig,TB,Tatt i bruk,10101,10101,19871210,29.0,,,,,,,,,,
912542,1860,VESTVÅGØY,189586949,0,111.0,Enebolig,TB,Tatt i bruk,10101,10101,10101,179.0,,,56490278.0,Evjedalen,5011.0,7.0,,,8360.0,BØSTAD
912543,1860,VESTVÅGØY,189584075,0,181.0,Garasjeuthus anneks til bolig,TB,Tatt i bruk,10101,10101,10101,165.0,,,,,,,,,,
912544,1860,VESTVÅGØY,189586930,0,111.0,Enebolig,TB,Tatt i bruk,10101,10101,19530101,81.0,,,56490312.0,Eggumsveien,5013.0,300.0,,,8360.0,BØSTAD
912545,1860,VESTVÅGØY,189586922,0,111.0,Enebolig,TB,Tatt i bruk,10101,10101,19300101,71.0,,,56490311.0,Eggumsveien,5013.0,298.0,,,8360.0,BØSTAD
912546,1860,VESTVÅGØY,189584067,1,111.0,Enebolig,TB,Tatt i bruk,20040525,20040601,20050201,90.0,,,56494437.0,Rise,8306.0,261.0,,,8370.0,LEKNES
912547,1860,VESTVÅGØY,189586914,0,181.0,Garasjeuthus anneks til bolig,TB,Tatt i bruk,10101,10101,10101,18.0,,,,,,,,,,
912548,1860,VESTVÅGØY,189584067,0,111.0,Enebolig,TB,Tatt i bruk,10101,10101,10101,194.0,,,56494437.0,Rise,8306.0,261.0,,,8370.0,LEKNES
912549,1860,VESTVÅGØY,189586906,0,181.0,Garasjeuthus anneks til bolig,TB,Tatt i bruk,10101,10101,10101,84.0,,,,,,,,,,
912550,1860,VESTVÅGØY,189584059,1,111.0,Enebolig,TB,Tatt i bruk,10101,10101,19700820,31.0,,,,,,,,,,
912551,1860,VESTVÅGØY,189584059,0,111.0,Enebolig,TB,Tatt i bruk,10101,10101,19600101,144.0,,,56494433.0,Rise,8306.0,224.0,,,8370.0,LEKNES
912552,1860,VESTVÅGØY,189584040,0,181.0,Garasjeuthus anneks til bolig,TB,Tatt i bruk,10101,10101,19610101,18.0,,,,,,,,,,
912553,1860,VESTVÅGØY,189584032,0,181.0,Garasjeuthus anneks til bolig,TB,Tatt i bruk,10101,10101,19610101,70.0,,,,,,,,,,
912554,1860,VESTVÅGØY,189584016,0,241.0,Hus for dyr/landbr.lager/silo,TB,Tatt i bruk,10101,10101,10101,551.0,,,,,,,,,,
912555,1860,VESTVÅGØY,189584008,0,111.0,Enebolig,BU,Bygningsnummer utgått,10101,10101,10101,0.0,,,,,,,,,,
912556,1860,VESTVÅGØY,189583990,0,111.0,Enebolig,TB,Tatt i bruk,10101,10101,10101,109.0,,,56498337.0,Rise,8306.0,231.0,,,8370.0,LEKNES
912557,1860,VESTVÅGØY,189583982,0,111.0,Enebolig,TB,Tatt i bruk,10101,10101,10101,190.0,,,56492878.0,Skjerpveien,8003.0,43.0,,,8360.0,BØSTAD
912558,1860,VESTVÅGØY,189583974,0,181.0,Garasjeuthus anneks til bolig,TB,Tatt i bruk,10101,10101,10101,42.0,,,,,,,,,,
912559,1860,VESTVÅGØY,189583966,0,181.0,Garasjeuthus anneks til bolig,TB,Tatt i bruk,10101,10101,10101,109.4,,,,,,,,,,
912560,1860,VESTVÅGØY,189583931,0,111.0,Enebolig,TB,Tatt i bruk,10101,10101,10101,126.0,,,56492891.0,Skjerpveien,8003.0,70.0,,,8360.0,BØSTAD
912561,1860,VESTVÅGØY,189583923,0,111.0,Enebolig,TB,Tatt i bruk,10101,10101,10101,188.0,,,56492902.0,Skjerpveien,8003.0,66.0,,,8360.0,BØSTAD
912562,1860,VESTVÅGØY,189584210,0,111.0,Enebolig,TB,Tatt i bruk,10101,10101,10101,172.0,,,56492921.0,Vikingveien,8011.0,87.0,,,8360.0,BØSTAD
912563,1860,VESTVÅGØY,189587104,0,181.0,Garasjeuthus anneks til bolig,BR,Bygning revet/brent,10101,10101,10101,0.0,,,,,,,,,,
912564,1860,VESTVÅGØY,189584202,0,111.0,Enebolig,TB,Tatt i bruk,10101,10101,10101,128.0,,,56492393.0,Ostadmyran,8002.0,2.0,,,8360.0,BØSTAD
912565,1860,VESTVÅGØY,189587090,0,161.0,Fritidsbygg(hyttersommerh. ol,TB,Tatt i bruk,10101,10101,10101,88.0,,,56490270.0,Evjedalen,5011.0,48.0,,,8360.0,BØSTAD
912566,1860,VESTVÅGØY,189584199,0,181.0,Garasjeuthus anneks til bolig,TB,Tatt i bruk,10101,10101,10101,111.0,,,,,,,,,,
912567,1860,VESTVÅGØY,189587082,0,161.0,Fritidsbygg(hyttersommerh. ol,TB,Tatt i bruk,10101,10101,19350101,93.0,,,56490269.0,Evjedalen,5011.0,43.0,,,8360.0,BØSTAD
912568,1860,VESTVÅGØY,189584180,0,241.0,Hus for dyr/landbr.lager/silo,TB,Tatt i bruk,10101,10101,10101,126.0,,,,,,,,,,
912569,1860,VESTVÅGØY,189587074,0,161.0,Fritidsbygg(hyttersommerh. ol,TB,Tatt i bruk,10101,10101,19560101,136.0,,,56490268.0,Evjedalen,5011.0,36.0,,,8360.0,BØSTAD
912570,1860,VESTVÅGØY,189584172,1,111.0,Enebolig,BA,Bygging avlyst,20050930,10101,10101,25.0,,,,,,,,,,
912571,1860,VESTVÅGØY,189587066,0,181.0,Garasjeuthus anneks til bolig,TB,Tatt i bruk,10101,10101,19500101,70.0,,,,,,,,,,
912572,1860,VESTVÅGØY,189584172,0,111.0,Enebolig,TB,Tatt i bruk,10101,10101,10101,185.0,,,56492909.0,Vikingveien,8011.0,51.0,,,8360.0,BØSTAD
912573,1860,VESTVÅGØY,189587058,0,181.0,Garasjeuthus anneks til bolig,BR,Bygning revet/brent,10101,10101,10101,0.0,,,,,,,,,,
912574,1860,VESTVÅGØY,189584164,0,249.0,Annen landbruksbygning,TB,Tatt i bruk,10101,10101,10101,51.0,,,,,,,,,,
912575,1860,VESTVÅGØY,189587031,0,181.0,Garasjeuthus anneks til bolig,TB,Tatt i bruk,10101,10101,10101,50.0,,,,,,,,,,
912576,1860,VESTVÅGØY,189584156,0,111.0,Enebolig,TB,Tatt i bruk,10101,10101,10101,176.0,,,56492908.0,Vikingveien,8011.0,43.0,,,8360.0,BØSTAD
912577,1860,VESTVÅGØY,189587023,0,161.0,Fritidsbygg(hyttersommerh. ol,TB,Tatt i bruk,10101,10101,10101,41.0,,,56490267.0,Evjedalen,5011.0,31.0,,,8360.0,BØSTAD
912578,1860,VESTVÅGØY,189587015,0,161.0,Fritidsbygg(hyttersommerh. ol,TB,Tatt i bruk,10101,10101,10101,53.0,,,56490277.0,Evjedalen,5011.0,25.0,,,8360.0,BØSTAD
912579,1860,VESTVÅGØY,189584148,1,181.0,Garasjeuthus anneks til bolig,TB,Tatt i bruk,20030828,20030901,20031101,37.0,,,,,,,,,,
912580,1860,VESTVÅGØY,189587007,0,111.0,Enebolig,BR,Bygning revet/brent,10101,10101,19240101,88.0,,,56490266.0,Evjedalen,5011.0,19.0,,,8360.0,BØSTAD
912581,1860,VESTVÅGØY,189584148,0,181.0,Garasjeuthus anneks til bolig,TB,Tatt i bruk,10101,10101,10101,28.0,,,,,,,,,,
912582,1860,VESTVÅGØY,189586981,1,241.0,Hus for dyr/landbr.lager/silo,BA,Bygging avlyst,20011024,10101,10101,57.0,,,,,,,,,,
912583,1860,VESTVÅGØY,189584121,0,181.0,Garasjeuthus anneks til bolig,TB,Tatt i bruk,10101,10101,10101,38.0,,,,,,,,,,
912584,1860,VESTVÅGØY,189586981,0,241.0,Hus for dyr/landbr.lager/silo,TB,Tatt i bruk,10101,10101,19550101,222.0,,,,,,,,,,
912585,1860,VESTVÅGØY,189584113,0,111.0,Enebolig,TB,Tatt i bruk,10101,10101,10101,145.0,,,56492912.0,Vikingveien,8011.0,16.0,,,8360.0,BØSTAD
912586,1860,VESTVÅGØY,189586973,0,161.0,Fritidsbygg(hyttersommerh. ol,TB,Tatt i bruk,10101,10101,10101,29.0,,,56497780.0,Eggumsveien,5013.0,305.0,,,8360.0,BØSTAD
912587,1860,VESTVÅGØY,189584105,0,111.0,Enebolig,TB,Tatt i bruk,10101,10101,10101,186.0,,,56492904.0,Vikingveien,8011.0,31.0,,,8360.0,BØSTAD
912588,1860,VESTVÅGØY,189586965,0,181.0,Garasjeuthus anneks til bolig,TB,Tatt i bruk,10101,10101,10101,52.0,,,,,,,,,,
912589,1860,VESTVÅGØY,189584091,0,181.0,Garasjeuthus anneks til bolig,TB,Tatt i bruk,10101,10101,10101,47.0,,,,,,,,,,
912590,1860,VESTVÅGØY,189586957,0,161.0,Fritidsbygg(hyttersommerh. ol,TB,Tatt i bruk,10101,10101,10101,103.1,,,56490265.0,Evjedalen,5011.0,9.0,,,8360.0,BØSTAD
912591,1860,VESTVÅGØY,189584083,0,181.0,Garasjeuthus anneks til bolig,BR,Bygning revet/brent,10101,10101,10101,20.0,,,,,,,,,,
912592,1860,VESTVÅGØY,189583761,0,113.0,Våningshus,TB,Tatt i bruk,10101,10101,19580101,111.0,,,56492867.0,Skjerpveien,8003.0,3.0,,,8360.0,BØSTAD
912593,1860,VESTVÅGØY,189583753,0,111.0,Enebolig,TB,Tatt i bruk,10101,10101,19050101,44.0,,,56492870.0,Skjerpveien,8003.0,7.0,,,8360.0,BØSTAD
912594,1860,VESTVÅGØY,189583745,0,111.0,Enebolig,TB,Tatt i bruk,10101,10101,10101,111.0,,,56492872.0,Skjerpveien,8003.0,20.0,,,8360.0,BØSTAD
912595,1860,VESTVÅGØY,189583737,0,241.0,Hus for dyr/landbr.lager/silo,TB,Tatt i bruk,10101,10101,10101,604.0,,,,,,,,,,
912596,1860,VESTVÅGØY,189583729,0,241.0,Hus for dyr/landbr.lager/silo,TB,Tatt i bruk,10101,10101,10101,92.0,,,,,,,,,,
912597,1860,VESTVÅGØY,189583915,0,111.0,Enebolig,TB,Tatt i bruk,10101,10101,19340101,92.0,,,56497091.0,Skjerpveien,8003.0,68.0,,,8360.0,BØSTAD
912598,1860,VESTVÅGØY,189583907,0,181.0,Garasjeuthus anneks til bolig,TB,Tatt i bruk,10101,10101,10101,54.0,,,,,,,,,,
912599,1860,VESTVÅGØY,189583893,0,181.0,Garasjeuthus anneks til bolig,TB,Tatt i bruk,10101,10101,10101,44.0,,,,,,,,,,
912600,1860,VESTVÅGØY,189583885,0,181.0,Garasjeuthus anneks til bolig,TB,Tatt i bruk,10101,10101,10101,70.0,,,,,,,,,,
912601,1860,VESTVÅGØY,189583877,0,181.0,Garasjeuthus anneks til bolig,TB,Tatt i bruk,10101,10101,10101,83.0,,,,,,,,,,
912602,1860,VESTVÅGØY,189583869,1,111.0,Enebolig,TB,Tatt i bruk,19980827,19990501,20000101,111.0,,,,,,,,,,
912603,1860,VESTVÅGØY,189583869,0,111.0,Enebolig,TB,Tatt i bruk,19840322,19840422,19841223,205.0,,,56492883.0,Skjerpveien,8003.0,54.0,,,8360.0,BØSTAD
912604,1860,VESTVÅGØY,189583850,0,111.0,Enebolig,TB,Tatt i bruk,10101,10101,10101,133.0,,,56492880.0,Skjerpveien,8003.0,46.0,,,8360.0,BØSTAD
912605,1860,VESTVÅGØY,189583842,0,111.0,Enebolig,TB,Tatt i bruk,10101,10101,10101,85.0,,,56492876.0,Skjerpveien,8003.0,34.0,,,8360.0,BØSTAD
912606,1860,VESTVÅGØY,189583834,0,181.0,Garasjeuthus anneks til bolig,TB,Tatt i bruk,10101,10101,10101,46.0,,,,,,,,,,
912607,1860,VESTVÅGØY,189583826,0,181.0,Garasjeuthus anneks til bolig,TB,Tatt i bruk,10101,10101,19610101,17.0,,,,,,,,,,
912608,1860,VESTVÅGØY,189583818,0,181.0,Garasjeuthus anneks til bolig,BR,Bygning revet/brent,10101,10101,19490101,108.0,,,,,,,,,,
912609,1860,VESTVÅGØY,189583796,0,181.0,Garasjeuthus anneks til bolig,BR,Bygning revet/brent,10101,10101,10101,0.0,,,,,,,,,,
912610,1860,VESTVÅGØY,189583788,0,181.0,Garasjeuthus anneks til bolig,TB,Tatt i bruk,10101,10101,19300101,21.0,,,,,,,,,,
912611,1860,VESTVÅGØY,189592914,0,111.0,Enebolig,TB,Tatt i bruk,10101,10101,10101,112.0,,,56487121.0,Edvard Oddens vei,4026.0,14.0,,,8340.0,STAMSUND
912612,1860,VESTVÅGØY,189592906,0,111.0,Enebolig,TB,Tatt i bruk,10101,10101,10101,350.0,,,56487119.0,Edvard Oddens vei,4026.0,10.0,,,8340.0,STAMSUND
912613,1860,VESTVÅGØY,189592892,0,111.0,Enebolig,TB,Tatt i bruk,10101,10101,19520101,92.0,,,56487118.0,Edvard Oddens vei,4026.0,9.0,,,8340.0,STAMSUND
912614,1860,VESTVÅGØY,189592884,0,181.0,Garasjeuthus anneks til bolig,TB,Tatt i bruk,10101,10101,10101,19.0,,,,,,,,,,
912615,1860,VESTVÅGØY,189592876,0,181.0,Garasjeuthus anneks til bolig,BR,Bygning revet/brent,10101,10101,10101,0.0,,,,,,,,,,
912616,1860,VESTVÅGØY,189592868,0,111.0,Enebolig,TB,Tatt i bruk,10101,10101,10101,87.0,,,56487117.0,Edvard Oddens vei,4026.0,8.0,,,8340.0,STAMSUND
912617,1860,VESTVÅGØY,189592841,0,111.0,Enebolig,TB,Tatt i bruk,10101,10101,10101,191.0,,,56487115.0,Edvard Oddens vei,4026.0,6.0,,,8340.0,STAMSUND
912618,1860,VESTVÅGØY,189592833,0,181.0,Garasjeuthus anneks til bolig,TB,Tatt i bruk,10101,10101,19740101,32.0,,,,,,,,,,
912619,1860,VESTVÅGØY,189592825,0,181.0,Garasjeuthus anneks til bolig,TB,Tatt i bruk,10101,10101,10101,20.0,,,,,,,,,,
912620,1860,VESTVÅGØY,189592817,0,181.0,Garasjeuthus anneks til bolig,TB,Tatt i bruk,10101,10101,10101,44.0,,,,,,,,,,
912621,1860,VESTVÅGØY,189592809,0,111.0,Enebolig,TB,Tatt i bruk,10101,10101,19650101,140.0,,,56487116.0,Edvard Oddens vei,4026.0,7.0,,,8340.0,STAMSUND
912622,1860,VESTVÅGØY,189592795,0,615.0,Komb. barne- og ungdomsskole,TB,Tatt i bruk,10101,10101,19720101,1105.0,,,56495863.0,J.M.Johansens vei,4040.0,250.0,,,8340.0,STAMSUND
912623,1860,VESTVÅGØY,189592787,0,615.0,Komb. barne- og ungdomsskole,TB,Tatt i bruk,10101,10101,10101,2989.0,,,,,,,,,,
912624,1860,VESTVÅGØY,189592779,0,181.0,Garasjeuthus anneks til bolig,TB,Tatt i bruk,10101,10101,10101,44.0,,,,,,,,,,
912625,1860,VESTVÅGØY,189592760,0,111.0,Enebolig,TB,Tatt i bruk,10101,10101,19811210,106.0,,,56487432.0,Aagård,4032.0,18.0,,,8340.0,STAMSUND
912626,1860,VESTVÅGØY,189592752,0,111.0,Enebolig,TB,Tatt i bruk,10101,10101,19820413,194.0,,,56487427.0,Aagård,4032.0,5.0,,,8340.0,STAMSUND
912627,1860,VESTVÅGØY,189593074,0,111.0,Enebolig,TB,Tatt i bruk,10101,10101,19710101,125.0,,,56487073.0,Vinkelen,4014.0,8.0,,,8340.0,STAMSUND
912628,1860,VESTVÅGØY,189593066,0,199.0,Annen boligbyg.(sek. reindrift,TB,Tatt i bruk,10101,10101,19550101,261.0,,,56487549.0,J.M.Johansens vei,4040.0,173.0,,,8340.0,STAMSUND
912629,1860,VESTVÅGØY,189593058,0,181.0,Garasjeuthus anneks til bolig,TB,Tatt i bruk,10101,10101,10101,28.0,,,,,,,,,,
912630,1860,VESTVÅGØY,189593031,0,111.0,Enebolig,TB,Tatt i bruk,10101,10101,18900101,425.0,,,56487136.0,Yttervikveien,4028.0,8.0,,,8340.0,STAMSUND
912631,1860,VESTVÅGØY,189593023,0,111.0,Enebolig,TB,Tatt i bruk,10101,10101,19710101,117.0,,,56487135.0,Yttervikveien,4028.0,7.0,,,8340.0,STAMSUND
912632,1860,VESTVÅGØY,189593015,1,111.0,Enebolig,TB,Tatt i bruk,19950701,19950701,19960604,15.0,,,56487070.0,Vinkelen,4014.0,2.0,,,8340.0,STAMSUND
912633,1860,VESTVÅGØY,189593015,0,111.0,Enebolig,TB,Tatt i bruk,10101,10101,19700101,125.0,,,56487070.0,Vinkelen,4014.0,2.0,,,8340.0,STAMSUND
912634,1860,VESTVÅGØY,189593007,0,111.0,Enebolig,TB,Tatt i bruk,10101,10101,19790625,183.0,,,56487399.0,Yttervikveien,4028.0,24.0,,,8340.0,STAMSUND
912635,1860,VESTVÅGØY,189592981,0,111.0,Enebolig,TB,Tatt i bruk,10101,10101,19740518,191.0,,,56487400.0,Yttervikveien,4028.0,25.0,,,8340.0,STAMSUND
912636,1860,VESTVÅGØY,189592973,0,111.0,Enebolig,TB,Tatt i bruk,10101,10101,19250101,63.0,,,56487546.0,J.M.Johansens vei,4040.0,167.0,,,8340.0,STAMSUND
912637,1860,VESTVÅGØY,189592965,0,111.0,Enebolig,TB,Tatt i bruk,10101,10101,19450101,155.0,,,56487548.0,J.M.Johansens vei,4040.0,171.0,,,8340.0,STAMSUND
912638,1860,VESTVÅGØY,189592957,0,322.0,Butikk/forretningsbygning,TB,Tatt i bruk,10101,10101,10101,376.0,,,56487547.0,J.M.Johansens vei,4040.0,169.0,,,8340.0,STAMSUND
912639,1860,VESTVÅGØY,189592949,0,181.0,Garasjeuthus anneks til bolig,TB,Tatt i bruk,10101,10101,10101,40.0,,,,,,,,,,
912640,1860,VESTVÅGØY,189592930,0,111.0,Enebolig,TB,Tatt i bruk,10101,10101,19300101,136.0,,,56487120.0,Edvard Oddens vei,4026.0,12.0,,,8340.0,STAMSUND
912641,1860,VESTVÅGØY,189592922,0,111.0,Enebolig,TB,Tatt i bruk,10101,10101,10101,151.0,,,56487124.0,Edvard Oddens vei,4026.0,21.0,,,8340.0,STAMSUND
912642,1860,VESTVÅGØY,189592590,2,181.0,Garasjeuthus anneks til bolig,TB,Tatt i bruk,10101,10101,19950213,63.0,,,,,,,,,,
912643,1860,VESTVÅGØY,189589905,0,111.0,Enebolig,TB,Tatt i bruk,10101,10101,19000101,171.0,,,56490805.0,Eggumsveien,5013.0,833.0,,,8360.0,BØSTAD
912644,1860,VESTVÅGØY,189592590,1,181.0,Garasjeuthus anneks til bolig,TB,Tatt i bruk,10101,10101,19930101,59.0,,,,,,,,,,
912645,1860,VESTVÅGØY,189589891,0,111.0,Enebolig,TB,Tatt i bruk,10101,10101,10101,113.0,,,56498320.0,Eggumsveien,5013.0,831.0,,,8360.0,BØSTAD
912646,1860,VESTVÅGØY,189592590,0,181.0,Garasjeuthus anneks til bolig,TB,Tatt i bruk,10101,10101,10101,130.0,,,56498248.0,Myrlandsveien,4033.0,12.0,,,8340.0,STAMSUND
912647,1860,VESTVÅGØY,189589883,0,161.0,Fritidsbygg(hyttersommerh. ol,TB,Tatt i bruk,10101,10101,10101,87.0,,,,,,,,,,
912648,1860,VESTVÅGØY,189592582,0,181.0,Garasjeuthus anneks til bolig,TB,Tatt i bruk,10101,10101,10101,36.0,,,,,,,,,,
912649,1860,VESTVÅGØY,189589875,0,111.0,Enebolig,TB,Tatt i bruk,10101,10101,10101,154.0,,,56490807.0,Eggumsveien,5013.0,835.0,,,8360.0,BØSTAD
912650,1860,VESTVÅGØY,189592574,0,239.0,Annen lagerbygning,TB,Tatt i bruk,10101,10101,10101,176.0,,,56487567.0,J.M.Johansens vei,4040.0,257.0,,,8340.0,STAMSUND
912651,1860,VESTVÅGØY,189589867,0,183.0,Naust båthus sjøbu,TB,Tatt i bruk,10101,10101,19000101,149.0,,,,,,,,,,
912652,1860,VESTVÅGØY,189592566,0,181.0,Garasjeuthus anneks til bolig,TB,Tatt i bruk,10101,10101,10101,24.0,,,,,,,,,,
912653,1860,VESTVÅGØY,189592558,0,181.0,Garasjeuthus anneks til bolig,TB,Tatt i bruk,10101,10101,19790101,38.0,,,,,,,,,,
912654,1860,VESTVÅGØY,189589859,1,161.0,Fritidsbygg(hyttersommerh. ol,TB,Tatt i bruk,19980716,19980806,19990701,26.0,,,,,,,,,,
912655,1860,VESTVÅGØY,189592531,0,241.0,Hus for dyr/landbr.lager/silo,TB,Tatt i bruk,10101,10101,10101,98.0,,,,,,,,,,
912656,1860,VESTVÅGØY,189589859,0,161.0,Fritidsbygg(hyttersommerh. ol,TB,Tatt i bruk,10101,10101,10101,30.0,,,56498322.0,Eggumsveien,5013.0,823.0,,,8360.0,BØSTAD
912657,1860,VESTVÅGØY,189592523,0,241.0,Hus for dyr/landbr.lager/silo,BR,Bygning revet/brent,10101,10101,10101,85.0,,,,,,,,,,
912658,1860,VESTVÅGØY,189589840,0,181.0,Garasjeuthus anneks til bolig,TB,Tatt i bruk,10101,10101,10101,83.0,,,,,,,,,,
912659,1860,VESTVÅGØY,189592515,0,111.0,Enebolig,BR,Bygning revet/brent,10101,10101,10101,0.0,,,,,,,,,,
912660,1860,VESTVÅGØY,189589832,0,181.0,Garasjeuthus anneks til bolig,BR,Bygning revet/brent,10101,10101,10101,0.0,,,,,,,,,,
912661,1860,VESTVÅGØY,189592507,0,111.0,Enebolig,TB,Tatt i bruk,10101,10101,19550101,65.0,,,56497132.0,Aagård,4032.0,4.0,,,8340.0,STAMSUND
912662,1860,VESTVÅGØY,189589824,0,241.0,Hus for dyr/landbr.lager/silo,TB,Tatt i bruk,10101,10101,10101,89.0,,,,,,,,,,
912663,1860,VESTVÅGØY,189592493,0,111.0,Enebolig,TB,Tatt i bruk,10101,10101,19820528,169.0,,,56487428.0,Aagård,4032.0,8.0,,,8340.0,STAMSUND
912664,1860,VESTVÅGØY,189589816,0,181.0,Garasjeuthus anneks til bolig,TB,Tatt i bruk,10101,10101,10101,46.0,,,,,,,,,,
912665,1860,VESTVÅGØY,189592485,0,162.0,Helårsb.benyttes som fritidsb.,TB,Tatt i bruk,10101,10101,18500101,80.0,,,56497129.0,Aagård,4032.0,12.0,,,8340.0,STAMSUND
912666,1860,VESTVÅGØY,189589808,0,121.0,"Tomannsbolig, vertikaldelt",TB,Tatt i bruk,10101,10101,10101,78.0,,,56490803.0,Eggumsveien,5013.0,825.0,,,8360.0,BØSTAD
912667,1860,VESTVÅGØY,189592477,0,181.0,Garasjeuthus anneks til bolig,TB,Tatt i bruk,10101,10101,10101,30.0,,,,,,,,,,
912668,1860,VESTVÅGØY,189589794,0,181.0,Garasjeuthus anneks til bolig,GR,Bygning godkjent for riving/brenning,10101,10101,10101,70.0,,,,,,,,,,
912669,1860,VESTVÅGØY,189592469,0,111.0,Enebolig,TB,Tatt i bruk,10101,10101,19750121,121.0,,,56487104.0,Strandveien,4024.0,10.0,,,8340.0,STAMSUND
912670,1860,VESTVÅGØY,189589786,0,181.0,Garasjeuthus anneks til bolig,TB,Tatt i bruk,10101,10101,10101,54.0,,,,,,,,,,
912671,1860,VESTVÅGØY,189592450,0,111.0,Enebolig,TB,Tatt i bruk,10101,10101,19760405,200.0,,,56487109.0,Strandveien,4024.0,15.0,,,8340.0,STAMSUND
912672,1860,VESTVÅGØY,189589778,0,111.0,Enebolig,TB,Tatt i bruk,10101,10101,10101,161.1,,,56490801.0,Eggumsveien,5013.0,827.0,,,8360.0,BØSTAD
912673,1860,VESTVÅGØY,189592744,0,111.0,Enebolig,TB,Tatt i bruk,10101,10101,19820104,181.0,,,56487431.0,Aagård,4032.0,17.0,,,8340.0,STAMSUND
912674,1860,VESTVÅGØY,189592736,1,111.0,Enebolig,TB,Tatt i bruk,19980724,19980801,19991201,20.0,,,,,,,,,,
912675,1860,VESTVÅGØY,189592736,0,111.0,Enebolig,TB,Tatt i bruk,10101,10101,19830210,184.0,,,56487433.0,Aagård,4032.0,22.0,,,8340.0,STAMSUND
912676,1860,VESTVÅGØY,189592728,0,111.0,Enebolig,TB,Tatt i bruk,10101,10101,19600101,150.0,,,56487601.0,Hellemyrveien,4044.0,3.0,,,8340.0,STAMSUND
912677,1860,VESTVÅGØY,189592701,0,161.0,Fritidsbygg(hyttersommerh. ol,BR,Bygning revet/brent,10101,10101,19450101,55.0,,,,,,,,,,
912678,1860,VESTVÅGØY,189592698,0,181.0,Garasjeuthus anneks til bolig,TB,Tatt i bruk,10101,10101,10101,99.0,,,,,,,,,,
912679,1860,VESTVÅGØY,189592671,0,181.0,Garasjeuthus anneks til bolig,TB,Tatt i bruk,10101,10101,19300101,52.0,,,56487570.0,Hellesjyveien,4041.0,2.0,,,8340.0,STAMSUND
912680,1860,VESTVÅGØY,189592663,0,111.0,Enebolig,TB,Tatt i bruk,10101,10101,19250101,141.0,,,56487570.0,Hellesjyveien,4041.0,2.0,,,8340.0,STAMSUND
912681,1860,VESTVÅGØY,189589980,0,181.0,Garasjeuthus anneks til bolig,TB,Tatt i bruk,10101,10101,10101,63.0,,,,,,,,,,
912682,1860,VESTVÅGØY,189592655,0,111.0,Enebolig,TB,Tatt i bruk,10101,10101,19590101,151.0,,,56487586.0,Hellesjyveien,4041.0,6.0,,,8340.0,STAMSUND
912683,1860,VESTVÅGØY,189589972,0,111.0,Enebolig,TB,Tatt i bruk,10101,10101,10101,149.0,,,56490781.0,Eggumsveien,5013.0,840.0,,,8360.0,BØSTAD
912684,1860,VESTVÅGØY,189592647,1,111.0,Enebolig,FA,Ferdigattest,20060807,20060907,10101,8.0,,,,,,,,,,
912685,1860,VESTVÅGØY,189589964,0,181.0,Garasjeuthus anneks til bolig,BR,Bygning revet/brent,10101,10101,10101,69.0,,,,,,,,,,
912686,1860,VESTVÅGØY,189592647,0,111.0,Enebolig,TB,Tatt i bruk,10101,10101,19450101,164.0,,,56487587.0,Hellesjyveien,4041.0,11.0,,,8340.0,STAMSUND
912687,1860,VESTVÅGØY,189589956,0,161.0,Fritidsbygg(hyttersommerh. ol,TB,Tatt i bruk,10101,10101,19620101,74.0,,,56490782.0,Eggumsveien,5013.0,841.0,,,8360.0,BØSTAD
912688,1860,VESTVÅGØY,189592639,0,111.0,Enebolig,TB,Tatt i bruk,10101,10101,10101,223.0,,,56497133.0,Myrlandsveien,4033.0,10.0,,,8340.0,STAMSUND
912689,1860,VESTVÅGØY,189589948,0,161.0,Fritidsbygg(hyttersommerh. ol,TB,Tatt i bruk,10101,10101,19620101,135.0,,,56488093.0,Eggumsveien,5013.0,845.0,,,8360.0,BØSTAD
912690,1860,VESTVÅGØY,189592620,0,111.0,Enebolig,TB,Tatt i bruk,10101,10101,19741212,183.0,,,56487434.0,Myrlandsveien,4033.0,8.0,,,8340.0,STAMSUND
912691,1860,VESTVÅGØY,189589921,0,111.0,Enebolig,TB,Tatt i bruk,10101,10101,10101,143.0,,,56490809.0,Eggumsveien,5013.0,837.0,,,8360.0,BØSTAD
912692,1860,VESTVÅGØY,189592612,0,181.0,Garasjeuthus anneks til bolig,TB,Tatt i bruk,10101,10101,19871210,30.0,,,,,,,,,,
912693,1860,VESTVÅGØY,189589913,0,181.0,Garasjeuthus anneks til bolig,TB,Tatt i bruk,10101,10101,10101,57.0,,,,,,,,,,
912694,1860,VESTVÅGØY,189593155,2,112.0,Enebolig m/hybel/sokkelleil.,FA,Ferdigattest,20060712,20060812,10101,16.0,,,,,,,,,,
912695,1860,VESTVÅGØY,189593155,1,112.0,Enebolig m/hybel/sokkelleil.,TB,Tatt i bruk,20021014,20021101,20041001,30.0,,,56496964.0,Nilsvika,4051.0,2.0,,,8340.0,STAMSUND
912696,1860,VESTVÅGØY,189593155,0,112.0,Enebolig m/hybel/sokkelleil.,TB,Tatt i bruk,10101,10101,19761004,252.0,,,,,,,,,,
912697,1860,VESTVÅGØY,189593147,0,111.0,Enebolig,TB,Tatt i bruk,10101,10101,19780505,175.0,,,56487402.0,Yttervikveien,4028.0,29.0,,,8340.0,STAMSUND
912698,1860,VESTVÅGØY,189593139,0,111.0,Enebolig,TB,Tatt i bruk,10101,10101,19750608,182.0,,,56496963.0,Nilsvika,4051.0,1.0,,,8340.0,STAMSUND
912699,1860,VESTVÅGØY,189593120,0,181.0,Garasjeuthus anneks til bolig,TB,Tatt i bruk,10101,10101,19800513,20.0,,,,,,,,,,
912700,1860,VESTVÅGØY,189593112,0,181.0,Garasjeuthus anneks til bolig,TB,Tatt i bruk,10101,10101,19770101,15.0,,,,,,,,,,
912701,1860,VESTVÅGØY,189593104,0,111.0,Enebolig,TB,Tatt i bruk,10101,10101,19750110,189.0,,,56487148.0,Yttervikveien,4028.0,23.0,,,8340.0,STAMSUND
912702,1860,VESTVÅGØY,189593090,0,111.0,Enebolig,TB,Tatt i bruk,10101,10101,19690101,124.0,,,56487071.0,Vinkelen,4014.0,4.0,,,8340.0,STAMSUND
912703,1860,VESTVÅGØY,189593082,1,111.0,Enebolig,TB,Tatt i bruk,20030821,20030901,20040101,118.0,,,56487072.0,Vinkelen,4014.0,6.0,,,8340.0,STAMSUND
912704,1860,VESTVÅGØY,189593082,0,111.0,Enebolig,TB,Tatt i bruk,10101,10101,19710101,125.0,,,56487072.0,Vinkelen,4014.0,6.0,,,8340.0,STAMSUND
912705,1860,VESTVÅGØY,189593074,1,111.0,Enebolig,TB,Tatt i bruk,20030908,20031001,20040801,18.0,,,56487073.0,Vinkelen,4014.0,8.0,,,8340.0,STAMSUND
912706,1860,VESTVÅGØY,189593260,0,112.0,Enebolig m/hybel/sokkelleil.,TB,Tatt i bruk,10101,10101,19731101,189.0,,,56487142.0,Yttervikveien,4028.0,17.0,,,8340.0,STAMSUND
912707,1860,VESTVÅGØY,189593252,0,111.0,Enebolig,TB,Tatt i bruk,10101,10101,19741202,188.0,,,56487146.0,Yttervikveien,4028.0,21.0,,,8340.0,STAMSUND
912708,1860,VESTVÅGØY,189593244,0,112.0,Enebolig m/hybel/sokkelleil.,TB,Tatt i bruk,10101,10101,19720720,166.0,,,56487141.0,Yttervikveien,4028.0,16.0,,,8340.0,STAMSUND
912709,1860,VESTVÅGØY,189593236,0,111.0,Enebolig,TB,Tatt i bruk,10101,10101,19740408,158.0,,,56487143.0,Yttervikveien,4028.0,18.0,,,8340.0,STAMSUND
912710,1860,VESTVÅGØY,189593228,0,111.0,Enebolig,TB,Tatt i bruk,10101,10101,19741203,162.0,,,56487145.0,Yttervikveien,4028.0,20.0,,,8340.0,STAMSUND
912711,1860,VESTVÅGØY,189593201,0,111.0,Enebolig,TB,Tatt i bruk,10101,10101,19750319,184.0,,,56487147.0,Yttervikveien,4028.0,22.0,,,8340.0,STAMSUND
912712,1860,VESTVÅGØY,189593198,0,112.0,Enebolig m/hybel/sokkelleil.,TB,Tatt i bruk,10101,10101,19770203,205.0,,,56487128.0,Edvard Oddens vei,4026.0,33.0,,,8340.0,STAMSUND
912713,1860,VESTVÅGØY,189593171,0,111.0,Enebolig,TB,Tatt i bruk,10101,10101,19821206,151.0,,,56487127.0,Edvard Oddens vei,4026.0,31.0,,,8340.0,STAMSUND
912714,1860,VESTVÅGØY,189593163,0,111.0,Enebolig,TB,Tatt i bruk,10101,10101,19770427,193.0,,,56487126.0,Edvard Oddens vei,4026.0,29.0,,,8340.0,STAMSUND
912715,1860,VESTVÅGØY,189586108,0,241.0,Hus for dyr/landbr.lager/silo,TB,Tatt i bruk,10101,10101,10101,54.0,,,,,,,,,,
912716,1860,VESTVÅGØY,189583389,0,111.0,Enebolig,TB,Tatt i bruk,10101,10101,10101,186.0,,,56492996.0,Vikingveien,8011.0,454.0,,,8360.0,BØSTAD
912717,1860,VESTVÅGØY,189586094,0,111.0,Enebolig,TB,Tatt i bruk,10101,10101,10101,133.0,,,56490749.0,Eggumsveien,5013.0,559.0,,,8360.0,BØSTAD
912718,1860,VESTVÅGØY,189583370,0,111.0,Enebolig,TB,Tatt i bruk,10101,10101,19751022,160.0,,,56492988.0,Vikingveien,8011.0,438.0,,,8360.0,BØSTAD
912719,1860,VESTVÅGØY,189586086,0,181.0,Garasjeuthus anneks til bolig,TB,Tatt i bruk,10101,10101,10101,39.0,,,,,,,,,,
912720,1860,VESTVÅGØY,189583362,0,112.0,Enebolig m/hybel/sokkelleil.,TB,Tatt i bruk,10101,10101,19741123,195.0,,,56488108.0,Høvdingveien,5002.0,58.0,,,8360.0,BØSTAD
912721,1860,VESTVÅGØY,189586078,0,241.0,Hus for dyr/landbr.lager/silo,TB,Tatt i bruk,10101,10101,10101,196.0,,,,,,,,,,
912722,1860,VESTVÅGØY,189583338,0,111.0,Enebolig,TB,Tatt i bruk,10101,10101,19750101,196.0,,,56489991.0,Høvdingveien,5002.0,54.0,,,8360.0,BØSTAD
912723,1860,VESTVÅGØY,189586051,0,183.0,Naust båthus sjøbu,BR,Bygning revet/brent,10101,10101,10101,54.0,,,,,,,,,,
912724,1860,VESTVÅGØY,189583311,0,111.0,Enebolig,TB,Tatt i bruk,10101,10101,10101,268.0,,,56492993.0,Vikingveien,8011.0,446.0,,,8360.0,BØSTAD
912725,1860,VESTVÅGØY,189586043,0,111.0,Enebolig,TB,Tatt i bruk,10101,10101,10101,119.0,,,56490748.0,Eggumsveien,5013.0,553.0,,,8360.0,BØSTAD
912726,1860,VESTVÅGØY,189583303,0,181.0,Garasjeuthus anneks til bolig,TB,Tatt i bruk,10101,10101,10101,28.0,,,,,,,,,,
912727,1860,VESTVÅGØY,189586035,0,161.0,Fritidsbygg(hyttersommerh. ol,TB,Tatt i bruk,10101,10101,10101,124.0,,,56490747.0,Eggumsveien,5013.0,551.0,,,8360.0,BØSTAD
912728,1860,VESTVÅGØY,189583281,0,122.0,"Tomannsbolig, horisontaldelt",TB,Tatt i bruk,10101,10101,10101,374.0,,,56495014.0,Vikingveien,8011.0,442.0,,,8360.0,BØSTAD
912729,1860,VESTVÅGØY,189586027,0,181.0,Garasjeuthus anneks til bolig,BR,Bygning revet/brent,10101,10101,10101,0.0,,,,,,,,,,
912730,1860,VESTVÅGØY,189586019,0,183.0,Naust båthus sjøbu,BR,Bygning revet/brent,10101,10101,10101,51.0,,,,,,,,,,
912731,1860,VESTVÅGØY,189583273,3,322.0,Butikk/forretningsbygning,TB,Tatt i bruk,20050512,20050515,20050915,158.0,,,,,,,,,,
912732,1860,VESTVÅGØY,189586000,0,111.0,Enebolig,TB,Tatt i bruk,10101,10101,10101,117.0,,,56497148.0,Eggumsveien,5013.0,533.0,,,8360.0,BØSTAD
912733,1860,VESTVÅGØY,189585993,0,181.0,Garasjeuthus anneks til bolig,BR,Bygning revet/brent,10101,10101,10101,60.0,,,,,,,,,,
912734,1860,VESTVÅGØY,189583273,2,322.0,Butikk/forretningsbygning,TB,Tatt i bruk,20031030,20031101,20040101,12.0,,,56492987.0,Vikingveien,8011.0,436.0,,,8360.0,BØSTAD
912735,1860,VESTVÅGØY,189585985,0,183.0,Naust båthus sjøbu,TB,Tatt i bruk,10101,10101,10101,45.0,,,,,,,,,,
912736,1860,VESTVÅGØY,189585977,0,183.0,Naust båthus sjøbu,BR,Bygning revet/brent,10101,10101,10101,0.0,,,,,,,,,,
912737,1860,VESTVÅGØY,189583273,1,322.0,Butikk/forretningsbygning,TB,Tatt i bruk,19970701,19971001,19971215,60.0,,,56492987.0,Vikingveien,8011.0,436.0,,,8360.0,BØSTAD
912738,1860,VESTVÅGØY,189585969,0,161.0,Fritidsbygg(hyttersommerh. ol,TB,Tatt i bruk,10101,10101,10101,51.0,,,,,,,,,,
912739,1860,VESTVÅGØY,189583273,0,322.0,Butikk/forretningsbygning,TB,Tatt i bruk,10101,10101,19821027,391.0,,,56492987.0,Vikingveien,8011.0,436.0,,,8360.0,BØSTAD
912740,1860,VESTVÅGØY,189585950,0,161.0,Fritidsbygg(hyttersommerh. ol,TB,Tatt i bruk,10101,10101,18700101,108.0,,,56490288.0,Nesjeøyveien,5012.0,96.0,,,8360.0,BØSTAD
912741,1860,VESTVÅGØY,189583265,0,111.0,Enebolig,TB,Tatt i bruk,10101,10101,19750319,182.0,,,56489963.0,Høvdingveien,5002.0,56.0,,,8360.0,BØSTAD
912742,1860,VESTVÅGØY,189585942,0,181.0,Garasjeuthus anneks til bolig,TB,Tatt i bruk,10101,10101,10101,63.0,,,,,,,,,,
912743,1860,VESTVÅGØY,189583257,0,111.0,Enebolig,TB,Tatt i bruk,10101,10101,10101,259.0,,,56492991.0,Vikingveien,8011.0,444.0,,,8360.0,BØSTAD
912744,1860,VESTVÅGØY,189586272,0,111.0,Enebolig,TB,Tatt i bruk,10101,10101,10101,99.0,,,56490901.0,Nesje,5018.0,87.0,,,8360.0,BØSTAD
912745,1860,VESTVÅGØY,189583540,0,181.0,Garasjeuthus anneks til bolig,TB,Tatt i bruk,10101,10101,10101,22.0,,,,,,,,,,
912746,1860,VESTVÅGØY,189589050,0,323.0,Bensinstasjon,BU,Bygningsnummer utgått,10101,10101,10101,0.0,,,,,,,,,,
912747,1860,VESTVÅGØY,189586264,0,181.0,Garasjeuthus anneks til bolig,TB,Tatt i bruk,10101,10101,10101,56.0,,,,,,,,,,
912748,1860,VESTVÅGØY,189583532,0,111.0,Enebolig,TB,Tatt i bruk,10101,10101,10101,163.0,,,56492899.0,Skjerpveien,8003.0,65.0,,,8360.0,BØSTAD
912749,1860,VESTVÅGØY,189589042,0,322.0,Butikk/forretningsbygning,TB,Tatt i bruk,10101,10101,10101,152.0,,,56490829.0,Borgvågveien,5014.0,1.0,,,8360.0,BØSTAD
912750,1860,VESTVÅGØY,189586256,0,111.0,Enebolig,TB,Tatt i bruk,10101,10101,10101,60.0,,,56490891.0,Nesje,5018.0,148.0,,,8360.0,BØSTAD
912751,1860,VESTVÅGØY,189589034,2,111.0,Enebolig,TB,Tatt i bruk,10101,10101,19950206,50.0,,,,,,,,,,
912752,1860,VESTVÅGØY,189586248,0,161.0,Fritidsbygg(hyttersommerh. ol,TB,Tatt i bruk,10101,10101,10101,142.0,,,56490889.0,Nesje,5018.0,89.0,,,8360.0,BØSTAD
912753,1860,VESTVÅGØY,189583524,0,112.0,Enebolig m/hybel/sokkelleil.,TB,Tatt i bruk,19761021,19761121,19780523,196.0,,,56492896.0,Skjerpveien,8003.0,98.0,,,8360.0,BØSTAD
912754,1860,VESTVÅGØY,189589034,1,111.0,Enebolig,TB,Tatt i bruk,10101,10101,19761101,18.0,,,,,,,,,,
912755,1860,VESTVÅGØY,189586221,0,181.0,Garasjeuthus anneks til bolig,TB,Tatt i bruk,10101,10101,10101,39.0,,,,,,,,,,
912756,1860,VESTVÅGØY,189583516,0,241.0,Hus for dyr/landbr.lager/silo,BR,Bygning revet/brent,10101,10101,10101,0.0,,,,,,,,,,
912757,1860,VESTVÅGØY,189589034,0,111.0,Enebolig,TB,Tatt i bruk,10101,10101,19741028,157.0,,,56490831.0,Borgvågveien,5014.0,15.0,,,8360.0,BØSTAD
912758,1860,VESTVÅGØY,189586213,0,181.0,Garasjeuthus anneks til bolig,BR,Bygning revet/brent,10101,10101,10101,0.0,,,,,,,,,,
912759,1860,VESTVÅGØY,189583508,0,241.0,Hus for dyr/landbr.lager/silo,TB,Tatt i bruk,10101,10101,10101,493.0,,,,,,,,,,
912760,1860,VESTVÅGØY,189589026,0,111.0,Enebolig,TB,Tatt i bruk,10101,10101,19750324,172.0,,,56490830.0,Borgvågveien,5014.0,9.0,,,8360.0,BØSTAD
912761,1860,VESTVÅGØY,189586205,0,181.0,Garasjeuthus anneks til bolig,TB,Tatt i bruk,10101,10101,10101,22.0,,,,,,,,,,
912762,1860,VESTVÅGØY,189583494,0,111.0,Enebolig,TB,Tatt i bruk,10101,10101,10101,159.0,,,56492947.0,Skjerpveien,8003.0,159.0,,,8360.0,BØSTAD
912763,1860,VESTVÅGØY,189589018,0,112.0,Enebolig m/hybel/sokkelleil.,TB,Tatt i bruk,10101,10101,19770107,180.0,,,56490868.0,Borgvågveien,5014.0,23.0,,,8360.0,BØSTAD
912764,1860,VESTVÅGØY,189586191,0,111.0,Enebolig,TB,Tatt i bruk,10101,10101,19531111,155.0,,,56490890.0,Nesje,5018.0,132.0,,,8360.0,BØSTAD
912765,1860,VESTVÅGØY,189583486,0,111.0,Enebolig,TB,Tatt i bruk,10101,10101,10101,180.0,,,56492949.0,Skjerpveien,8003.0,169.0,,,8360.0,BØSTAD
912766,1860,VESTVÅGØY,189588992,0,111.0,Enebolig,TB,Tatt i bruk,10101,10101,19811210,182.0,,,56490833.0,Borgvågveien,5014.0,21.0,,,8360.0,BØSTAD
912767,1860,VESTVÅGØY,189586183,0,161.0,Fritidsbygg(hyttersommerh. ol,TB,Tatt i bruk,10101,10101,10101,34.0,,,56499021.0,Eggumsveien,5013.0,591.0,,,8360.0,BØSTAD
912768,1860,VESTVÅGØY,189583478,0,181.0,Garasjeuthus anneks til bolig,TB,Tatt i bruk,10101,10101,10101,46.0,,,,,,,,,,
912769,1860,VESTVÅGØY,189586175,0,111.0,Enebolig,TB,Tatt i bruk,10101,10101,10101,70.0,,,56490750.0,Eggumsveien,5013.0,589.0,,,8360.0,BØSTAD
912770,1860,VESTVÅGØY,189583451,0,181.0,Garasjeuthus anneks til bolig,BR,Bygning revet/brent,10101,10101,10101,67.0,,,,,,,,,,
912771,1860,VESTVÅGØY,189588984,1,111.0,Enebolig,TB,Tatt i bruk,19950701,19950701,19960131,20.0,,,56490832.0,Borgvågveien,5014.0,17.0,,,8360.0,BØSTAD
912772,1860,VESTVÅGØY,189586167,0,181.0,Garasjeuthus anneks til bolig,TB,Tatt i bruk,10101,10101,10101,35.0,,,,,,,,,,
912773,1860,VESTVÅGØY,189583443,0,181.0,Garasjeuthus anneks til bolig,TB,Tatt i bruk,10101,10101,10101,18.0,,,,,,,,,,
912774,1860,VESTVÅGØY,189588984,0,111.0,Enebolig,TB,Tatt i bruk,10101,10101,19791206,190.0,,,56490832.0,Borgvågveien,5014.0,17.0,,,8360.0,BØSTAD
912775,1860,VESTVÅGØY,189586159,0,183.0,Naust båthus sjøbu,TB,Tatt i bruk,10101,10101,10101,40.0,,,,,,,,,,
912776,1860,VESTVÅGØY,189583435,0,181.0,Garasjeuthus anneks til bolig,TB,Tatt i bruk,10101,10101,10101,14.0,,,,,,,,,,
912777,1860,VESTVÅGØY,189588976,0,111.0,Enebolig,TB,Tatt i bruk,10101,10101,19811127,182.0,,,56490306.0,Eggumsveien,5013.0,80.0,,,8360.0,BØSTAD
912778,1860,VESTVÅGØY,189586140,0,111.0,Enebolig,TB,Tatt i bruk,10101,10101,10101,128.0,,,56490755.0,Eggumsveien,5013.0,565.0,,,8360.0,BØSTAD
912779,1860,VESTVÅGØY,189583427,0,111.0,Enebolig,TB,Tatt i bruk,10101,10101,10101,37.0,,,56492951.0,Skjerpveien,8003.0,177.0,,,8360.0,BØSTAD
912780,1860,VESTVÅGØY,189588968,0,111.0,Enebolig,TB,Tatt i bruk,10101,10101,19510101,112.0,,,56490304.0,Eggumsveien,5013.0,60.0,,,8360.0,BØSTAD
912781,1860,VESTVÅGØY,189586132,0,183.0,Naust båthus sjøbu,TB,Tatt i bruk,10101,10101,10101,35.0,,,,,,,,,,
912782,1860,VESTVÅGØY,189583419,0,182.0,Garasjeuth.anneks til fritidb,BR,Bygning revet/brent,10101,10101,10101,58.0,,,,,,,,,,
912783,1860,VESTVÅGØY,189588941,0,241.0,Hus for dyr/landbr.lager/silo,TB,Tatt i bruk,10101,10101,10101,73.0,,,,,,,,,,
912784,1860,VESTVÅGØY,189586124,0,181.0,Garasjeuthus anneks til bolig,TB,Tatt i bruk,10101,10101,10101,42.0,,,,,,,,,,
912785,1860,VESTVÅGØY,189583400,0,163.0,Våningh. benyttes som fritidsb,BR,Bygning revet/brent,10101,10101,10101,37.0,,,56497036.0,Skjerpveien,8003.0,181.0,,,8360.0,BØSTAD
912786,1860,VESTVÅGØY,189588933,0,181.0,Garasjeuthus anneks til bolig,TB,Tatt i bruk,10101,10101,10101,53.0,,,,,,,,,,
912787,1860,VESTVÅGØY,189586116,0,181.0,Garasjeuthus anneks til bolig,BR,Bygning revet/brent,10101,10101,10101,0.0,,,,,,,,,,
912788,1860,VESTVÅGØY,189583397,0,181.0,Garasjeuthus anneks til bolig,TB,Tatt i bruk,10101,10101,10101,103.0,,,,,,,,,,
912789,1860,VESTVÅGØY,189588925,0,163.0,Våningh. benyttes som fritidsb,TB,Tatt i bruk,10101,10101,19500101,133.0,,,56490302.0,Eggumsveien,5013.0,56.0,,,8360.0,BØSTAD
912790,1860,VESTVÅGØY,189583087,0,241.0,Hus for dyr/landbr.lager/silo,TB,Tatt i bruk,10101,10101,10101,126.0,,,,,,,,,,
912791,1860,VESTVÅGØY,189583079,0,111.0,Enebolig,TB,Tatt i bruk,10101,10101,19450101,75.0,,,56497149.0,Vikingveien,8011.0,554.0,,,8360.0,BØSTAD
912792,1860,VESTVÅGØY,189583060,0,111.0,Enebolig,TB,Tatt i bruk,10101,10101,19710223,195.0,,,56493009.0,Vikingveien,8011.0,575.0,,,8360.0,BØSTAD
912793,1860,VESTVÅGØY,189583052,0,111.0,Enebolig,TB,Tatt i bruk,10101,10101,19830203,179.0,,,56493010.0,Vikingveien,8011.0,583.0,,,8360.0,BØSTAD
912794,1860,VESTVÅGØY,189583044,0,111.0,Enebolig,TB,Tatt i bruk,10101,10101,19770503,177.0,,,56493036.0,Vikingveien,8011.0,581.0,,,8360.0,BØSTAD
912795,1860,VESTVÅGØY,189583036,0,241.0,Hus for dyr/landbr.lager/silo,TB,Tatt i bruk,10101,10101,10101,424.0,,,,,,,,,,
912796,1860,VESTVÅGØY,189583028,0,181.0,Garasjeuthus anneks til bolig,BR,Bygning revet/brent,10101,10101,10101,21.0,,,,,,,,,,
912797,1860,VESTVÅGØY,189583001,0,319.0,Annen kontorbygning,TB,Tatt i bruk,10101,10101,19200101,225.0,,,56490026.0,Prestegårdsveien,5009.0,59.0,,,8360.0,BØSTAD
912798,1860,VESTVÅGØY,189582994,0,239.0,Annen lagerbygning,TB,Tatt i bruk,10101,10101,19880120,116.0,,,,,,,,,,
912799,1860,VESTVÅGØY,189582986,0,671.0,Kirke kapell,BR,Bygning revet/brent,10101,10101,10101,0.0,,,,,,,,,,
912800,1860,VESTVÅGØY,189582978,0,673.0,Kremat. gravkapell bårehus,TB,Tatt i bruk,10101,10101,10101,22.0,,,,,,,,,,
912801,1860,VESTVÅGØY,189582951,0,673.0,Kremat. gravkapell bårehus,TB,Tatt i bruk,10101,10101,10101,20.0,,,281307528.0,Prestegårdsveien,5009.0,110.0,,,8360.0,BØSTAD
912802,1860,VESTVÅGØY,189582943,2,249.0,Annen landbruksbygning,TB,Tatt i bruk,20041118,20041218,20050501,81.0,,,,,,,,,,
912803,1860,VESTVÅGØY,189582943,1,249.0,Annen landbruksbygning,TB,Tatt i bruk,20000529,20000701,20001030,57.0,,,,,,,,,,
912804,1860,VESTVÅGØY,189585934,0,183.0,Naust båthus sjøbu,TB,Tatt i bruk,10101,10101,10101,30.0,,,,,,,,,,
912805,1860,VESTVÅGØY,189583249,0,111.0,Enebolig,TB,Tatt i bruk,10101,10101,19710205,206.0,,,56492995.0,Vikingveien,8011.0,448.0,,,8360.0,BØSTAD
912806,1860,VESTVÅGØY,189585926,0,181.0,Garasjeuthus anneks til bolig,TB,Tatt i bruk,10101,10101,10101,13.0,,,,,,,,,,
912807,1860,VESTVÅGØY,189585918,0,241.0,Hus for dyr/landbr.lager/silo,BR,Bygning revet/brent,10101,10101,10101,0.0,,,,,,,,,,
912808,1860,VESTVÅGØY,189583230,1,111.0,Enebolig,TB,Tatt i bruk,19940701,19940730,19950401,80.0,,,,,,,,,,
912809,1860,VESTVÅGØY,189583230,0,111.0,Enebolig,TB,Tatt i bruk,10101,10101,19540101,108.0,,,56492994.0,Vikingveien,8011.0,447.0,,,8360.0,BØSTAD
912810,1860,VESTVÅGØY,189585896,1,111.0,Enebolig,TB,Tatt i bruk,20031028,20031115,20040128,9.0,,,,,,,,,,
912811,1860,VESTVÅGØY,189583222,0,111.0,Enebolig,TB,Tatt i bruk,10101,10101,19750527,184.0,,,56492992.0,Vikingveien,8011.0,445.0,,,8360.0,BØSTAD
912812,1860,VESTVÅGØY,189585896,0,111.0,Enebolig,TB,Tatt i bruk,10101,10101,10101,93.0,,,56490290.0,Nesjeøyveien,5012.0,94.0,,,8360.0,BØSTAD
912813,1860,VESTVÅGØY,189583214,0,111.0,Enebolig,TB,Tatt i bruk,10101,10101,19650101,93.0,,,56490227.0,Pollveien,5010.0,3.0,,,8360.0,BØSTAD
912814,1860,VESTVÅGØY,189585888,0,181.0,Garasjeuthus anneks til bolig,TB,Tatt i bruk,10101,10101,10101,66.0,,,,,,,,,,
912815,1860,VESTVÅGØY,189583206,0,111.0,Enebolig,TB,Tatt i bruk,10101,10101,19650101,93.0,,,56490028.0,Pollveien,5010.0,1.0,,,8360.0,BØSTAD
912816,1860,VESTVÅGØY,189585861,0,181.0,Garasjeuthus anneks til bolig,TB,Tatt i bruk,10101,10101,10101,17.0,,,,,,,,,,
912817,1860,VESTVÅGØY,189583192,0,112.0,Enebolig m/hybel/sokkelleil.,TB,Tatt i bruk,10101,10101,19430101,234.0,,,56492990.0,Vikingveien,8011.0,440.0,,,8360.0,BØSTAD
912818,1860,VESTVÅGØY,189585853,0,183.0,Naust båthus sjøbu,TB,Tatt i bruk,10101,10101,10101,43.0,,,,,,,,,,
912819,1860,VESTVÅGØY,189583184,0,181.0,Garasjeuthus anneks til bolig,TB,Tatt i bruk,10101,10101,19480101,21.0,,,,,,,,,,
912820,1860,VESTVÅGØY,189585845,0,183.0,Naust båthus sjøbu,BR,Bygning revet/brent,10101,10101,10101,0.0,,,,,,,,,,
912821,1860,VESTVÅGØY,189583176,0,181.0,Garasjeuthus anneks til bolig,TB,Tatt i bruk,10101,10101,10101,24.0,,,,,,,,,,
912822,1860,VESTVÅGØY,189585837,0,181.0,Garasjeuthus anneks til bolig,BR,Bygning revet/brent,10101,10101,10101,46.0,,,,,,,,,,
912823,1860,VESTVÅGØY,189583168,0,181.0,Garasjeuthus anneks til bolig,TB,Tatt i bruk,10101,10101,10101,22.0,,,,,,,,,,
912824,1860,VESTVÅGØY,189585829,0,161.0,Fritidsbygg(hyttersommerh. ol,TB,Tatt i bruk,10101,10101,10101,56.0,,,56490289.0,Nesjeøyveien,5012.0,70.0,,,8360.0,BØSTAD
912825,1860,VESTVÅGØY,189583141,0,162.0,Helårsb.benyttes som fritidsb.,TB,Tatt i bruk,10101,10101,19500101,189.0,,,56488587.0,Vikingveien,8011.0,432.0,,,8360.0,BØSTAD
912826,1860,VESTVÅGØY,189585810,0,111.0,Enebolig,TB,Tatt i bruk,10101,10101,18860101,104.0,,,56490294.0,Nesjeøyveien,5012.0,68.0,,,8360.0,BØSTAD
912827,1860,VESTVÅGØY,189583125,0,111.0,Enebolig,TB,Tatt i bruk,10101,10101,10101,108.0,,,56495099.0,Rystadveien,5019.0,20.0,,,8360.0,BØSTAD
912828,1860,VESTVÅGØY,189583117,0,181.0,Garasjeuthus anneks til bolig,TB,Tatt i bruk,10101,10101,10101,29.0,,,,,,,,,,
912829,1860,VESTVÅGØY,189583109,0,111.0,Enebolig,TB,Tatt i bruk,10101,10101,10101,127.0,,,56493008.0,Vikingveien,8011.0,539.0,,,8360.0,BØSTAD
912830,1860,VESTVÅGØY,189583095,0,181.0,Garasjeuthus anneks til bolig,TB,Tatt i bruk,10101,10101,10101,32.0,,,,,,,,,,
912831,1860,VESTVÅGØY,189586795,0,181.0,Garasjeuthus anneks til bolig,TB,Tatt i bruk,10101,10101,10101,63.0,,,,,,,,,,
912832,1860,VESTVÅGØY,189589573,0,111.0,Enebolig,TB,Tatt i bruk,10101,10101,10101,94.0,,,56490804.0,Eggumsveien,5013.0,830.0,,,8360.0,BØSTAD
912833,1860,VESTVÅGØY,189592264,1,112.0,Enebolig m/hybel/sokkelleil.,TB,Tatt i bruk,20040917,20041001,20051001,4.0,,,56487055.0,Svarholtveien,4011.0,8.0,,,8340.0,STAMSUND
912834,1860,VESTVÅGØY,189586787,0,181.0,Garasjeuthus anneks til bolig,TB,Tatt i bruk,10101,10101,10101,78.0,,,,,,,,,,
912835,1860,VESTVÅGØY,189589565,0,241.0,Hus for dyr/landbr.lager/silo,TB,Tatt i bruk,10101,10101,10101,85.0,,,,,,,,,,
912836,1860,VESTVÅGØY,189592264,0,112.0,Enebolig m/hybel/sokkelleil.,TB,Tatt i bruk,10101,10101,19580101,122.0,,,56487055.0,Svarholtveien,4011.0,8.0,,,8340.0,STAMSUND
912837,1860,VESTVÅGØY,189586779,0,111.0,Enebolig,TB,Tatt i bruk,10101,10101,10101,156.0,,,56490309.0,Eggumsveien,5013.0,288.0,,,8360.0,BØSTAD
912838,1860,VESTVÅGØY,189589557,0,181.0,Garasjeuthus anneks til bolig,TB,Tatt i bruk,10101,10101,10101,77.0,,,,,,,,,,
912839,1860,VESTVÅGØY,189586760,0,163.0,Våningh. benyttes som fritidsb,TB,Tatt i bruk,10101,10101,10101,50.0,,,56490308.0,Eggumsveien,5013.0,266.0,,,8360.0,BØSTAD
912840,1860,VESTVÅGØY,189589549,0,111.0,Enebolig,TB,Tatt i bruk,10101,10101,10101,111.0,,,56490802.0,Eggumsveien,5013.0,828.0,,,8360.0,BØSTAD
912841,1860,VESTVÅGØY,189586752,0,161.0,Fritidsbygg(hyttersommerh. ol,TB,Tatt i bruk,10101,10101,10101,46.0,,,56490765.0,Eggumsveien,5013.0,240.0,,,8360.0,BØSTAD
912842,1860,VESTVÅGØY,189589530,0,111.0,Enebolig,TB,Tatt i bruk,10101,10101,10101,128.0,,,56490777.0,Eggumsveien,5013.0,822.0,,,8360.0,BØSTAD
912843,1860,VESTVÅGØY,189586744,0,181.0,Garasjeuthus anneks til bolig,TB,Tatt i bruk,10101,10101,10101,30.0,,,,,,,,,,
912844,1860,VESTVÅGØY,189589522,0,181.0,Garasjeuthus anneks til bolig,TB,Tatt i bruk,10101,10101,10101,58.0,,,,,,,,,,
912845,1860,VESTVÅGØY,189586736,0,181.0,Garasjeuthus anneks til bolig,TB,Tatt i bruk,10101,10101,10101,33.0,,,,,,,,,,
912846,1860,VESTVÅGØY,189589514,0,181.0,Garasjeuthus anneks til bolig,BR,Bygning revet/brent,10101,10101,10101,25.0,,,,,,,,,,
912847,1860,VESTVÅGØY,189586728,0,181.0,Garasjeuthus anneks til bolig,TB,Tatt i bruk,10101,10101,10101,66.0,,,,,,,,,,
912848,1860,VESTVÅGØY,189589506,0,111.0,Enebolig,TB,Tatt i bruk,10101,10101,10101,121.0,,,56490775.0,Eggumsveien,5013.0,820.0,,,8360.0,BØSTAD
912849,1860,VESTVÅGØY,189586701,0,181.0,Garasjeuthus anneks til bolig,TB,Tatt i bruk,10101,10101,10101,22.0,,,,,,,,,,
912850,1860,VESTVÅGØY,189586698,0,111.0,Enebolig,TB,Tatt i bruk,10101,10101,10101,84.0,,,56492293.0,Indre Steinfjordvei,8008.0,123.0,,,8360.0,BØSTAD
912851,1860,VESTVÅGØY,189589492,0,111.0,Enebolig,TB,Tatt i bruk,19821217,19830117,19840702,210.0,,,56490779.0,Eggumsveien,5013.0,826.0,,,8360.0,BØSTAD
912852,1860,VESTVÅGØY,189586671,0,111.0,Enebolig,TB,Tatt i bruk,10101,10101,10101,140.0,,,56492291.0,Indre Steinfjordvei,8008.0,121.0,,,8360.0,BØSTAD
912853,1860,VESTVÅGØY,189589484,0,112.0,Enebolig m/hybel/sokkelleil.,TB,Tatt i bruk,10101,10101,10101,187.0,,,56490778.0,Eggumsveien,5013.0,824.0,,,8360.0,BØSTAD
912854,1860,VESTVÅGØY,189586663,0,181.0,Garasjeuthus anneks til bolig,TB,Tatt i bruk,10101,10101,10101,39.0,,,,,,,,,,
912855,1860,VESTVÅGØY,189589476,0,181.0,Garasjeuthus anneks til bolig,TB,Tatt i bruk,10101,10101,10101,63.0,,,,,,,,,,
912856,1860,VESTVÅGØY,189586655,0,181.0,Garasjeuthus anneks til bolig,BR,Bygning revet/brent,10101,10101,10101,0.0,,,,,,,,,,
912857,1860,VESTVÅGØY,189589468,0,181.0,Garasjeuthus anneks til bolig,TB,Tatt i bruk,10101,10101,19290101,60.0,,,,,,,,,,
912858,1860,VESTVÅGØY,189586647,0,111.0,Enebolig,TB,Tatt i bruk,10101,10101,10101,155.0,,,56492300.0,Indre Steinfjordvei,8008.0,151.0,,,8360.0,BØSTAD
912859,1860,VESTVÅGØY,189589441,0,111.0,Enebolig,TB,Tatt i bruk,10101,10101,19290101,68.0,,,56490799.0,Eggumsveien,5013.0,818.0,,,8360.0,BØSTAD
912860,1860,VESTVÅGØY,189586620,0,181.0,Garasjeuthus anneks til bolig,TB,Tatt i bruk,10101,10101,19590601,95.0,,,,,,,,,,
912861,1860,VESTVÅGØY,189589433,0,111.0,Enebolig,TB,Tatt i bruk,10101,10101,19740101,159.0,,,56490774.0,Eggumsveien,5013.0,816.0,,,8360.0,BØSTAD
912862,1860,VESTVÅGØY,189586612,0,111.0,Enebolig,TB,Tatt i bruk,10101,10101,19160101,174.0,,,56492296.0,Indre Steinfjordvei,8008.0,139.0,,,8360.0,BØSTAD
912863,1860,VESTVÅGØY,189589425,0,111.0,Enebolig,TB,Tatt i bruk,10101,10101,10101,139.0,,,56490798.0,Eggumsveien,5013.0,814.0,,,8360.0,BØSTAD
912864,1860,VESTVÅGØY,189592442,0,111.0,Enebolig,TB,Tatt i bruk,10101,10101,19751015,112.0,,,56487102.0,Strandveien,4024.0,8.0,,,8340.0,STAMSUND
912865,1860,VESTVÅGØY,189589751,0,161.0,Fritidsbygg(hyttersommerh. ol,TB,Tatt i bruk,10101,10101,10101,57.0,,,,,,,,,,
912866,1860,VESTVÅGØY,189592434,0,181.0,Garasjeuthus anneks til bolig,TB,Tatt i bruk,10101,10101,19880210,29.0,,,,,,,,,,
912867,1860,VESTVÅGØY,189589743,0,181.0,Garasjeuthus anneks til bolig,TB,Tatt i bruk,10101,10101,10101,37.0,,,,,,,,,,
912868,1860,VESTVÅGØY,189592426,0,181.0,Garasjeuthus anneks til bolig,TB,Tatt i bruk,10101,10101,19770101,19.0,,,,,,,,,,
912869,1860,VESTVÅGØY,189589735,0,181.0,Garasjeuthus anneks til bolig,TB,Tatt i bruk,10101,10101,19450101,92.0,,,,,,,,,,
912870,1860,VESTVÅGØY,189592418,0,111.0,Enebolig,TB,Tatt i bruk,10101,10101,19760610,114.0,,,56487105.0,Strandveien,4024.0,11.0,,,8340.0,STAMSUND
912871,1860,VESTVÅGØY,189589727,0,524.0,Camping/utleiehytte,TB,Tatt i bruk,10101,10101,10101,72.0,,,,,,,,,,
912872,1860,VESTVÅGØY,189592396,0,111.0,Enebolig,TB,Tatt i bruk,10101,10101,19750812,184.0,,,56487107.0,Strandveien,4024.0,13.0,,,8340.0,STAMSUND
912873,1860,VESTVÅGØY,189589719,0,181.0,Garasjeuthus anneks til bolig,TB,Tatt i bruk,10101,10101,10101,43.0,,,,,,,,,,
912874,1860,VESTVÅGØY,189592388,0,111.0,Enebolig,TB,Tatt i bruk,10101,10101,19750812,195.0,,,56487106.0,Strandveien,4024.0,12.0,,,8340.0,STAMSUND
912875,1860,VESTVÅGØY,189589700,0,181.0,Garasjeuthus anneks til bolig,BR,Bygning revet/brent,10101,10101,10101,0.0,,,,,,,,,,
912876,1860,VESTVÅGØY,189592361,0,181.0,Garasjeuthus anneks til bolig,TB,Tatt i bruk,10101,10101,19880415,19.0,,,,,,,,,,
912877,1860,VESTVÅGØY,189589697,0,161.0,Fritidsbygg(hyttersommerh. ol,TB,Tatt i bruk,10101,10101,10101,75.0,,,56488092.0,Eggumsveien,5013.0,843.0,,,8360.0,BØSTAD
912878,1860,VESTVÅGØY,189586892,0,181.0,Garasjeuthus anneks til bolig,TB,Tatt i bruk,10101,10101,10101,50.0,,,,,,,,,,
912879,1860,VESTVÅGØY,189592353,0,181.0,Garasjeuthus anneks til bolig,TB,Tatt i bruk,10101,10101,19720101,44.0,,,,,,,,,,
912880,1860,VESTVÅGØY,189589689,0,111.0,Enebolig,TB,Tatt i bruk,10101,10101,10101,159.0,,,56490822.0,Eggumsveien,5013.0,847.0,,,8360.0,BØSTAD
912881,1860,VESTVÅGØY,189586884,0,161.0,Fritidsbygg(hyttersommerh. ol,TB,Tatt i bruk,10101,10101,10101,75.0,,,56490763.0,Eggumsveien,5013.0,286.0,,,8360.0,BØSTAD
912882,1860,VESTVÅGØY,189592345,0,111.0,Enebolig,TB,Tatt i bruk,10101,10101,19750306,207.0,,,56487108.0,Strandveien,4024.0,14.0,,,8340.0,STAMSUND
912883,1860,VESTVÅGØY,189589670,0,181.0,Garasjeuthus anneks til bolig,TB,Tatt i bruk,10101,10101,10101,77.0,,,,,,,,,,
912884,1860,VESTVÅGØY,189586876,0,161.0,Fritidsbygg(hyttersommerh. ol,TB,Tatt i bruk,10101,10101,10101,117.0,,,56490762.0,Eggumsveien,5013.0,287.0,,,8360.0,BØSTAD
912885,1860,VESTVÅGØY,189592337,0,111.0,Enebolig,TB,Tatt i bruk,10101,10101,19780405,188.0,,,56487110.0,Strandveien,4024.0,17.0,,,8340.0,STAMSUND
912886,1860,VESTVÅGØY,189589662,0,111.0,Enebolig,TB,Tatt i bruk,10101,10101,10101,141.9,,,56490810.0,Eggumsveien,5013.0,838.0,,,8360.0,BØSTAD
912887,1860,VESTVÅGØY,189586868,0,183.0,Naust båthus sjøbu,TB,Tatt i bruk,10101,10101,10101,31.0,,,,,,,,,,
912888,1860,VESTVÅGØY,189592329,0,111.0,Enebolig,TB,Tatt i bruk,10101,10101,19751201,183.0,,,56487111.0,Strandveien,4024.0,19.0,,,8340.0,STAMSUND
912889,1860,VESTVÅGØY,189589654,0,111.0,Enebolig,TB,Tatt i bruk,10101,10101,10101,88.0,,,56490808.0,Eggumsveien,5013.0,836.0,,,8360.0,BØSTAD
912890,1860,VESTVÅGØY,189586841,0,181.0,Garasjeuthus anneks til bolig,BR,Bygning revet/brent,10101,10101,10101,23.0,,,,,,,,,,
912891,1860,VESTVÅGØY,189592310,0,111.0,Enebolig,TB,Tatt i bruk,10101,10101,19751215,216.0,,,56487061.0,Aspeveien,4012.0,1.0,,,8340.0,STAMSUND
912892,1860,VESTVÅGØY,189589646,0,181.0,Garasjeuthus anneks til bolig,TB,Tatt i bruk,10101,10101,10101,30.0,,,,,,,,,,
912893,1860,VESTVÅGØY,189586833,0,162.0,Helårsb.benyttes som fritidsb.,TB,Tatt i bruk,10101,10101,10101,138.0,,,56497194.0,Eggumsveien,5013.0,279.0,,,8360.0,BØSTAD
912894,1860,VESTVÅGØY,189592302,0,181.0,Garasjeuthus anneks til bolig,TB,Tatt i bruk,10101,10101,19800101,19.0,,,,,,,,,,
912895,1860,VESTVÅGØY,189589638,0,111.0,Enebolig,TB,Tatt i bruk,10101,10101,10101,102.0,,,56490806.0,Eggumsveien,5013.0,834.0,,,8360.0,BØSTAD
912896,1860,VESTVÅGØY,189586825,0,161.0,Fritidsbygg(hyttersommerh. ol,TB,Tatt i bruk,10101,10101,10101,40.0,,,56490764.0,Eggumsveien,5013.0,285.0,,,8360.0,BØSTAD
912897,1860,VESTVÅGØY,189592299,0,111.0,Enebolig,TB,Tatt i bruk,10101,10101,19650101,65.0,,,56487053.0,Svarholtveien,4011.0,6.0,,,8340.0,STAMSUND
912898,1860,VESTVÅGØY,189589611,0,111.0,Enebolig,TB,Tatt i bruk,10101,10101,10101,110.0,,,56490780.0,Eggumsveien,5013.0,832.0,,,8360.0,BØSTAD
912899,1860,VESTVÅGØY,189586817,0,241.0,Hus for dyr/landbr.lager/silo,BR,Bygning revet/brent,10101,10101,10101,103.0,,,,,,,,,,
912900,1860,VESTVÅGØY,189592280,0,111.0,Enebolig,TB,Tatt i bruk,10101,10101,19781204,198.2,,,56487052.0,Svarholtveien,4011.0,5.0,,,8340.0,STAMSUND
912901,1860,VESTVÅGØY,189589603,0,181.0,Garasjeuthus anneks til bolig,BR,Bygning revet/brent,10101,10101,10101,68.0,,,,,,,,,,
912902,1860,VESTVÅGØY,189586809,0,111.0,Enebolig,TB,Tatt i bruk,10101,10101,10101,153.0,,,56490310.0,Eggumsveien,5013.0,290.0,,,8360.0,BØSTAD
912903,1860,VESTVÅGØY,189592272,0,111.0,Enebolig,TB,Tatt i bruk,10101,10101,19771215,185.0,,,56487051.0,Svarholtveien,4011.0,3.0,,,8340.0,STAMSUND
912904,1860,VESTVÅGØY,189589581,0,181.0,Garasjeuthus anneks til bolig,BR,Bygning revet/brent,10101,10101,10101,0.0,,,,,,,,,,
912905,1860,VESTVÅGØY,189583699,0,181.0,Garasjeuthus anneks til bolig,TB,Tatt i bruk,10101,10101,10101,34.0,,,,,,,,,,
912906,1860,VESTVÅGØY,189586434,0,183.0,Naust båthus sjøbu,TB,Tatt i bruk,10101,10101,10101,40.0,,,,,,,,,,
912907,1860,VESTVÅGØY,189589239,0,162.0,Helårsb.benyttes som fritidsb.,TB,Tatt i bruk,10101,10101,10101,134.0,,,56490768.0,Eggumsveien,5013.0,790.0,,,8360.0,BØSTAD
912908,1860,VESTVÅGØY,189583680,0,181.0,Garasjeuthus anneks til bolig,TB,Tatt i bruk,10101,10101,10101,16.0,,,,,,,,,,
912909,1860,VESTVÅGØY,189586426,0,111.0,Enebolig,TB,Tatt i bruk,10101,10101,19450101,196.0,,,56490874.0,Borgvågveien,5014.0,340.0,,,8360.0,BØSTAD
912910,1860,VESTVÅGØY,189589220,0,111.0,Enebolig,TB,Tatt i bruk,10101,10101,10101,136.0,,,56490793.0,Eggumsveien,5013.0,780.0,,,8360.0,BØSTAD
912911,1860,VESTVÅGØY,189583672,0,181.0,Garasjeuthus anneks til bolig,TB,Tatt i bruk,10101,10101,10101,65.0,,,,,,,,,,
912912,1860,VESTVÅGØY,189586418,0,181.0,Garasjeuthus anneks til bolig,TB,Tatt i bruk,10101,10101,10101,30.0,,,,,,,,,,
912913,1860,VESTVÅGØY,189589212,0,181.0,Garasjeuthus anneks til bolig,GR,Bygning godkjent for riving/brenning,10101,10101,10101,55.0,,,,,,,,,,
912914,1860,VESTVÅGØY,189583664,0,181.0,Garasjeuthus anneks til bolig,TB,Tatt i bruk,10101,10101,10101,92.0,,,,,,,,,,
912915,1860,VESTVÅGØY,189589204,0,662.0,Samfunnshus grendehus,TB,Tatt i bruk,10101,10101,10101,166.0,,,56490753.0,Eggumsveien,5013.0,758.0,,,8360.0,BØSTAD
912916,1860,VESTVÅGØY,189583656,0,111.0,Enebolig,TB,Tatt i bruk,10101,10101,10101,66.0,,,56492897.0,Skjerpveien,8003.0,61.0,,,8360.0,BØSTAD
912917,1860,VESTVÅGØY,189586396,1,111.0,Enebolig,TB,Tatt i bruk,20070207,20070307,20070701,16.0,,,,,,,,,,
912918,1860,VESTVÅGØY,189589190,0,181.0,Garasjeuthus anneks til bolig,TB,Tatt i bruk,10101,10101,10101,52.0,,,,,,,,,,
912919,1860,VESTVÅGØY,189583648,0,111.0,Enebolig,TB,Tatt i bruk,10101,10101,19620101,152.0,,,56492898.0,Skjerpveien,8003.0,64.0,,,8360.0,BØSTAD
912920,1860,VESTVÅGØY,189586396,0,111.0,Enebolig,TB,Tatt i bruk,10101,10101,10101,119.0,,,56490852.0,Borgvågveien,5014.0,336.0,,,8360.0,BØSTAD
912921,1860,VESTVÅGØY,189589182,0,111.0,Enebolig,TB,Tatt i bruk,10101,10101,10101,98.0,,,56490767.0,Eggumsveien,5013.0,764.0,,,8360.0,BØSTAD
912922,1860,VESTVÅGØY,189586388,0,111.0,Enebolig,TB,Tatt i bruk,10101,10101,10101,76.0,,,56490851.0,Borgvågveien,5014.0,185.0,,,8360.0,BØSTAD
912923,1860,VESTVÅGØY,189589166,0,248.0,Annen fiskeri- og fangstbygn.,TB,Tatt i bruk,10101,10101,19080101,15.0,,,,,,,,,,
912924,1860,VESTVÅGØY,189583621,0,112.0,Enebolig m/hybel/sokkelleil.,TB,Tatt i bruk,19801215,19800115,19821222,248.0,,,56492894.0,Skjerpveien,8003.0,76.0,,,8360.0,BØSTAD
912925,1860,VESTVÅGØY,189586361,0,181.0,Garasjeuthus anneks til bolig,TB,Tatt i bruk,10101,10101,10101,64.0,,,,,,,,,,
912926,1860,VESTVÅGØY,189589158,0,219.0,Annen industribygning,BU,Bygningsnummer utgått,10101,10101,10101,0.0,,,,,,,,,,
912927,1860,VESTVÅGØY,189583613,0,111.0,Enebolig,TB,Tatt i bruk,10101,10101,10101,270.0,,,56492893.0,Skjerpveien,8003.0,72.0,,,8360.0,BØSTAD
912928,1860,VESTVÅGØY,189586353,0,181.0,Garasjeuthus anneks til bolig,TB,Tatt i bruk,10101,10101,10101,21.0,,,,,,,,,,
912929,1860,VESTVÅGØY,189589131,0,244.0,Driftsb. fiske/fangst/oppdr,TB,Tatt i bruk,10101,10101,10101,675.0,,,,,,,,,,
912930,1860,VESTVÅGØY,189583605,0,181.0,Garasjeuthus anneks til bolig,BR,Bygning revet/brent,10101,10101,10101,19.0,,,,,,,,,,
912931,1860,VESTVÅGØY,189586345,0,161.0,Fritidsbygg(hyttersommerh. ol,TB,Tatt i bruk,10101,10101,10101,70.0,,,,,,,,,,
912932,1860,VESTVÅGØY,189589123,0,182.0,Garasjeuth.anneks til fritidb,BR,Bygning revet/brent,10101,10101,10101,0.0,,,,,,,,,,
912933,1860,VESTVÅGØY,189583591,0,181.0,Garasjeuthus anneks til bolig,TB,Tatt i bruk,10101,10101,10101,101.0,,,,,,,,,,
912934,1860,VESTVÅGØY,189586337,0,161.0,Fritidsbygg(hyttersommerh. ol,TB,Tatt i bruk,10101,10101,10101,37.0,,,,,,,,,,
912935,1860,VESTVÅGØY,189589115,0,181.0,Garasjeuthus anneks til bolig,TB,Tatt i bruk,10101,10101,19000101,39.0,,,,,,,,,,
912936,1860,VESTVÅGØY,189583583,0,161.0,Fritidsbygg(hyttersommerh. ol,BR,Bygning revet/brent,10101,10101,10101,0.0,,,,,,,,,,
912937,1860,VESTVÅGØY,189586329,0,161.0,Fritidsbygg(hyttersommerh. ol,TB,Tatt i bruk,10101,10101,10101,64.0,,,56495025.0,,,,,0.0,8360.0,BØSTAD
912938,1860,VESTVÅGØY,189589107,0,113.0,Våningshus,TB,Tatt i bruk,10101,10101,19000101,81.0,,,6376257332.0,,,,,0.0,8360.0,BØSTAD
912939,1860,VESTVÅGØY,189583575,0,161.0,Fritidsbygg(hyttersommerh. ol,TB,Tatt i bruk,10101,10101,10101,41.0,,,6375054020.0,Skjerpveien,8003.0,63.0,,,8360.0,BØSTAD
912940,1860,VESTVÅGØY,189586310,0,182.0,Garasjeuth.anneks til fritidb,TB,Tatt i bruk,10101,10101,10101,22.0,,,56483912.0,,,,,0.0,8360.0,BØSTAD
912941,1860,VESTVÅGØY,189589093,0,113.0,Våningshus,TB,Tatt i bruk,10101,10101,19000101,62.0,,,6376257333.0,,,,,1.0,8360.0,BØSTAD
912942,1860,VESTVÅGØY,189583567,0,111.0,Enebolig,TB,Tatt i bruk,10101,10101,10101,95.0,,,56492882.0,Skjerpveien,8003.0,49.0,,,8360.0,BØSTAD
912943,1860,VESTVÅGØY,189586302,0,161.0,Fritidsbygg(hyttersommerh. ol,BR,Bygning revet/brent,10101,10101,10101,0.0,,,56497643.0,Eggumsveien,5013.0,492.0,,,8360.0,BØSTAD
912944,1860,VESTVÅGØY,189589085,0,183.0,Naust båthus sjøbu,TB,Tatt i bruk,10101,10101,19000101,67.0,,,,,,,,,,
912945,1860,VESTVÅGØY,189586299,0,161.0,Fritidsbygg(hyttersommerh. ol,TB,Tatt i bruk,10101,10101,19350101,87.0,,,56490756.0,Eggumsveien,5013.0,490.0,,,8360.0,BØSTAD
912946,1860,VESTVÅGØY,189583559,1,181.0,Garasjeuthus anneks til bolig,FA,Ferdigattest,20070605,20070705,20071001,37.0,,,,,,,,,,
912947,1860,VESTVÅGØY,189589077,0,181.0,Garasjeuthus anneks til bolig,TB,Tatt i bruk,10101,10101,10101,38.0,,,,,,,,,,
912948,1860,VESTVÅGØY,189586280,0,183.0,Naust båthus sjøbu,BR,Bygning revet/brent,10101,10101,10101,0.0,,,,,,,,,,
912949,1860,VESTVÅGØY,189583559,0,181.0,Garasjeuthus anneks til bolig,TB,Tatt i bruk,10101,10101,10101,110.0,,,,,,,,,,
912950,1860,VESTVÅGØY,189589069,0,322.0,Butikk/forretningsbygning,TB,Tatt i bruk,10101,10101,10101,394.0,,,56490867.0,Borgvågveien,5014.0,3.0,,,8360.0,BØSTAD
912951,1860,VESTVÅGØY,189586604,0,161.0,Fritidsbygg(hyttersommerh. ol,TB,Tatt i bruk,10101,10101,10101,116.0,,,56496481.0,Indre Steinfjordvei,8008.0,137.0,,,8360.0,BØSTAD
912952,1860,VESTVÅGØY,189589417,0,662.0,Samfunnshus grendehus,TB,Tatt i bruk,10101,10101,10101,76.0,,,,,,,,,,
912953,1860,VESTVÅGØY,189586590,0,181.0,Garasjeuthus anneks til bolig,BR,Bygning revet/brent,10101,10101,10101,0.0,,,,,,,,,,
912954,1860,VESTVÅGØY,189589409,0,111.0,Enebolig,TB,Tatt i bruk,10101,10101,19721031,165.0,,,56490796.0,Eggumsveien,5013.0,810.0,A,,8360.0,BØSTAD
912955,1860,VESTVÅGØY,189586582,0,111.0,Enebolig,TB,Tatt i bruk,10101,10101,19170101,379.0,,,56499438.0,Borgvågveien,5014.0,430.0,,,8360.0,BØSTAD
912956,1860,VESTVÅGØY,189589395,0,111.0,Enebolig,TB,Tatt i bruk,10101,10101,10101,159.0,,,56490797.0,Eggumsveien,5013.0,812.0,,,8360.0,BØSTAD
912957,1860,VESTVÅGØY,189586574,0,181.0,Garasjeuthus anneks til bolig,BR,Bygning revet/brent,10101,10101,10101,0.0,,,,,,,,,,
912958,1860,VESTVÅGØY,189589387,0,111.0,Enebolig,TB,Tatt i bruk,10101,10101,10101,121.0,,,56490776.0,Eggumsveien,5013.0,821.0,,,8360.0,BØSTAD
912959,1860,VESTVÅGØY,189586566,0,161.0,Fritidsbygg(hyttersommerh. ol,TB,Tatt i bruk,10101,10101,10101,218.0,,,6405601233.0,Borgvågveien,5014.0,427.0,,,8360.0,BØSTAD
912960,1860,VESTVÅGØY,189589379,0,111.0,Enebolig,TB,Tatt i bruk,10101,10101,10101,199.0,,,56490800.0,Eggumsveien,5013.0,819.0,,,8360.0,BØSTAD
912961,1860,VESTVÅGØY,189586558,0,171.0,Seterhus sel rorbu o.l.,TB,Tatt i bruk,10101,10101,10101,49.0,,,,,,,,,,
912962,1860,VESTVÅGØY,189589360,0,181.0,Garasjeuthus anneks til bolig,TB,Tatt i bruk,10101,10101,10101,68.0,,,,,,,,,,
912963,1860,VESTVÅGØY,189586531,0,219.0,Annen industribygning,TB,Tatt i bruk,10101,10101,10101,137.0,,,,,,,,,,
912964,1860,VESTVÅGØY,189589352,0,181.0,Garasjeuthus anneks til bolig,BR,Bygning revet/brent,10101,10101,19490101,40.0,,,,,,,,,,
912965,1860,VESTVÅGØY,189586523,0,171.0,Seterhus sel rorbu o.l.,BR,Bygning revet/brent,10101,10101,19450101,59.0,,,,,,,,,,
912966,1860,VESTVÅGØY,189589344,0,111.0,Enebolig,TB,Tatt i bruk,10101,10101,19490101,188.8,,,56490773.0,Eggumsveien,5013.0,809.0,,,8360.0,BØSTAD
912967,1860,VESTVÅGØY,189586515,0,161.0,Fritidsbygg(hyttersommerh. ol,TB,Tatt i bruk,10101,10101,10101,29.0,,,56497712.0,Borgvågveien,5014.0,417.0,,,8360.0,BØSTAD
912968,1860,VESTVÅGØY,189589336,0,111.0,Enebolig,TB,Tatt i bruk,10101,10101,10101,88.0,,,56490772.0,Eggumsveien,5013.0,803.0,,,8360.0,BØSTAD
912969,1860,VESTVÅGØY,189586507,0,181.0,Garasjeuthus anneks til bolig,TB,Tatt i bruk,10101,10101,10101,21.0,,,,,,,,,,
912970,1860,VESTVÅGØY,189589328,0,181.0,Garasjeuthus anneks til bolig,TB,Tatt i bruk,10101,10101,10101,57.0,,,,,,,,,,
912971,1860,VESTVÅGØY,189586493,0,161.0,Fritidsbygg(hyttersommerh. ol,TB,Tatt i bruk,10101,10101,10101,124.0,,,56497713.0,Borgvågveien,5014.0,415.0,,,8360.0,BØSTAD
912972,1860,VESTVÅGØY,189589301,0,111.0,Enebolig,TB,Tatt i bruk,10101,10101,10101,116.0,,,56490771.0,Eggumsveien,5013.0,800.0,,,8360.0,BØSTAD
912973,1860,VESTVÅGØY,189586485,0,181.0,Garasjeuthus anneks til bolig,TB,Tatt i bruk,10101,10101,10101,31.0,,,,,,,,,,
912974,1860,VESTVÅGØY,189589298,0,181.0,Garasjeuthus anneks til bolig,TB,Tatt i bruk,10101,10101,10101,38.0,,,,,,,,,,
912975,1860,VESTVÅGØY,189586477,0,161.0,Fritidsbygg(hyttersommerh. ol,TB,Tatt i bruk,10101,10101,10101,73.0,,,183391093.0,Borgvågveien,5014.0,402.0,,,8360.0,BØSTAD
912976,1860,VESTVÅGØY,189589271,0,181.0,Garasjeuthus anneks til bolig,TB,Tatt i bruk,10101,10101,10101,41.0,,,,,,,,,,
912977,1860,VESTVÅGØY,189586469,0,181.0,Garasjeuthus anneks til bolig,TB,Tatt i bruk,10101,10101,19300101,17.0,,,,,,,,,,
912978,1860,VESTVÅGØY,189589263,0,162.0,Helårsb.benyttes som fritidsb.,TB,Tatt i bruk,10101,10101,10101,91.0,,,56490770.0,Eggumsveien,5013.0,798.0,,,8360.0,BØSTAD
912979,1860,VESTVÅGØY,189583710,0,111.0,Enebolig,TB,Tatt i bruk,19760304,19760404,19771114,157.0,,,56492884.0,Skjerpveien,8003.0,55.0,,,8360.0,BØSTAD
912980,1860,VESTVÅGØY,189586450,0,161.0,Fritidsbygg(hyttersommerh. ol,TB,Tatt i bruk,10101,10101,19300101,77.0,,,56490853.0,Borgvågveien,5014.0,407.0,,,8360.0,BØSTAD
912981,1860,VESTVÅGØY,189589255,0,111.0,Enebolig,TB,Tatt i bruk,10101,10101,10101,147.0,,,56490795.0,Eggumsveien,5013.0,796.0,,,8360.0,BØSTAD
912982,1860,VESTVÅGØY,189583702,0,181.0,Garasjeuthus anneks til bolig,TB,Tatt i bruk,10101,10101,10101,36.0,,,,,,,,,,
912983,1860,VESTVÅGØY,189586442,0,239.0,Annen lagerbygning,TB,Tatt i bruk,10101,10101,10101,516.0,,,,,,,,,,
912984,1860,VESTVÅGØY,189589247,0,111.0,Enebolig,TB,Tatt i bruk,10101,10101,10101,73.0,,,56490769.0,Eggumsveien,5013.0,794.0,,,8360.0,BØSTAD
912985,1860,VESTVÅGØY,189582943,0,249.0,Annen landbruksbygning,TB,Tatt i bruk,10101,10101,10101,132.0,,,,,,,,,,
912986,1860,VESTVÅGØY,189582935,0,111.0,Enebolig,TB,Tatt i bruk,19960321,19960421,19980609,54.0,,,56496500.0,Prestegårdsveien,5009.0,90.0,,,8360.0,BØSTAD
912987,1860,VESTVÅGØY,189582927,0,241.0,Hus for dyr/landbr.lager/silo,TB,Tatt i bruk,10101,10101,10101,303.0,,,,,,,,,,
912988,1860,VESTVÅGØY,189582919,0,111.0,Enebolig,TB,Tatt i bruk,10101,10101,10101,158.0,,,56490027.0,Prestegårdsveien,5009.0,89.0,,,8360.0,BØSTAD
912989,1860,VESTVÅGØY,189582900,0,111.0,Enebolig,BR,Bygning revet/brent,10101,10101,10101,0.0,,,56490024.0,Prestegårdsveien,5009.0,22.0,,,8360.0,BØSTAD
912990,1860,VESTVÅGØY,189582897,0,181.0,Garasjeuthus anneks til bolig,BR,Bygning revet/brent,10101,10101,10101,0.0,,,,,,,,,,
912991,1860,VESTVÅGØY,189582889,0,241.0,Hus for dyr/landbr.lager/silo,BR,Bygning revet/brent,10101,10101,19200101,69.0,,,,,,,,,,
912992,1860,VESTVÅGØY,189582870,0,181.0,Garasjeuthus anneks til bolig,TB,Tatt i bruk,10101,10101,19600101,20.0,,,,,,,,,,
912993,1860,VESTVÅGØY,189582862,0,111.0,Enebolig,TB,Tatt i bruk,10101,10101,19200101,164.0,,,56490025.0,Prestegårdsveien,5009.0,25.0,,,8360.0,BØSTAD
912994,1860,VESTVÅGØY,189582854,0,181.0,Garasjeuthus anneks til bolig,TB,Tatt i bruk,10101,10101,10101,30.0,,,,,,,,,,
912995,1860,VESTVÅGØY,189582846,0,181.0,Garasjeuthus anneks til bolig,TB,Tatt i bruk,10101,10101,19710318,18.0,,,,,,,,,,
912996,1860,VESTVÅGØY,189582838,0,181.0,Garasjeuthus anneks til bolig,TB,Tatt i bruk,10101,10101,10101,66.0,,,,,,,,,,
912997,1860,VESTVÅGØY,189582811,0,111.0,Enebolig,TB,Tatt i bruk,10101,10101,10101,116.0,,,56490230.0,Pollveien,5010.0,49.0,,,8360.0,BØSTAD
912998,1860,VESTVÅGØY,189582803,0,111.0,Enebolig,TB,Tatt i bruk,10101,10101,10101,102.0,,,56490229.0,Pollveien,5010.0,67.0,,,8360.0,BØSTAD
912999,1860,VESTVÅGØY,189582781,0,181.0,Garasjeuthus anneks til bolig,TB,Tatt i bruk,10101,10101,10101,24.0,,,,,,,,,,
913000,1860,VESTVÅGØY,189599633,0,181.0,Garasjeuthus anneks til bolig,TB,Tatt i bruk,10101,10101,10101,63.0,,,,,,,,,,
913001,1860,VESTVÅGØY,189599625,0,181.0,Garasjeuthus anneks til bolig,BR,Bygning revet/brent,10101,10101,10101,0.0,,,,,,,,,,
913002,1860,VESTVÅGØY,189599617,0,113.0,Våningshus,TB,Tatt i bruk,10101,10101,19500101,203.0,,,56491624.0,Valbergsveien,7007.0,1465.0,,,8357.0,VALBERG
913003,1860,VESTVÅGØY,189599609,0,181.0,Garasjeuthus anneks til bolig,TB,Tatt i bruk,10101,10101,10101,51.0,,,,,,,,,,
913004,1860,VESTVÅGØY,189599595,0,613.0,Barneskole,TB,Tatt i bruk,10101,10101,10101,760.0,,,56491561.0,Torvhaugveien,7003.0,2.0,,,8357.0,VALBERG
913005,1860,VESTVÅGØY,189599587,0,613.0,Barneskole,TB,Tatt i bruk,10101,10101,10101,207.0,,,56491561.0,Torvhaugveien,7003.0,2.0,,,8357.0,VALBERG
913006,1860,VESTVÅGØY,189599579,0,322.0,Butikk/forretningsbygning,TB,Tatt i bruk,19690210,19690310,19701012,108.0,,,56495032.0,Valbergsveien,7007.0,1410.0,,,8357.0,VALBERG
913007,1860,VESTVÅGØY,189599560,0,111.0,Enebolig,TB,Tatt i bruk,10101,10101,18900101,79.0,,,56491620.0,Valbergsveien,7007.0,1404.0,,,8357.0,VALBERG
913008,1860,VESTVÅGØY,189599552,0,181.0,Garasjeuthus anneks til bolig,TB,Tatt i bruk,10101,10101,10101,71.0,,,,,,,,,,
913009,1860,VESTVÅGØY,189599757,0,111.0,Enebolig,TB,Tatt i bruk,10101,10101,10101,108.0,,,56491629.0,Valbergsveien,7007.0,1502.0,,,8357.0,VALBERG
913010,1860,VESTVÅGØY,189599749,0,111.0,Enebolig,TB,Tatt i bruk,10101,10101,19500101,124.0,,,56491627.0,Valbergsveien,7007.0,1486.0,,,8357.0,VALBERG
913011,1860,VESTVÅGØY,189599730,0,111.0,Enebolig,TB,Tatt i bruk,10101,10101,19510101,116.0,,,56491628.0,Valbergsveien,7007.0,1488.0,,,8357.0,VALBERG
913012,1860,VESTVÅGØY,189599722,0,181.0,Garasjeuthus anneks til bolig,TB,Tatt i bruk,10101,10101,19590101,29.0,,,,,,,,,,
913013,1860,VESTVÅGØY,189599714,0,181.0,Garasjeuthus anneks til bolig,TB,Tatt i bruk,19850109,19850209,19871210,40.0,,,,,,,,,,
913014,1860,VESTVÅGØY,189599706,0,111.0,Enebolig,TB,Tatt i bruk,10101,10101,19900101,200.0,,,56491626.0,Valbergsveien,7007.0,1481.0,,,8357.0,VALBERG
913015,1860,VESTVÅGØY,189599692,1,111.0,Enebolig,TB,Tatt i bruk,19770414,19770514,19780101,33.0,,,,,,,,,,
913016,1860,VESTVÅGØY,189599692,0,111.0,Enebolig,TB,Tatt i bruk,19671208,19680108,19690623,144.0,,,56491625.0,Valbergsveien,7007.0,1466.0,,,8357.0,VALBERG
913017,1860,VESTVÅGØY,189599684,0,111.0,Enebolig,TB,Tatt i bruk,10101,10101,19300101,72.0,,,56491623.0,Valbergsveien,7007.0,1460.0,,,8357.0,VALBERG
913018,1860,VESTVÅGØY,189599676,0,181.0,Garasjeuthus anneks til bolig,TB,Tatt i bruk,19761204,19761205,19770101,14.0,,,,,,,,,,
913019,1860,VESTVÅGØY,189599668,0,181.0,Garasjeuthus anneks til bolig,TB,Tatt i bruk,10101,10101,10101,18.0,,,,,,,,,,
913020,1860,VESTVÅGØY,189599641,0,181.0,Garasjeuthus anneks til bolig,TB,Tatt i bruk,10101,10101,10101,54.0,,,,,,,,,,
913021,1860,VESTVÅGØY,189594542,0,121.0,"Tomannsbolig, vertikaldelt",TB,Tatt i bruk,10101,10101,19650101,145.0,,,56487034.0,Vestfjordgata,4008.0,23.0,,,8340.0,STAMSUND
913022,1860,VESTVÅGØY,189600275,0,181.0,Garasjeuthus anneks til bolig,TB,Tatt i bruk,10101,10101,19530101,84.0,,,,,,,,,,
913023,1860,VESTVÅGØY,189602960,0,524.0,Camping/utleiehytte,TB,Tatt i bruk,19920327,19920427,19920504,24.0,,,,,,,,,,
913024,1860,VESTVÅGØY,189600267,0,182.0,Garasjeuth.anneks til fritidb,TB,Tatt i bruk,10101,10101,10101,82.0,,,,,,,,,,
913025,1860,VESTVÅGØY,189600259,0,161.0,Fritidsbygg(hyttersommerh. ol,TB,Tatt i bruk,10101,10101,10101,65.0,,,56494995.0,,,,,0.0,8360.0,BØSTAD
913026,1860,VESTVÅGØY,189594526,3,662.0,Samfunnshus grendehus,TB,Tatt i bruk,20020403,20020601,20021125,407.0,,,56487037.0,Vestfjordgata,4008.0,29.0,,,8340.0,STAMSUND
913027,1860,VESTVÅGØY,189602952,0,524.0,Camping/utleiehytte,TB,Tatt i bruk,19920327,19920427,19920504,24.0,,,,,,,,,,
913028,1860,VESTVÅGØY,189600240,0,181.0,Garasjeuthus anneks til bolig,TB,Tatt i bruk,10101,10101,10101,16.0,,,,,,,,,,
913029,1860,VESTVÅGØY,189600232,0,241.0,Hus for dyr/landbr.lager/silo,TB,Tatt i bruk,10101,10101,10101,83.0,,,,,,,,,,
913030,1860,VESTVÅGØY,189594526,2,662.0,Samfunnshus grendehus,TB,Tatt i bruk,19900108,19900208,19900423,108.0,,,56487036.0,Vestfjordgata,4008.0,27.0,,,8340.0,STAMSUND
913031,1860,VESTVÅGØY,189602944,0,524.0,Camping/utleiehytte,TB,Tatt i bruk,19920327,19920427,19920504,24.0,,,,,,,,,,
913032,1860,VESTVÅGØY,189600224,0,111.0,Enebolig,TB,Tatt i bruk,10101,10101,19500101,142.0,,,56490854.0,Lauvdalen,5015.0,156.0,,,8360.0,BØSTAD
913033,1860,VESTVÅGØY,189594526,1,662.0,Samfunnshus grendehus,TB,Tatt i bruk,10101,10101,10101,105.0,,,56487037.0,Vestfjordgata,4008.0,29.0,,,8340.0,STAMSUND
913034,1860,VESTVÅGØY,189602936,0,524.0,Camping/utleiehytte,TB,Tatt i bruk,10101,10101,10101,19.0,,,,,,,,,,
913035,1860,VESTVÅGØY,189600216,0,181.0,Garasjeuthus anneks til bolig,TB,Tatt i bruk,10101,10101,19500101,53.0,,,,,,,,,,
913036,1860,VESTVÅGØY,189594526,0,662.0,Samfunnshus grendehus,TB,Tatt i bruk,10101,10101,19550101,391.0,,,56487037.0,Vestfjordgata,4008.0,29.0,,,8340.0,STAMSUND
913037,1860,VESTVÅGØY,189600208,0,162.0,Helårsb.benyttes som fritidsb.,TB,Tatt i bruk,10101,10101,19490101,103.0,,,56490855.0,Lauvdalen,5015.0,169.0,,,8360.0,BØSTAD
913038,1860,VESTVÅGØY,189594518,0,131.0,Rekkehus,TB,Tatt i bruk,10101,10101,19780825,147.0,,,56487039.0,Vestfjordgata,4008.0,31.0,,,8340.0,STAMSUND
913039,1860,VESTVÅGØY,189602928,1,322.0,Butikk/forretningsbygning,TB,Tatt i bruk,19780706,19780806,19810728,12.0,,,,,,,,,,
913040,1860,VESTVÅGØY,189600194,0,181.0,Garasjeuthus anneks til bolig,TB,Tatt i bruk,10101,10101,10101,18.0,,,,,,,,,,
913041,1860,VESTVÅGØY,189594496,0,111.0,Enebolig,TB,Tatt i bruk,10101,10101,19550101,184.0,,,56487080.0,Justadbakken,4017.0,16.0,,,8340.0,STAMSUND
913042,1860,VESTVÅGØY,189602928,0,322.0,Butikk/forretningsbygning,TB,Tatt i bruk,10101,10101,10101,231.0,,,56493112.0,Knutstadveien,8103.0,342.0,,,8360.0,BØSTAD
913043,1860,VESTVÅGØY,189600186,0,241.0,Hus for dyr/landbr.lager/silo,TB,Tatt i bruk,10101,10101,10101,505.0,,,,,,,,,,
913044,1860,VESTVÅGØY,189602901,0,181.0,Garasjeuthus anneks til bolig,TB,Tatt i bruk,10101,10101,10101,56.0,,,,,,,,,,
913045,1860,VESTVÅGØY,189594488,1,111.0,Enebolig,TB,Tatt i bruk,19990312,19990401,19991201,19.0,,,,,,,,,,
913046,1860,VESTVÅGØY,189602898,0,181.0,Garasjeuthus anneks til bolig,TB,Tatt i bruk,10101,10101,10101,55.0,,,,,,,,,,
913047,1860,VESTVÅGØY,189600178,0,111.0,Enebolig,TB,Tatt i bruk,19810605,19810705,19830526,157.0,,,56490875.0,Lauvdalen,5015.0,186.0,,,8360.0,BØSTAD
913048,1860,VESTVÅGØY,189594488,0,111.0,Enebolig,TB,Tatt i bruk,10101,10101,10101,161.3,,,56487007.0,Åsryggen,4007.0,13.0,,,8340.0,STAMSUND
913049,1860,VESTVÅGØY,189602871,0,241.0,Hus for dyr/landbr.lager/silo,TB,Tatt i bruk,10101,10101,10101,97.0,,,,,,,,,,
913050,1860,VESTVÅGØY,189600151,0,241.0,Hus for dyr/landbr.lager/silo,TB,Tatt i bruk,10101,10101,10101,66.0,,,,,,,,,,
913051,1860,VESTVÅGØY,189594461,0,111.0,Enebolig,TB,Tatt i bruk,10101,10101,19620101,142.0,,,56487009.0,Åsryggen,4007.0,15.0,,,8340.0,STAMSUND
913052,1860,VESTVÅGØY,189602863,0,111.0,Enebolig,TB,Tatt i bruk,10101,10101,19500101,180.0,,,56493081.0,Knutstadveien,8103.0,333.0,,,8360.0,BØSTAD
913053,1860,VESTVÅGØY,189600143,0,111.0,Enebolig,TB,Tatt i bruk,10101,10101,19500101,121.0,,,56490857.0,Lauvdalen,5015.0,184.0,,,8360.0,BØSTAD
913054,1860,VESTVÅGØY,189594453,0,111.0,Enebolig,TB,Tatt i bruk,10101,10101,10101,265.0,,,56497134.0,Justadbakken,4017.0,14.0,,,8340.0,STAMSUND
913055,1860,VESTVÅGØY,189602855,0,111.0,Enebolig,TB,Tatt i bruk,10101,10101,19500101,75.0,,,56493113.0,Knutstadveien,8103.0,349.0,,,8360.0,BØSTAD
913056,1860,VESTVÅGØY,189600135,0,161.0,Fritidsbygg(hyttersommerh. ol,TB,Tatt i bruk,10101,10101,10101,38.0,,,56490856.0,Lauvdalen,5015.0,182.0,,,8360.0,BØSTAD
913057,1860,VESTVÅGØY,189594437,0,181.0,Garasjeuthus anneks til bolig,TB,Tatt i bruk,10101,10101,19770101,19.0,,,,,,,,,,
913058,1860,VESTVÅGØY,189602847,0,111.0,Enebolig,TB,Tatt i bruk,10101,10101,19570101,162.0,,,56493110.0,Knutstadveien,8103.0,254.0,,,8360.0,BØSTAD
913059,1860,VESTVÅGØY,189600127,0,112.0,Enebolig m/hybel/sokkelleil.,TB,Tatt i bruk,10101,10101,10101,175.0,,,56490858.0,Lauvdalen,5015.0,199.0,,,8360.0,BØSTAD
913060,1860,VESTVÅGØY,189594682,0,111.0,Enebolig,TB,Tatt i bruk,10101,10101,19500101,153.0,,,56497135.0,Aspeveien,4012.0,11.0,,,8340.0,STAMSUND
913061,1860,VESTVÅGØY,189603088,0,249.0,Annen landbruksbygning,TB,Tatt i bruk,10101,10101,10101,30.0,,,,,,,,,,
913062,1860,VESTVÅGØY,189600445,0,111.0,Enebolig,TB,Tatt i bruk,10101,10101,19460101,142.0,,,56490242.0,Pollveien,5010.0,574.0,,,8360.0,BØSTAD
913063,1860,VESTVÅGØY,189594674,0,111.0,Enebolig,TB,Tatt i bruk,10101,10101,19630101,180.0,,,56487068.0,Aspeveien,4012.0,16.0,,,8340.0,STAMSUND
913064,1860,VESTVÅGØY,189600437,0,249.0,Annen landbruksbygning,TB,Tatt i bruk,10101,10101,19470101,17.0,,,,,,,,,,
913065,1860,VESTVÅGØY,189594658,0,181.0,Garasjeuthus anneks til bolig,TB,Tatt i bruk,10101,10101,10101,60.0,,,,,,,,,,
913066,1860,VESTVÅGØY,189603061,1,241.0,Hus for dyr/landbr.lager/silo,TB,Tatt i bruk,20001002,20001015,20010315,20.0,,,,,,,,,,
913067,1860,VESTVÅGØY,189600429,0,161.0,Fritidsbygg(hyttersommerh. ol,TB,Tatt i bruk,10101,10101,10101,27.0,,,56490879.0,Li,5016.0,20.0,A,,8360.0,BØSTAD
913068,1860,VESTVÅGØY,189603061,0,241.0,Hus for dyr/landbr.lager/silo,TB,Tatt i bruk,10101,10101,10101,186.0,,,,,,,,,,
913069,1860,VESTVÅGØY,189600410,0,181.0,Garasjeuthus anneks til bolig,TB,Tatt i bruk,10101,10101,10101,61.0,,,,,,,,,,
913070,1860,VESTVÅGØY,189594631,1,111.0,Enebolig,TB,Tatt i bruk,20060524,20060624,20070101,25.0,,,,,,,,,,
913071,1860,VESTVÅGØY,189603053,0,219.0,Annen industribygning,TB,Tatt i bruk,10101,10101,10101,180.0,,,56493589.0,Knutstadveien,8103.0,371.0,,,8360.0,BØSTAD
913072,1860,VESTVÅGØY,189600402,0,111.0,Enebolig,BR,Bygning revet/brent,10101,10101,10101,120.0,,,,,,,,,,
913073,1860,VESTVÅGØY,189594631,0,111.0,Enebolig,TB,Tatt i bruk,10101,10101,19250101,69.0,,,56486993.0,Nygata,4006.0,5.0,,,8340.0,STAMSUND
913074,1860,VESTVÅGØY,189603045,1,672.0,Bedehus menighetshus,TB,Tatt i bruk,10101,10101,19900222,14.0,,,,,,,,,,
913075,1860,VESTVÅGØY,189600399,0,241.0,Hus for dyr/landbr.lager/silo,TB,Tatt i bruk,10101,10101,19350101,127.0,,,,,,,,,,
913076,1860,VESTVÅGØY,189594623,0,111.0,Enebolig,TB,Tatt i bruk,10101,10101,19831213,190.0,,,56487087.0,Rishaugveien,4018.0,7.0,,,8340.0,STAMSUND
913077,1860,VESTVÅGØY,189603045,0,672.0,Bedehus menighetshus,TB,Tatt i bruk,10101,10101,19900101,144.0,,,56493590.0,Knutstadveien,8103.0,381.0,,,8360.0,BØSTAD
913078,1860,VESTVÅGØY,189594615,0,111.0,Enebolig,TB,Tatt i bruk,10101,10101,10101,223.0,,,,,,,,,,
913079,1860,VESTVÅGØY,189603029,0,181.0,Garasjeuthus anneks til bolig,BR,Bygning revet/brent,10101,10101,10101,0.0,,,,,,,,,,
913080,1860,VESTVÅGØY,189600372,0,111.0,Enebolig,TB,Tatt i bruk,10101,10101,10101,83.0,,,56496399.0,Li,5016.0,32.0,,,8360.0,BØSTAD
913081,1860,VESTVÅGØY,189594607,0,111.0,Enebolig,TB,Tatt i bruk,10101,10101,19500101,149.0,,,56487565.0,J.M.Johansens vei,4040.0,236.0,,,8340.0,STAMSUND
913082,1860,VESTVÅGØY,189603010,0,241.0,Hus for dyr/landbr.lager/silo,TB,Tatt i bruk,10101,10101,10101,103.0,,,,,,,,,,
913083,1860,VESTVÅGØY,189600364,0,241.0,Hus for dyr/landbr.lager/silo,TB,Tatt i bruk,10101,10101,10101,150.0,,,,,,,,,,
913084,1860,VESTVÅGØY,189594593,0,111.0,Enebolig,TB,Tatt i bruk,10101,10101,10101,234.0,,,56488076.0,J.M.Johansens vei,4040.0,232.0,,,8340.0,STAMSUND
913085,1860,VESTVÅGØY,189603002,0,181.0,Garasjeuthus anneks til bolig,TB,Tatt i bruk,10101,10101,10101,80.0,,,,,,,,,,
913086,1860,VESTVÅGØY,189600356,0,181.0,Garasjeuthus anneks til bolig,TB,Tatt i bruk,10101,10101,10101,22.0,,,,,,,,,,
913087,1860,VESTVÅGØY,189594585,0,181.0,Garasjeuthus anneks til bolig,TB,Tatt i bruk,10101,10101,10101,53.0,,,,,,,,,,
913088,1860,VESTVÅGØY,189602995,0,111.0,Enebolig,TB,Tatt i bruk,10101,10101,19540101,96.0,,,56493116.0,Knutstadveien,8103.0,395.0,,,8360.0,BØSTAD
913089,1860,VESTVÅGØY,189600348,0,111.0,Enebolig,TB,Tatt i bruk,10101,10101,10101,93.0,,,56490903.0,Li,5016.0,44.0,,,8360.0,BØSTAD
913090,1860,VESTVÅGØY,189594577,0,111.0,Enebolig,TB,Tatt i bruk,10101,10101,19570101,198.0,,,56486992.0,Nygata,4006.0,3.0,,,8340.0,STAMSUND
913091,1860,VESTVÅGØY,189600321,0,111.0,Enebolig,TB,Tatt i bruk,10101,10101,19900101,108.0,,,56490904.0,Li,5016.0,52.0,,,8360.0,BØSTAD
913092,1860,VESTVÅGØY,189594569,0,111.0,Enebolig,TB,Tatt i bruk,10101,10101,19570101,140.0,,,56495120.0,Nygata,4006.0,1.0,,,8340.0,STAMSUND
913093,1860,VESTVÅGØY,189602987,1,531.0,Restaurantbygning kafebygning,TB,Tatt i bruk,20070613,20070713,20071220,55.0,,,,,,,,,,
913094,1860,VESTVÅGØY,189600313,0,111.0,Enebolig,TB,Tatt i bruk,10101,10101,19810101,209.0,,,56490880.0,Li,5016.0,70.0,,,8360.0,BØSTAD
913095,1860,VESTVÅGØY,189600305,0,181.0,Garasjeuthus anneks til bolig,TB,Tatt i bruk,10101,10101,19500101,40.0,,,,,,,,,,
913096,1860,VESTVÅGØY,189594550,1,181.0,Garasjeuthus anneks til bolig,TB,Tatt i bruk,20040420,20040515,20041001,42.0,,,,,,,,,,
913097,1860,VESTVÅGØY,189602987,0,531.0,Restaurantbygning kafebygning,TB,Tatt i bruk,19910906,19911006,19920807,404.0,,,56493579.0,Alstad,8106.0,1.0,,,8360.0,BØSTAD
913098,1860,VESTVÅGØY,189600291,0,161.0,Fritidsbygg(hyttersommerh. ol,TB,Tatt i bruk,10101,10101,18970101,100.0,,,56490902.0,Li,5016.0,76.0,,,8360.0,BØSTAD
913099,1860,VESTVÅGØY,189594550,0,181.0,Garasjeuthus anneks til bolig,TB,Tatt i bruk,10101,10101,19680101,77.0,,,,,,,,,,
913100,1860,VESTVÅGØY,189602979,0,524.0,Camping/utleiehytte,BU,Bygningsnummer utgått,10101,10101,10101,0.0,,,,,,,,,,
913101,1860,VESTVÅGØY,189600283,0,181.0,Garasjeuthus anneks til bolig,TB,Tatt i bruk,10101,10101,19600101,28.0,,,,,,,,,,
913102,1860,VESTVÅGØY,189599935,0,161.0,Fritidsbygg(hyttersommerh. ol,TB,Tatt i bruk,10101,10101,19500101,82.0,,,56491603.0,Valbergsveien,7007.0,565.0,,,8357.0,VALBERG
913103,1860,VESTVÅGØY,189599927,0,182.0,Garasjeuth.anneks til fritidb,TB,Tatt i bruk,10101,10101,10101,15.0,,,,,,,,,,
913104,1860,VESTVÅGØY,189599919,0,182.0,Garasjeuth.anneks til fritidb,TB,Tatt i bruk,10101,10101,10101,37.0,,,,,,,,,,
913105,1860,VESTVÅGØY,189599900,0,183.0,Naust båthus sjøbu,TB,Tatt i bruk,10101,10101,10101,10.0,,,,,,,,,,
913106,1860,VESTVÅGØY,189599897,0,111.0,Enebolig,TB,Tatt i bruk,10101,10101,10101,179.0,,,56491580.0,Valbergsveien,7007.0,341.0,,,8340.0,STAMSUND
913107,1860,VESTVÅGØY,189599889,0,183.0,Naust båthus sjøbu,BR,Bygning revet/brent,10101,10101,19300101,18.0,,,,,,,,,,
913108,1860,VESTVÅGØY,189599870,0,181.0,Garasjeuthus anneks til bolig,BR,Bygning revet/brent,10101,10101,10101,0.0,,,,,,,,,,
913109,1860,VESTVÅGØY,189599862,0,181.0,Garasjeuthus anneks til bolig,TB,Tatt i bruk,10101,10101,19350101,50.0,,,,,,,,,,
913110,1860,VESTVÅGØY,189599854,0,183.0,Naust båthus sjøbu,TB,Tatt i bruk,10101,10101,19000101,82.0,,,,,,,,,,
913111,1860,VESTVÅGØY,189599846,0,161.0,Fritidsbygg(hyttersommerh. ol,TB,Tatt i bruk,10101,10101,18900101,81.0,,,56491579.0,Valbergsveien,7007.0,337.0,,,8340.0,STAMSUND
913112,1860,VESTVÅGØY,189599838,0,182.0,Garasjeuth.anneks til fritidb,TB,Tatt i bruk,10101,10101,10101,84.0,,,56491578.0,Valbergsveien,7007.0,333.0,,,8340.0,STAMSUND
913113,1860,VESTVÅGØY,189599811,0,161.0,Fritidsbygg(hyttersommerh. ol,TB,Tatt i bruk,10101,10101,10101,133.0,,,56491578.0,Valbergsveien,7007.0,333.0,,,8340.0,STAMSUND
913114,1860,VESTVÅGØY,189599803,0,183.0,Naust båthus sjøbu,TB,Tatt i bruk,10101,10101,10101,50.0,,,,,,,,,,
913115,1860,VESTVÅGØY,189599781,0,181.0,Garasjeuthus anneks til bolig,BR,Bygning revet/brent,10101,10101,10101,0.0,,,,,,,,,,
913116,1860,VESTVÅGØY,189599773,0,181.0,Garasjeuthus anneks til bolig,TB,Tatt i bruk,10101,10101,10101,36.0,,,,,,,,,,
913117,1860,VESTVÅGØY,189599765,0,181.0,Garasjeuthus anneks til bolig,TB,Tatt i bruk,10101,10101,10101,29.0,,,,,,,,,,
913118,1860,VESTVÅGØY,189594429,0,111.0,Enebolig,TB,Tatt i bruk,10101,10101,19630101,169.0,,,56487011.0,Åsryggen,4007.0,17.0,,,8340.0,STAMSUND
913119,1860,VESTVÅGØY,189602839,1,111.0,Enebolig,TB,Tatt i bruk,10101,10101,19831124,18.0,,,,,,,,,,
913120,1860,VESTVÅGØY,189600119,0,241.0,Hus for dyr/landbr.lager/silo,TB,Tatt i bruk,10101,10101,10101,279.0,,,,,,,,,,
913121,1860,VESTVÅGØY,189594410,0,111.0,Enebolig,TB,Tatt i bruk,10101,10101,19670626,146.0,,,56487131.0,Sjybakken,4027.0,6.0,,,8340.0,STAMSUND
913122,1860,VESTVÅGØY,189602839,0,111.0,Enebolig,TB,Tatt i bruk,10101,10101,19300101,60.0,,,56493080.0,Knutstadveien,8103.0,319.0,,,8360.0,BØSTAD
913123,1860,VESTVÅGØY,189600100,0,241.0,Hus for dyr/landbr.lager/silo,TB,Tatt i bruk,10101,10101,10101,112.0,,,,,,,,,,
913124,1860,VESTVÅGØY,189594402,0,181.0,Garasjeuthus anneks til bolig,TB,Tatt i bruk,10101,10101,19740101,15.0,,,,,,,,,,
913125,1860,VESTVÅGØY,189602820,0,181.0,Garasjeuthus anneks til bolig,TB,Tatt i bruk,10101,10101,19881123,25.0,,,,,,,,,,
913126,1860,VESTVÅGØY,189600097,0,111.0,Enebolig,TB,Tatt i bruk,10101,10101,19500101,203.0,,,56490859.0,Lauvdalen,5015.0,205.0,,,8360.0,BØSTAD
913127,1860,VESTVÅGØY,189594399,0,181.0,Garasjeuthus anneks til bolig,GR,Bygning godkjent for riving/brenning,10101,10101,10101,14.0,,,,,,,,,,
913128,1860,VESTVÅGØY,189602812,0,181.0,Garasjeuthus anneks til bolig,TB,Tatt i bruk,10101,10101,10101,43.0,,,,,,,,,,
913129,1860,VESTVÅGØY,189600089,0,111.0,Enebolig,TB,Tatt i bruk,10101,10101,19500101,163.0,,,56490862.0,Lauvdalen,5015.0,331.0,,,8360.0,BØSTAD
913130,1860,VESTVÅGØY,189594380,0,111.0,Enebolig,TB,Tatt i bruk,10101,10101,19650101,308.0,,,56487038.0,Vestfjordgata,4008.0,30.0,,,8340.0,STAMSUND
913131,1860,VESTVÅGØY,189602804,0,181.0,Garasjeuthus anneks til bolig,BR,Bygning revet/brent,10101,10101,10101,0.0,,,,,,,,,,
913132,1860,VESTVÅGØY,189600070,0,181.0,Garasjeuthus anneks til bolig,BR,Bygning revet/brent,10101,10101,10101,0.0,,,,,,,,,,
913133,1860,VESTVÅGØY,189594372,0,111.0,Enebolig,TB,Tatt i bruk,10101,10101,19721101,195.0,,,56487130.0,Sjybakken,4027.0,4.0,,,8340.0,STAMSUND
913134,1860,VESTVÅGØY,189602790,0,181.0,Garasjeuthus anneks til bolig,TB,Tatt i bruk,10101,10101,10101,66.0,,,,,,,,,,
913135,1860,VESTVÅGØY,189600062,0,181.0,Garasjeuthus anneks til bolig,TB,Tatt i bruk,10101,10101,10101,55.0,,,,,,,,,,
913136,1860,VESTVÅGØY,189594364,0,111.0,Enebolig,TB,Tatt i bruk,10101,10101,19630101,186.0,,,56487008.0,Åsryggen,4007.0,14.0,,,8340.0,STAMSUND
913137,1860,VESTVÅGØY,189602782,0,111.0,Enebolig,TB,Tatt i bruk,10101,10101,19500101,183.0,,,56493076.0,Knutstadveien,8103.0,256.0,,,8360.0,BØSTAD
913138,1860,VESTVÅGØY,189600054,0,161.0,Fritidsbygg(hyttersommerh. ol,TB,Tatt i bruk,10101,10101,10101,33.0,,,,,,,,,,
913139,1860,VESTVÅGØY,189594356,0,111.0,Enebolig,TB,Tatt i bruk,10101,10101,19620101,161.0,,,56487010.0,Åsryggen,4007.0,16.0,,,8340.0,STAMSUND
913140,1860,VESTVÅGØY,189600046,0,161.0,Fritidsbygg(hyttersommerh. ol,TB,Tatt i bruk,10101,10101,10101,26.0,,,,,,,,,,
913141,1860,VESTVÅGØY,189594348,0,111.0,Enebolig,TB,Tatt i bruk,10101,10101,19710122,255.0,,,56487134.0,Sjybakken,4027.0,12.0,,,8340.0,STAMSUND
913142,1860,VESTVÅGØY,189602774,1,111.0,Enebolig,TB,Tatt i bruk,19990702,19990901,20000101,114.0,,,,,,,,,,
913143,1860,VESTVÅGØY,189600038,0,241.0,Hus for dyr/landbr.lager/silo,TB,Tatt i bruk,10101,10101,10101,64.0,,,,,,,,,,
913144,1860,VESTVÅGØY,189594321,0,181.0,Garasjeuthus anneks til bolig,TB,Tatt i bruk,10101,10101,19881115,33.0,,,,,,,,,,
913145,1860,VESTVÅGØY,189602774,0,111.0,Enebolig,TB,Tatt i bruk,10101,10101,19900101,214.0,,,56493077.0,Knutstadveien,8103.0,271.0,,,8360.0,BØSTAD
913146,1860,VESTVÅGØY,189600011,0,161.0,Fritidsbygg(hyttersommerh. ol,TB,Tatt i bruk,10101,10101,10101,42.0,,,56490876.0,Lauvdalen,5015.0,252.0,,,8360.0,BØSTAD
913147,1860,VESTVÅGØY,189602766,0,181.0,Garasjeuthus anneks til bolig,TB,Tatt i bruk,10101,10101,10101,16.0,,,,,,,,,,
913148,1860,VESTVÅGØY,189600003,0,113.0,Våningshus,BU,Bygningsnummer utgått,10101,10101,10101,0.0,,,,,,,,,,
913149,1860,VESTVÅGØY,189599994,0,241.0,Hus for dyr/landbr.lager/silo,TB,Tatt i bruk,10101,10101,10101,68.0,,,,,,,,,,
913150,1860,VESTVÅGØY,189599986,0,183.0,Naust båthus sjøbu,BR,Bygning revet/brent,10101,10101,10101,0.0,,,,,,,,,,
913151,1860,VESTVÅGØY,189599978,0,161.0,Fritidsbygg(hyttersommerh. ol,TB,Tatt i bruk,10101,10101,19500101,75.0,,,56491582.0,Valbergsveien,7007.0,563.0,,,8357.0,VALBERG
913152,1860,VESTVÅGØY,189599951,0,181.0,Garasjeuthus anneks til bolig,BR,Bygning revet/brent,10101,10101,10101,0.0,,,,,,,,,,
913153,1860,VESTVÅGØY,189599943,0,161.0,Fritidsbygg(hyttersommerh. ol,BR,Bygning revet/brent,10101,10101,10101,0.0,,,56498314.0,Valbergsveien,7007.0,569.0,,,8357.0,VALBERG
913154,1860,VESTVÅGØY,189597401,0,312.0,Bankbygning posthus,TB,Tatt i bruk,10101,10101,19530101,556.0,,,56487498.0,J.M.Johansens vei,4040.0,35.0,,,8340.0,STAMSUND
913155,1860,VESTVÅGØY,189597398,0,219.0,Annen industribygning,TB,Tatt i bruk,10101,10101,10101,209.0,,,56495799.0,Steineveien,4043.0,16.0,,,8340.0,STAMSUND
913156,1860,VESTVÅGØY,189597363,0,181.0,Garasjeuthus anneks til bolig,TB,Tatt i bruk,10101,10101,19710101,27.0,,,,,,,,,,
913157,1860,VESTVÅGØY,189597355,0,111.0,Enebolig,TB,Tatt i bruk,10101,10101,19250101,338.0,,,56487497.0,J.M.Johansens vei,4040.0,34.0,,,8340.0,STAMSUND
913158,1860,VESTVÅGØY,189597347,0,181.0,Garasjeuthus anneks til bolig,TB,Tatt i bruk,10101,10101,10101,18.0,,,,,,,,,,
913159,1860,VESTVÅGØY,189597339,0,136.0,Andre småhus m/3 boliger el fl,TB,Tatt i bruk,10101,10101,10101,638.0,,,56487491.0,J.M.Johansens vei,4040.0,22.0,,,8340.0,STAMSUND
913160,1860,VESTVÅGØY,189597320,0,641.0,Museum kunstgalleri,TB,Tatt i bruk,19990204,19990304,19991201,223.0,,,56496507.0,J.M.Johansens vei,4040.0,18.0,,,8340.0,STAMSUND
913161,1860,VESTVÅGØY,189597312,0,111.0,Enebolig,TB,Tatt i bruk,10101,10101,18950101,193.0,,,56487489.0,J.M.Johansens vei,4040.0,20.0,,,8340.0,STAMSUND
913162,1860,VESTVÅGØY,189597304,0,111.0,Enebolig,TB,Tatt i bruk,10101,10101,19560101,200.0,,,56487487.0,J.M.Johansens vei,4040.0,16.0,,,8340.0,STAMSUND
913163,1860,VESTVÅGØY,189597290,0,121.0,"Tomannsbolig, vertikaldelt",TB,Tatt i bruk,10101,10101,19000101,409.0,,,56487486.0,J.M.Johansens vei,4040.0,15.0,,,8340.0,STAMSUND
913164,1860,VESTVÅGØY,189597282,0,511.0,Hotellbygning,TB,Tatt i bruk,10101,10101,10101,630.0,,,56487485.0,J.M.Johansens vei,4040.0,11.0,,,8340.0,STAMSUND
913165,1860,VESTVÅGØY,189597274,0,419.0,Annen eksp. og terminalbygning,BU,Bygningsnummer utgått,10101,10101,10101,0.0,,,,,,,,,,
913166,1860,VESTVÅGØY,189597266,0,199.0,Annen boligbyg.(sek. reindrift,TB,Tatt i bruk,10101,10101,19200101,961.0,,,56497037.0,J.M.Johansens vei,4040.0,32.0,A,,8340.0,STAMSUND
913167,1860,VESTVÅGØY,189597258,1,661.0,Kino/teater/opera/konsertbygn,TB,Tatt i bruk,19980624,19980701,19990701,148.0,,,,,,,,,,
913168,1860,VESTVÅGØY,189597320,1,641.0,Museum kunstgalleri,TB,Tatt i bruk,10101,10101,10101,0.0,,,,,,,,,,
913169,1860,VESTVÅGØY,189597525,0,181.0,Garasjeuthus anneks til bolig,TB,Tatt i bruk,10101,10101,18750101,62.0,,,,,,,,,,
913170,1860,VESTVÅGØY,189597517,0,531.0,Restaurantbygning kafebygning,TB,Tatt i bruk,10101,10101,19620402,958.0,,,56487504.0,J.M.Johansens vei,4040.0,46.0,,,8340.0,STAMSUND
913171,1860,VESTVÅGØY,189597509,0,199.0,Annen boligbyg.(sek. reindrift,TB,Tatt i bruk,10101,10101,10101,917.0,,,56487503.0,J.M.Johansens vei,4040.0,42.0,,,8340.0,STAMSUND
913172,1860,VESTVÅGØY,189597495,0,111.0,Enebolig,TB,Tatt i bruk,10101,10101,18900101,188.0,,,56495800.0,Steineveien,4043.0,11.0,,,8340.0,STAMSUND
913173,1860,VESTVÅGØY,189597487,0,121.0,"Tomannsbolig, vertikaldelt",TB,Tatt i bruk,10101,10101,19350101,320.0,,,56495665.0,Steineveien,4043.0,9.0,,,8340.0,STAMSUND
913174,1860,VESTVÅGØY,189597479,0,111.0,Enebolig,TB,Tatt i bruk,10101,10101,18900101,150.0,,,56495796.0,Steineveien,4043.0,3.0,,,8340.0,STAMSUND
913175,1860,VESTVÅGØY,189597460,0,111.0,Enebolig,TB,Tatt i bruk,10101,10101,19400101,104.0,,,56487499.0,J.M.Johansens vei,4040.0,36.0,,,8340.0,STAMSUND
913176,1860,VESTVÅGØY,189597452,0,121.0,"Tomannsbolig, vertikaldelt",TB,Tatt i bruk,10101,10101,19250101,285.0,,,56487502.0,J.M.Johansens vei,4040.0,40.0,,,8340.0,STAMSUND
913177,1860,VESTVÅGØY,189597444,0,181.0,Garasjeuthus anneks til bolig,TB,Tatt i bruk,10101,10101,10101,36.0,,,,,,,,,,
913178,1860,VESTVÅGØY,189597436,0,511.0,Hotellbygning,TB,Tatt i bruk,10101,10101,19750101,2030.0,,,,,,,,,,
913179,1860,VESTVÅGØY,189597428,0,159.0,Annen bygning for bofellesskap,TB,Tatt i bruk,10101,10101,10101,402.0,,,56487501.0,J.M.Johansens vei,4040.0,39.0,,,8340.0,STAMSUND
913180,1860,VESTVÅGØY,189597061,0,161.0,Fritidsbygg(hyttersommerh. ol,TB,Tatt i bruk,10101,10101,10101,80.0,,,56499082.0,Burekka,4056.0,18.0,,,8340.0,STAMSUND
913181,1860,VESTVÅGØY,189597053,0,161.0,Fritidsbygg(hyttersommerh. ol,TB,Tatt i bruk,10101,10101,10101,80.0,,,56499080.0,Burekka,4056.0,14.0,,,8340.0,STAMSUND
913182,1860,VESTVÅGØY,189597045,0,161.0,Fritidsbygg(hyttersommerh. ol,TB,Tatt i bruk,10101,10101,10101,85.0,,,56499078.0,Burekka,4056.0,10.0,,,8340.0,STAMSUND
913183,1860,VESTVÅGØY,189597037,0,161.0,Fritidsbygg(hyttersommerh. ol,TB,Tatt i bruk,10101,10101,10101,151.0,,,56499076.0,Burekka,4056.0,6.0,,,8340.0,STAMSUND
913184,1860,VESTVÅGØY,189597029,0,171.0,Seterhus sel rorbu o.l.,TB,Tatt i bruk,10101,10101,10101,132.0,,,56499108.0,Burekka,4056.0,24.0,,,8340.0,STAMSUND
913185,1860,VESTVÅGØY,189597010,0,171.0,Seterhus sel rorbu o.l.,TB,Tatt i bruk,10101,10101,10101,92.0,,,56498373.0,Burekka,4056.0,23.0,,,8340.0,STAMSUND
913186,1860,VESTVÅGØY,189597002,0,161.0,Fritidsbygg(hyttersommerh. ol,TB,Tatt i bruk,10101,10101,10101,67.0,,,56499074.0,Burekka,4056.0,17.0,,,8340.0,STAMSUND
913187,1860,VESTVÅGØY,189596995,0,161.0,Fritidsbygg(hyttersommerh. ol,TB,Tatt i bruk,10101,10101,10101,69.0,,,56499072.0,Burekka,4056.0,13.0,,,8340.0,STAMSUND
913188,1860,VESTVÅGØY,189596987,0,161.0,Fritidsbygg(hyttersommerh. ol,TB,Tatt i bruk,10101,10101,10101,75.0,,,56499071.0,Burekka,4056.0,11.0,,,8340.0,STAMSUND
913189,1860,VESTVÅGØY,189596979,0,161.0,Fritidsbygg(hyttersommerh. ol,TB,Tatt i bruk,10101,10101,10101,125.0,,,56499068.0,Burekka,4056.0,5.0,,,8340.0,STAMSUND
913190,1860,VESTVÅGØY,189596952,0,171.0,Seterhus sel rorbu o.l.,TB,Tatt i bruk,10101,10101,18950101,181.0,,,56497834.0,J.M.Johansens vei,4040.0,63.0,,,8340.0,STAMSUND
913191,1860,VESTVÅGØY,189596944,0,171.0,Seterhus sel rorbu o.l.,TB,Tatt i bruk,10101,10101,18950101,213.0,,,56497832.0,J.M.Johansens vei,4040.0,59.0,,,8340.0,STAMSUND
913192,1860,VESTVÅGØY,189596936,0,171.0,Seterhus sel rorbu o.l.,TB,Tatt i bruk,10101,10101,18900101,203.0,,,56497698.0,J.M.Johansens vei,4040.0,55.0,,,8340.0,STAMSUND
913193,1860,VESTVÅGØY,189596928,0,171.0,Seterhus sel rorbu o.l.,TB,Tatt i bruk,10101,10101,10101,213.0,,,56497696.0,J.M.Johansens vei,4040.0,51.0,,,8340.0,STAMSUND
913194,1860,VESTVÅGØY,189596901,0,171.0,Seterhus sel rorbu o.l.,TB,Tatt i bruk,10101,10101,10101,200.0,,,56498380.0,Burekka,4056.0,35.0,,,8340.0,STAMSUND
913195,1860,VESTVÅGØY,189596871,0,171.0,Seterhus sel rorbu o.l.,TB,Tatt i bruk,10101,10101,10101,301.0,,,56499084.0,Burekka,4056.0,36.0,,,8340.0,STAMSUND
913196,1860,VESTVÅGØY,189597258,0,661.0,Kino/teater/opera/konsertbygn,TB,Tatt i bruk,10101,10101,10101,962.0,,,56487493.0,J.M.Johansens vei,4040.0,25.0,,,8340.0,STAMSUND
913197,1860,VESTVÅGØY,189597231,0,533.0,Gatekjøkken kioskbygning,BR,Bygning revet/brent,10101,10101,10101,0.0,,,,,,,,,,
913198,1860,VESTVÅGØY,189597223,0,311.0,Kontor- og adm.bygning rådhus,TB,Tatt i bruk,10101,10101,10101,600.0,,,56495854.0,J.M.Johansens vei,4040.0,17.0,,,8340.0,STAMSUND
913199,1860,VESTVÅGØY,189597215,0,239.0,Annen lagerbygning,TB,Tatt i bruk,10101,10101,10101,1110.0,,,,,,,,,,
913200,1860,VESTVÅGØY,189597207,0,239.0,Annen lagerbygning,TB,Tatt i bruk,10101,10101,10101,668.0,,,56487481.0,J.M.Johansens vei,4040.0,1.0,,,8340.0,STAMSUND
913201,1860,VESTVÅGØY,189597193,0,231.0,Lagerhall,TB,Tatt i bruk,10101,10101,10101,1312.0,,,56487484.0,J.M.Johansens vei,4040.0,10.0,,,8340.0,STAMSUND
913202,1860,VESTVÅGØY,189597185,0,231.0,Lagerhall,TB,Tatt i bruk,10101,10101,10101,4021.0,,,56487482.0,J.M.Johansens vei,4040.0,2.0,,,8340.0,STAMSUND
913203,1860,VESTVÅGØY,189597177,0,531.0,Restaurantbygning kafebygning,TB,Tatt i bruk,10101,10101,10101,2130.0,,,56497052.0,Skjæret,4055.0,2.0,,,8340.0,STAMSUND
913204,1860,VESTVÅGØY,189597169,0,171.0,Seterhus sel rorbu o.l.,TB,Tatt i bruk,10101,10101,10101,277.0,,,56497617.0,Skjæret,4055.0,9.0,,,8340.0,STAMSUND
913205,1860,VESTVÅGØY,189597150,0,171.0,Seterhus sel rorbu o.l.,TB,Tatt i bruk,10101,10101,10101,231.0,,,56497746.0,Skjæret,4055.0,1.0,B,,8340.0,STAMSUND
913206,1860,VESTVÅGØY,189597142,0,171.0,Seterhus sel rorbu o.l.,TB,Tatt i bruk,10101,10101,18950101,189.0,,,56497618.0,Skjæret,4055.0,3.0,,,8340.0,STAMSUND
913207,1860,VESTVÅGØY,189597134,0,142.0,Stort frittliggende boligbygg på 3 og 4 etg.,TB,Tatt i bruk,10101,10101,10101,894.0,,,56495852.0,J.M.Johansens vei,4040.0,81.0,,,8340.0,STAMSUND
913208,1860,VESTVÅGØY,189597126,0,141.0,Stort frittliggende boligbygg på 2 etg.,TB,Tatt i bruk,10101,10101,10101,217.0,,,56495849.0,J.M.Johansens vei,4040.0,71.0,,,8340.0,STAMSUND
913209,1860,VESTVÅGØY,189597118,0,239.0,Annen lagerbygning,BR,Bygning revet/brent,10101,10101,10101,0.0,,,,,,,,,,
913210,1860,VESTVÅGØY,189597096,0,239.0,Annen lagerbygning,TB,Tatt i bruk,10101,10101,10101,2612.0,,,,,,,,,,
913211,1860,VESTVÅGØY,189597088,0,211.0,Fabrikkbygning,TB,Tatt i bruk,10101,10101,18500101,1992.0,,,,,,,,,,
913212,1860,VESTVÅGØY,189594097,0,162.0,Helårsb.benyttes som fritidsb.,TB,Tatt i bruk,10101,10101,19400101,60.0,,,56487559.0,J.M.Johansens vei,4040.0,208.0,,,8340.0,STAMSUND
913213,1860,VESTVÅGØY,189602251,0,241.0,Hus for dyr/landbr.lager/silo,TB,Tatt i bruk,10101,10101,10101,119.0,,,,,,,,,,
913214,1860,VESTVÅGØY,189594089,0,111.0,Enebolig,TB,Tatt i bruk,10101,10101,19380101,175.0,,,56487558.0,J.M.Johansens vei,4040.0,206.0,,,8340.0,STAMSUND
913215,1860,VESTVÅGØY,189599544,0,181.0,Garasjeuthus anneks til bolig,TB,Tatt i bruk,10101,10101,10101,57.0,,,,,,,,,,
913216,1860,VESTVÅGØY,189602243,0,111.0,Enebolig,TB,Tatt i bruk,10101,10101,10101,146.0,,,56493784.0,Haverringen,8110.0,1651.0,,,8360.0,BØSTAD
913217,1860,VESTVÅGØY,189594070,0,122.0,"Tomannsbolig, horisontaldelt",TB,Tatt i bruk,10101,10101,10101,268.0,,,56487556.0,J.M.Johansens vei,4040.0,203.0,,,8340.0,STAMSUND
913218,1860,VESTVÅGØY,189599536,0,249.0,Annen landbruksbygning,TB,Tatt i bruk,10101,10101,10101,83.0,,,,,,,,,,
913219,1860,VESTVÅGØY,189602235,0,111.0,Enebolig,TB,Tatt i bruk,10101,10101,10101,145.0,,,56493785.0,Haverringen,8110.0,1669.0,,,8360.0,BØSTAD
913220,1860,VESTVÅGØY,189599528,0,241.0,Hus for dyr/landbr.lager/silo,TB,Tatt i bruk,10101,10101,10101,69.0,,,,,,,,,,
913221,1860,VESTVÅGØY,189602227,0,181.0,Garasjeuthus anneks til bolig,TB,Tatt i bruk,10101,10101,10101,20.0,,,,,,,,,,
913222,1860,VESTVÅGØY,189594062,1,111.0,Enebolig,TB,Tatt i bruk,20060406,20060506,20070507,13.0,,,,,,,,,,
913223,1860,VESTVÅGØY,189599501,0,111.0,Enebolig,TB,Tatt i bruk,10101,10101,19400101,100.0,,,56491526.0,Torvhaugveien,7003.0,33.0,,,8357.0,VALBERG
913224,1860,VESTVÅGØY,189602219,0,181.0,Garasjeuthus anneks til bolig,TB,Tatt i bruk,10101,10101,10101,100.0,,,,,,,,,,
913225,1860,VESTVÅGØY,189594062,0,111.0,Enebolig,TB,Tatt i bruk,10101,10101,19470101,132.0,,,56487555.0,J.M.Johansens vei,4040.0,201.0,,,8340.0,STAMSUND
913226,1860,VESTVÅGØY,189602200,0,181.0,Garasjeuthus anneks til bolig,TB,Tatt i bruk,10101,10101,10101,35.0,,,,,,,,,,
913227,1860,VESTVÅGØY,189594054,0,111.0,Enebolig,TB,Tatt i bruk,10101,10101,19610101,141.0,,,56495122.0,Nygata,4006.0,4.0,,,8340.0,STAMSUND
913228,1860,VESTVÅGØY,189602197,0,181.0,Garasjeuthus anneks til bolig,TB,Tatt i bruk,10101,10101,10101,26.0,,,,,,,,,,
913229,1860,VESTVÅGØY,189594046,0,111.0,Enebolig,TB,Tatt i bruk,10101,10101,19620101,181.0,,,56495121.0,Nygata,4006.0,6.0,,,8340.0,STAMSUND
913230,1860,VESTVÅGØY,189602189,0,111.0,Enebolig,TB,Tatt i bruk,10101,10101,10101,103.0,,,56493781.0,Haverringen,8110.0,1623.0,,,8360.0,BØSTAD
913231,1860,VESTVÅGØY,189599498,1,111.0,Enebolig,TB,Tatt i bruk,19810908,19811008,19850603,70.0,,,56491524.0,Torvhaugveien,7003.0,12.0,,,8357.0,VALBERG
913232,1860,VESTVÅGØY,189602170,0,161.0,Fritidsbygg(hyttersommerh. ol,TB,Tatt i bruk,10101,10101,10101,88.0,,,56494252.0,Haverringen,8110.0,1656.0,,,8360.0,BØSTAD
913233,1860,VESTVÅGØY,189599498,0,111.0,Enebolig,TB,Tatt i bruk,10101,10101,19900101,78.0,,,56491524.0,Torvhaugveien,7003.0,12.0,,,8357.0,VALBERG
913234,1860,VESTVÅGØY,189594038,1,111.0,Enebolig,TB,Tatt i bruk,19991214,20000104,20000530,26.0,,,,,,,,,,
913235,1860,VESTVÅGØY,189602162,0,111.0,Enebolig,TB,Tatt i bruk,10101,10101,10101,107.0,,,56493789.0,Haverringen,8110.0,1682.0,,,8360.0,BØSTAD
913236,1860,VESTVÅGØY,189599471,0,111.0,Enebolig,TB,Tatt i bruk,10101,10101,19400101,97.0,,,56491522.0,Torvhaugveien,7003.0,10.0,,,8357.0,VALBERG
913237,1860,VESTVÅGØY,189594038,0,111.0,Enebolig,TB,Tatt i bruk,10101,10101,19820426,116.0,,,56486991.0,Nygata,4006.0,2.0,,,8340.0,STAMSUND
913238,1860,VESTVÅGØY,189602154,0,111.0,Enebolig,TB,Tatt i bruk,10101,10101,10101,75.0,,,56493788.0,Haverringen,8110.0,1678.0,,,8360.0,BØSTAD
913239,1860,VESTVÅGØY,189594011,0,111.0,Enebolig,TB,Tatt i bruk,10101,10101,19600101,139.0,,,56486990.0,Åsen,4005.0,20.0,,,8340.0,STAMSUND
913240,1860,VESTVÅGØY,189602146,0,111.0,Enebolig,TB,Tatt i bruk,10101,10101,10101,122.0,,,56493787.0,Haverringen,8110.0,1675.0,,,8360.0,BØSTAD
913241,1860,VESTVÅGØY,189599463,0,111.0,Enebolig,TB,Tatt i bruk,19670530,19670630,19690101,106.0,,,56491523.0,Torvhaugveien,7003.0,11.0,,,8357.0,VALBERG
913242,1860,VESTVÅGØY,189594003,0,111.0,Enebolig,TB,Tatt i bruk,10101,10101,19631216,147.0,,,56495125.0,Åsen,4005.0,26.0,,,8340.0,STAMSUND
913243,1860,VESTVÅGØY,189602138,0,181.0,Garasjeuthus anneks til bolig,TB,Tatt i bruk,10101,10101,10101,19.0,,,,,,,,,,
913244,1860,VESTVÅGØY,189599455,0,162.0,Helårsb.benyttes som fritidsb.,TB,Tatt i bruk,10101,10101,10101,97.0,,,56491560.0,Torvhaugveien,7003.0,5.0,,,8357.0,VALBERG
913245,1860,VESTVÅGØY,189593996,0,181.0,Garasjeuthus anneks til bolig,BR,Bygning revet/brent,10101,10101,10101,0.0,,,,,,,,,,
913246,1860,VESTVÅGØY,189602111,0,181.0,Garasjeuthus anneks til bolig,TB,Tatt i bruk,10101,10101,10101,87.0,,,,,,,,,,
913247,1860,VESTVÅGØY,189599447,0,181.0,Garasjeuthus anneks til bolig,TB,Tatt i bruk,10101,10101,10101,34.0,,,,,,,,,,
913248,1860,VESTVÅGØY,189593988,0,449.0,Annen veg-og trafikktilsynsbygning,TB,Tatt i bruk,10101,10101,19100101,262.0,,,56487563.0,J.M.Johansens vei,4040.0,222.0,,,8340.0,STAMSUND
913249,1860,VESTVÅGØY,189602103,0,181.0,Garasjeuthus anneks til bolig,TB,Tatt i bruk,10101,10101,10101,69.0,,,,,,,,,,
913250,1860,VESTVÅGØY,189593961,0,731.0,"Klinikk, legekontor/-senter/-vakt/dyresykehus",TB,Tatt i bruk,10101,10101,10101,1045.0,,,56487564.0,J.M.Johansens vei,4040.0,224.0,,,8340.0,STAMSUND
913251,1860,VESTVÅGØY,189599439,1,111.0,Enebolig,TB,Tatt i bruk,20050513,20050518,20050715,44.0,,,,,,,,,,
913252,1860,VESTVÅGØY,189602081,0,111.0,Enebolig,BU,Bygningsnummer utgått,10101,10101,10101,0.0,,,56493792.0,Haverringen,8110.0,1690.0,,,8360.0,BØSTAD
913253,1860,VESTVÅGØY,189602421,0,181.0,Garasjeuthus anneks til bolig,BU,Bygningsnummer utgått,10101,10101,10101,0.0,,,,,,,,,,
913254,1860,VESTVÅGØY,189594232,1,111.0,Enebolig,TB,Tatt i bruk,20070620,20070720,20110101,3.0,,,,,,,,,,
913255,1860,VESTVÅGØY,189602413,0,111.0,Enebolig,TB,Tatt i bruk,10101,10101,10101,124.0,,,56493557.0,Knutstadveien,8103.0,442.0,,,8360.0,BØSTAD
913256,1860,VESTVÅGØY,189594232,0,111.0,Enebolig,TB,Tatt i bruk,10101,10101,19730101,208.0,,,56487042.0,Vestfjordgata,4008.0,36.0,,,8340.0,STAMSUND
913257,1860,VESTVÅGØY,189602391,0,241.0,Hus for dyr/landbr.lager/silo,BR,Bygning revet/brent,10101,10101,10101,105.0,,,,,,,,,,
913258,1860,VESTVÅGØY,189594224,0,111.0,Enebolig,TB,Tatt i bruk,10101,10101,19750610,147.0,,,56487046.0,Vestfjordgata,4008.0,40.0,,,8340.0,STAMSUND
913259,1860,VESTVÅGØY,189602383,0,181.0,Garasjeuthus anneks til bolig,TB,Tatt i bruk,10101,10101,10101,29.0,,,,,,,,,,
913260,1860,VESTVÅGØY,189594216,0,111.0,Enebolig,TB,Tatt i bruk,10101,10101,19500101,211.0,,,56487049.0,Vestfjordgata,4008.0,44.0,,,8340.0,STAMSUND
913261,1860,VESTVÅGØY,189602375,0,182.0,Garasjeuth.anneks til fritidb,TB,Tatt i bruk,10101,10101,10101,24.0,,,,,,,,,,
913262,1860,VESTVÅGØY,189594208,0,111.0,Enebolig,TB,Tatt i bruk,10101,10101,19690305,169.0,,,56487016.0,Åsryggen,4007.0,25.0,,,8340.0,STAMSUND
913263,1860,VESTVÅGØY,189602367,0,182.0,Garasjeuth.anneks til fritidb,TB,Tatt i bruk,10101,10101,10101,116.0,,,,,,,,,,
913264,1860,VESTVÅGØY,189594194,0,111.0,Enebolig,TB,Tatt i bruk,10101,10101,19681218,154.0,,,56487044.0,Vestfjordgata,4008.0,38.0,,,8340.0,STAMSUND
913265,1860,VESTVÅGØY,189602359,0,161.0,Fritidsbygg(hyttersommerh. ol,TB,Tatt i bruk,10101,10101,19000101,92.0,,,56493560.0,Knutstadveien,8103.0,446.0,,,8360.0,BØSTAD
913266,1860,VESTVÅGØY,189594186,0,111.0,Enebolig,TB,Tatt i bruk,10101,10101,19671215,190.0,,,56487047.0,Vestfjordgata,4008.0,41.0,,,8340.0,STAMSUND
913267,1860,VESTVÅGØY,189602340,0,161.0,Fritidsbygg(hyttersommerh. ol,TB,Tatt i bruk,10101,10101,10101,104.0,,,56497719.0,Knutstadveien,8103.0,436.0,,,8360.0,BØSTAD
913268,1860,VESTVÅGØY,189594178,0,111.0,Enebolig,TB,Tatt i bruk,10101,10101,19670101,155.0,,,56495675.0,Sjybakken,4027.0,7.0,,,8340.0,STAMSUND
913269,1860,VESTVÅGØY,189602332,0,161.0,Fritidsbygg(hyttersommerh. ol,TB,Tatt i bruk,10101,10101,10101,61.0,,,56498295.0,Haverringen,8110.0,1699.0,,,8360.0,BØSTAD
913270,1860,VESTVÅGØY,189602324,0,181.0,Garasjeuthus anneks til bolig,TB,Tatt i bruk,10101,10101,10101,16.0,,,56494253.0,Haverringen,8110.0,1641.0,,,8360.0,BØSTAD
913271,1860,VESTVÅGØY,189594151,1,181.0,Garasjeuthus anneks til bolig,TB,Tatt i bruk,20000529,20000630,20000930,22.0,,,,,,,,,,
913272,1860,VESTVÅGØY,189602316,0,181.0,Garasjeuthus anneks til bolig,TB,Tatt i bruk,10101,10101,10101,61.0,,,,,,,,,,
913273,1860,VESTVÅGØY,189594151,0,181.0,Garasjeuthus anneks til bolig,TB,Tatt i bruk,10101,10101,10101,36.0,,,,,,,,,,
913274,1860,VESTVÅGØY,189594143,0,181.0,Garasjeuthus anneks til bolig,TB,Tatt i bruk,10101,10101,10101,14.0,,,,,,,,,,
913275,1860,VESTVÅGØY,189602308,1,111.0,Enebolig,BA,Bygging avlyst,19970901,10101,10101,42.0,,,,,,,,,,
913276,1860,VESTVÅGØY,189594135,0,111.0,Enebolig,TB,Tatt i bruk,10101,10101,19680101,140.0,,,56487048.0,Vestfjordgata,4008.0,43.0,,,8340.0,STAMSUND
913277,1860,VESTVÅGØY,189602308,0,111.0,Enebolig,TB,Tatt i bruk,10101,10101,10101,106.0,,,56493782.0,Haverringen,8110.0,1637.0,,,8360.0,BØSTAD
913278,1860,VESTVÅGØY,189594127,0,111.0,Enebolig,TB,Tatt i bruk,10101,10101,19740218,213.0,,,56487015.0,Åsryggen,4007.0,24.0,,,8340.0,STAMSUND
913279,1860,VESTVÅGØY,189602294,0,111.0,Enebolig,TB,Tatt i bruk,10101,10101,10101,140.0,,,56493783.0,Haverringen,8110.0,1643.0,,,8360.0,BØSTAD
913280,1860,VESTVÅGØY,189594119,0,111.0,Enebolig,TB,Tatt i bruk,10101,10101,19650101,262.0,,,56487554.0,J.M.Johansens vei,4040.0,200.0,,,8340.0,STAMSUND
913281,1860,VESTVÅGØY,189602286,0,181.0,Garasjeuthus anneks til bolig,TB,Tatt i bruk,10101,10101,10101,41.0,,,,,,,,,,
913282,1860,VESTVÅGØY,189594100,0,181.0,Garasjeuthus anneks til bolig,TB,Tatt i bruk,10101,10101,19450101,33.0,,,,,,,,,,
913283,1860,VESTVÅGØY,189602278,0,181.0,Garasjeuthus anneks til bolig,TB,Tatt i bruk,10101,10101,10101,21.0,,,,,,,,,,
913284,1860,VESTVÅGØY,189593783,0,181.0,Garasjeuthus anneks til bolig,TB,Tatt i bruk,10101,10101,10101,35.0,,,,,,,,,,
913285,1860,VESTVÅGØY,189599323,0,181.0,Garasjeuthus anneks til bolig,TB,Tatt i bruk,10101,10101,10101,46.0,,,,,,,,,,
913286,1860,VESTVÅGØY,189601948,0,111.0,Enebolig,TB,Tatt i bruk,10101,10101,19550101,118.0,,,56493795.0,Haverringen,8110.0,1711.0,,,8360.0,BØSTAD
913287,1860,VESTVÅGØY,189599315,0,249.0,Annen landbruksbygning,TB,Tatt i bruk,10101,10101,10101,129.0,,,,,,,,,,
913288,1860,VESTVÅGØY,189601921,0,181.0,Garasjeuthus anneks til bolig,TB,Tatt i bruk,10101,10101,19790101,144.0,,,,,,,,,,
913289,1860,VESTVÅGØY,189593767,1,111.0,Enebolig,TB,Tatt i bruk,19941201,19950201,19951201,39.0,,,,,,,,,,
913290,1860,VESTVÅGØY,189599307,0,181.0,Garasjeuthus anneks til bolig,TB,Tatt i bruk,10101,10101,10101,40.0,,,,,,,,,,
913291,1860,VESTVÅGØY,189601913,0,181.0,Garasjeuthus anneks til bolig,TB,Tatt i bruk,10101,10101,19600101,22.0,,,,,,,,,,
913292,1860,VESTVÅGØY,189593767,0,111.0,Enebolig,TB,Tatt i bruk,10101,10101,10101,265.0,,,56487424.0,Nybyen,4031.0,31.0,,,8340.0,STAMSUND
913293,1860,VESTVÅGØY,189599293,0,241.0,Hus for dyr/landbr.lager/silo,TB,Tatt i bruk,10101,10101,10101,279.0,,,,,,,,,,
913294,1860,VESTVÅGØY,189601905,0,181.0,Garasjeuthus anneks til bolig,TB,Tatt i bruk,10101,10101,10101,21.0,,,,,,,,,,
913295,1860,VESTVÅGØY,189593759,0,111.0,Enebolig,TB,Tatt i bruk,10101,10101,19700101,164.0,,,56487425.0,Nybyen,4031.0,33.0,,,8340.0,STAMSUND
913296,1860,VESTVÅGØY,189599285,0,183.0,Naust båthus sjøbu,TB,Tatt i bruk,10101,10101,10101,48.0,,,,,,,,,,
913297,1860,VESTVÅGØY,189601891,0,181.0,Garasjeuthus anneks til bolig,TB,Tatt i bruk,10101,10101,10101,42.0,,,,,,,,,,
913298,1860,VESTVÅGØY,189593740,0,181.0,Garasjeuthus anneks til bolig,BR,Bygning revet/brent,10101,10101,10101,17.0,,,,,,,,,,
913299,1860,VESTVÅGØY,189599277,0,111.0,Enebolig,TB,Tatt i bruk,10101,10101,18900101,148.0,,,56491615.0,Valbergsveien,7007.0,1378.0,,,8357.0,VALBERG
913300,1860,VESTVÅGØY,189601883,0,111.0,Enebolig,TB,Tatt i bruk,10101,10101,10101,130.0,,,56493796.0,Haverringen,8110.0,1724.0,,,8360.0,BØSTAD
913301,1860,VESTVÅGØY,189593732,0,181.0,Garasjeuthus anneks til bolig,TB,Tatt i bruk,10101,10101,10101,28.0,,,,,,,,,,
913302,1860,VESTVÅGØY,189599269,0,161.0,Fritidsbygg(hyttersommerh. ol,TB,Tatt i bruk,10101,10101,19000101,82.0,,,56498315.0,Valbergsveien,7007.0,1370.0,,,8357.0,VALBERG
913303,1860,VESTVÅGØY,189601875,0,113.0,Våningshus,TB,Tatt i bruk,10101,10101,10101,81.0,,,56493797.0,Haverringen,8110.0,1748.0,,,8360.0,BØSTAD
913304,1860,VESTVÅGØY,189593724,0,111.0,Enebolig,TB,Tatt i bruk,10101,10101,19450101,205.0,,,56487423.0,Nybyen,4031.0,30.0,,,8340.0,STAMSUND
913305,1860,VESTVÅGØY,189599250,0,181.0,Garasjeuthus anneks til bolig,TB,Tatt i bruk,10101,10101,10101,56.0,,,,,,,,,,
913306,1860,VESTVÅGØY,189601867,0,181.0,Garasjeuthus anneks til bolig,TB,Tatt i bruk,10101,10101,10101,61.0,,,,,,,,,,
913307,1860,VESTVÅGØY,189593716,0,111.0,Enebolig,TB,Tatt i bruk,10101,10101,19550101,142.0,,,56487420.0,Nybyen,4031.0,26.0,,,8340.0,STAMSUND
913308,1860,VESTVÅGØY,189599242,0,181.0,Garasjeuthus anneks til bolig,TB,Tatt i bruk,10101,10101,10101,20.0,,,,,,,,,,
913309,1860,VESTVÅGØY,189601859,0,181.0,Garasjeuthus anneks til bolig,TB,Tatt i bruk,10101,10101,19520101,26.0,,,,,,,,,,
913310,1860,VESTVÅGØY,189593708,0,111.0,Enebolig,TB,Tatt i bruk,10101,10101,19520101,73.0,,,56486962.0,Ringveien,4004.0,15.0,,,8340.0,STAMSUND
913311,1860,VESTVÅGØY,189599234,0,181.0,Garasjeuthus anneks til bolig,TB,Tatt i bruk,10101,10101,10101,19.0,,,,,,,,,,
913312,1860,VESTVÅGØY,189601840,0,111.0,Enebolig,TB,Tatt i bruk,10101,10101,19520101,100.0,,,56493798.0,Haverringen,8110.0,1758.0,,,8360.0,BØSTAD
913313,1860,VESTVÅGØY,189593694,0,181.0,Garasjeuthus anneks til bolig,TB,Tatt i bruk,10101,10101,10101,21.0,,,,,,,,,,
913314,1860,VESTVÅGØY,189599226,0,111.0,Enebolig,TB,Tatt i bruk,10101,10101,19400101,88.0,,,56491598.0,Valbergsveien,7007.0,1362.0,,,8357.0,VALBERG
913315,1860,VESTVÅGØY,189593678,0,111.0,Enebolig,TB,Tatt i bruk,10101,10101,19550101,151.0,,,56487414.0,Nybyen,4031.0,14.0,,,8340.0,STAMSUND
913316,1860,VESTVÅGØY,189599218,0,111.0,Enebolig,TB,Tatt i bruk,10101,10101,19450101,123.0,,,56491599.0,Valbergsveien,7007.0,1372.0,,,8357.0,VALBERG
913317,1860,VESTVÅGØY,189601832,1,111.0,Enebolig,TB,Tatt i bruk,20011009,20011015,20011101,29.0,,,56494266.0,Grundstadveien,8201.0,15.0,,,8360.0,BØSTAD
913318,1860,VESTVÅGØY,189593651,0,111.0,Enebolig,TB,Tatt i bruk,10101,10101,10101,114.0,,,56487413.0,Nybyen,4031.0,12.0,,,8340.0,STAMSUND
913319,1860,VESTVÅGØY,189599196,0,181.0,Garasjeuthus anneks til bolig,TB,Tatt i bruk,10101,10101,10101,64.0,,,,,,,,,,
913320,1860,VESTVÅGØY,189601832,0,111.0,Enebolig,TB,Tatt i bruk,10101,10101,10101,182.0,,,56494266.0,Grundstadveien,8201.0,15.0,,,8360.0,BØSTAD
913321,1860,VESTVÅGØY,189593643,0,181.0,Garasjeuthus anneks til bolig,TB,Tatt i bruk,10101,10101,10101,29.0,,,,,,,,,,
913322,1860,VESTVÅGØY,189599188,0,161.0,Fritidsbygg(hyttersommerh. ol,TB,Tatt i bruk,10101,10101,10101,54.0,,,56498907.0,Valbergsveien,7007.0,1379.0,,,8357.0,VALBERG
913323,1860,VESTVÅGØY,189593635,0,181.0,Garasjeuthus anneks til bolig,BR,Bygning revet/brent,10101,10101,10101,0.0,,,,,,,,,,
913324,1860,VESTVÅGØY,189599161,0,673.0,Kremat. gravkapell bårehus,TB,Tatt i bruk,10101,10101,10101,16.0,,,,,,,,,,
913325,1860,VESTVÅGØY,189601824,1,161.0,Fritidsbygg(hyttersommerh. ol,TB,Tatt i bruk,19861201,19870101,19880210,23.0,,,,,,,,,,
913326,1860,VESTVÅGØY,189593627,0,181.0,Garasjeuthus anneks til bolig,TB,Tatt i bruk,10101,10101,10101,108.0,,,,,,,,,,
913327,1860,VESTVÅGØY,189599153,0,671.0,Kirke kapell,TB,Tatt i bruk,10101,10101,10101,229.0,,,56491556.0,Hestøyveien,7004.0,36.0,,,8357.0,VALBERG
913328,1860,VESTVÅGØY,189601824,0,161.0,Fritidsbygg(hyttersommerh. ol,TB,Tatt i bruk,10101,10101,10101,32.0,,,56494329.0,Grundstadveien,8201.0,40.0,,,8360.0,BØSTAD
913329,1860,VESTVÅGØY,189593953,0,111.0,Enebolig,TB,Tatt i bruk,10101,10101,19450101,135.0,,,56486989.0,Åsen,4005.0,17.0,,,8340.0,STAMSUND
913330,1860,VESTVÅGØY,189599439,0,111.0,Enebolig,TB,Tatt i bruk,10101,10101,19400101,62.0,,,56496350.0,Valbergsveien,7007.0,1445.0,,,8357.0,VALBERG
913331,1860,VESTVÅGØY,189602073,0,111.0,Enebolig,TB,Tatt i bruk,10101,10101,10101,44.0,,,56493791.0,Haverringen,8110.0,1687.0,,,8360.0,BØSTAD
913332,1860,VESTVÅGØY,189593945,0,111.0,Enebolig,TB,Tatt i bruk,10101,10101,19500101,147.0,,,56486987.0,Åsen,4005.0,14.0,,,8340.0,STAMSUND
913333,1860,VESTVÅGØY,189602065,0,111.0,Enebolig,TB,Tatt i bruk,10101,10101,10101,131.0,,,56493790.0,Haverringen,8110.0,1685.0,,,8360.0,BØSTAD
913334,1860,VESTVÅGØY,189593937,0,111.0,Enebolig,TB,Tatt i bruk,10101,10101,10101,208.0,,,56486988.0,Åsen,4005.0,15.0,,,8340.0,STAMSUND
913335,1860,VESTVÅGØY,189599420,0,111.0,Enebolig,TB,Tatt i bruk,19821101,19821201,19830112,152.0,,,56492242.0,Valbergsveien,7007.0,1443.0,,,8357.0,VALBERG
913336,1860,VESTVÅGØY,189602057,0,181.0,Garasjeuthus anneks til bolig,TB,Tatt i bruk,10101,10101,10101,22.0,,,,,,,,,,
913337,1860,VESTVÅGØY,189593929,0,111.0,Enebolig,BR,Bygning revet/brent,10101,10101,19300101,200.0,,,56486983.0,Åsen,4005.0,5.0,,,8340.0,STAMSUND
913338,1860,VESTVÅGØY,189602049,0,181.0,Garasjeuthus anneks til bolig,BR,Bygning revet/brent,10101,10101,10101,0.0,,,,,,,,,,
913339,1860,VESTVÅGØY,189593910,0,111.0,Enebolig,TB,Tatt i bruk,10101,10101,19580101,145.0,,,56486986.0,Åsen,4005.0,10.0,,,8340.0,STAMSUND
913340,1860,VESTVÅGØY,189599412,0,111.0,Enebolig,TB,Tatt i bruk,19800602,19800702,19801128,142.0,,,56491525.0,Torvhaugveien,7003.0,15.0,,,8357.0,VALBERG
913341,1860,VESTVÅGØY,189602030,0,181.0,Garasjeuthus anneks til bolig,TB,Tatt i bruk,10101,10101,18000101,30.0,,,,,,,,,,
913342,1860,VESTVÅGØY,189593902,0,111.0,Enebolig,TB,Tatt i bruk,10101,10101,19850101,50.0,,,56486985.0,Åsen,4005.0,7.0,,,8340.0,STAMSUND
913343,1860,VESTVÅGØY,189599404,0,111.0,Enebolig,TB,Tatt i bruk,10101,10101,19500101,158.0,,,56491521.0,Torvhaugveien,7003.0,6.0,,,8357.0,VALBERG
913344,1860,VESTVÅGØY,189602022,0,111.0,Enebolig,TB,Tatt i bruk,10101,10101,19580101,130.0,,,56493793.0,Haverringen,8110.0,1692.0,,,8360.0,BØSTAD
913345,1860,VESTVÅGØY,189593899,0,181.0,Garasjeuthus anneks til bolig,BR,Bygning revet/brent,10101,10101,10101,37.0,,,,,,,,,,
913346,1860,VESTVÅGØY,189602014,0,241.0,Hus for dyr/landbr.lager/silo,TB,Tatt i bruk,10101,10101,10101,182.0,,,,,,,,,,
913347,1860,VESTVÅGØY,189593880,0,111.0,Enebolig,BR,Bygning revet/brent,10101,10101,19350101,168.0,,,56486982.0,Åsen,4005.0,1.0,,,8340.0,STAMSUND
913348,1860,VESTVÅGØY,189599390,1,163.0,Våningh. benyttes som fritidsb,TB,Tatt i bruk,19830923,19831023,19900101,9.0,,,,,,,,,,
913349,1860,VESTVÅGØY,189602006,0,181.0,Garasjeuthus anneks til bolig,TB,Tatt i bruk,10101,10101,10101,125.0,,,,,,,,,,
913350,1860,VESTVÅGØY,189593872,0,112.0,Enebolig m/hybel/sokkelleil.,TB,Tatt i bruk,10101,10101,19770503,168.0,,,56486984.0,Åsen,4005.0,6.0,,,8340.0,STAMSUND
913351,1860,VESTVÅGØY,189599390,0,163.0,Våningh. benyttes som fritidsb,TB,Tatt i bruk,10101,10101,19300101,110.0,,,56491618.0,Valbergsveien,7007.0,1400.0,,,8357.0,VALBERG
913352,1860,VESTVÅGØY,189601999,0,111.0,Enebolig,TB,Tatt i bruk,10101,10101,10101,92.0,,,56494251.0,Haverringen,8110.0,1672.0,,,8360.0,BØSTAD
913353,1860,VESTVÅGØY,189593864,0,111.0,Enebolig,TB,Tatt i bruk,10101,10101,19560101,270.0,,,56487562.0,J.M.Johansens vei,4040.0,214.0,,,8340.0,STAMSUND
913354,1860,VESTVÅGØY,189599382,0,181.0,Garasjeuthus anneks til bolig,TB,Tatt i bruk,10101,10101,10101,37.0,,,,,,,,,,
913355,1860,VESTVÅGØY,189601980,0,111.0,Enebolig,TB,Tatt i bruk,10101,10101,10101,99.0,,,56493794.0,Haverringen,8110.0,1698.0,,,8360.0,BØSTAD
913356,1860,VESTVÅGØY,189593856,0,111.0,Enebolig,TB,Tatt i bruk,10101,10101,19280101,106.0,,,56487560.0,J.M.Johansens vei,4040.0,210.0,,,8340.0,STAMSUND
913357,1860,VESTVÅGØY,189599374,0,181.0,Garasjeuthus anneks til bolig,TB,Tatt i bruk,10101,10101,10101,99.0,,,,,,,,,,
913358,1860,VESTVÅGØY,189601972,0,181.0,Garasjeuthus anneks til bolig,TB,Tatt i bruk,10101,10101,10101,51.0,,,,,,,,,,
913359,1860,VESTVÅGØY,189593848,0,181.0,Garasjeuthus anneks til bolig,TB,Tatt i bruk,10101,10101,10101,29.0,,,,,,,,,,
913360,1860,VESTVÅGØY,189599366,0,181.0,Garasjeuthus anneks til bolig,TB,Tatt i bruk,10101,10101,10101,31.0,,,,,,,,,,
913361,1860,VESTVÅGØY,189593821,0,181.0,Garasjeuthus anneks til bolig,TB,Tatt i bruk,10101,10101,10101,30.0,,,,,,,,,,
913362,1860,VESTVÅGØY,189599358,0,111.0,Enebolig,TB,Tatt i bruk,10101,10101,19250101,103.9,,,56491619.0,Valbergsveien,7007.0,1401.0,,,8357.0,VALBERG
913363,1860,VESTVÅGØY,189601964,0,239.0,Annen lagerbygning,TB,Tatt i bruk,19760916,19761016,19790101,113.0,,,,,,,,,,
913364,1860,VESTVÅGØY,189593813,0,181.0,Garasjeuthus anneks til bolig,TB,Tatt i bruk,10101,10101,10101,17.0,,,,,,,,,,
913365,1860,VESTVÅGØY,189593805,0,111.0,Enebolig,TB,Tatt i bruk,10101,10101,19550101,164.0,,,56487418.0,Nybyen,4031.0,24.0,,,8340.0,STAMSUND
913366,1860,VESTVÅGØY,189599331,1,111.0,Enebolig,TB,Tatt i bruk,20000203,20000203,20000203,57.0,,,,,,,,,,
913367,1860,VESTVÅGØY,189601956,1,111.0,Enebolig,TB,Tatt i bruk,20010613,20010701,20020101,52.0,,,56494250.0,Haverringen,8110.0,1718.0,,,8360.0,BØSTAD
913368,1860,VESTVÅGØY,189593791,0,111.0,Enebolig,TB,Tatt i bruk,10101,10101,19500101,147.0,,,56487419.0,Nybyen,4031.0,25.0,,,8340.0,STAMSUND
913369,1860,VESTVÅGØY,189599331,0,111.0,Enebolig,TB,Tatt i bruk,10101,10101,19500101,154.0,,,56491616.0,Valbergsveien,7007.0,1387.0,,,8357.0,VALBERG
913370,1860,VESTVÅGØY,189601956,0,111.0,Enebolig,TB,Tatt i bruk,10101,10101,19500101,150.0,,,56494250.0,Haverringen,8110.0,1718.0,,,8360.0,BØSTAD
913371,1860,VESTVÅGØY,189596715,0,181.0,Garasjeuthus anneks til bolig,TB,Tatt i bruk,10101,10101,10101,86.0,,,,,,,,,,
913372,1860,VESTVÅGØY,189596707,0,122.0,"Tomannsbolig, horisontaldelt",TB,Tatt i bruk,10101,10101,19300101,420.0,,,56487409.0,Hartvågen,4030.0,7.0,,,8340.0,STAMSUND
913373,1860,VESTVÅGØY,189596693,0,111.0,Enebolig,TB,Tatt i bruk,10101,10101,19450101,138.0,,,56487410.0,Hartvågen,4030.0,8.0,,,8340.0,STAMSUND
913374,1860,VESTVÅGØY,189596685,0,111.0,Enebolig,TB,Tatt i bruk,10101,10101,19060101,80.0,,,56487406.0,Hartvåghaugen,4029.0,11.0,,,8340.0,STAMSUND
913375,1860,VESTVÅGØY,189596677,0,181.0,Garasjeuthus anneks til bolig,TB,Tatt i bruk,10101,10101,10101,45.0,,,,,,,,,,
913376,1860,VESTVÅGØY,189596669,0,239.0,Annen lagerbygning,TB,Tatt i bruk,10101,10101,10101,1663.0,,,,,,,,,,
913377,1860,VESTVÅGØY,189596642,0,111.0,Enebolig,TB,Tatt i bruk,10101,10101,19350101,111.0,,,56487531.0,J.M.Johansens vei,4040.0,140.0,,,8340.0,STAMSUND
913378,1860,VESTVÅGØY,189596634,0,111.0,Enebolig,TB,Tatt i bruk,10101,10101,19400101,131.0,,,56487532.0,J.M.Johansens vei,4040.0,142.0,,,8340.0,STAMSUND
913379,1860,VESTVÅGØY,189596626,0,111.0,Enebolig,BR,Bygning revet/brent,10101,10101,19250101,33.0,,,,,,,,,,
913380,1860,VESTVÅGØY,189596618,0,111.0,Enebolig,TB,Tatt i bruk,10101,10101,19350101,71.0,,,56487533.0,J.M.Johansens vei,4040.0,144.0,,,8340.0,STAMSUND
913381,1860,VESTVÅGØY,189596596,0,181.0,Garasjeuthus anneks til bolig,TB,Tatt i bruk,10101,10101,10101,26.0,,,,,,,,,,
913382,1860,VESTVÅGØY,189596588,0,181.0,Garasjeuthus anneks til bolig,TB,Tatt i bruk,10101,10101,10101,20.0,,,,,,,,,,
913383,1860,VESTVÅGØY,189596561,0,199.0,Annen boligbyg.(sek. reindrift,TB,Tatt i bruk,10101,10101,19290101,356.0,,,56487530.0,J.M.Johansens vei,4040.0,136.0,,,8340.0,STAMSUND
913384,1860,VESTVÅGØY,189596545,0,199.0,Annen boligbyg.(sek. reindrift,BR,Bygning revet/brent,10101,10101,10101,210.0,,,,,,,,,,
913385,1860,VESTVÅGØY,189596537,0,199.0,Annen boligbyg.(sek. reindrift,BR,Bygning revet/brent,10101,10101,19200101,268.0,,,,,,,,,,
913386,1860,VESTVÅGØY,189596529,0,199.0,Annen boligbyg.(sek. reindrift,TB,Tatt i bruk,10101,10101,19200101,737.1,,,56487521.0,J.M.Johansens vei,4040.0,120.0,,,8340.0,STAMSUND
913387,1860,VESTVÅGØY,189596863,0,171.0,Seterhus sel rorbu o.l.,TB,Tatt i bruk,10101,10101,10101,206.0,,,56497693.0,J.M.Johansens vei,4040.0,45.0,,,8340.0,STAMSUND
913388,1860,VESTVÅGØY,189596855,0,171.0,Seterhus sel rorbu o.l.,BU,Bygningsnummer utgått,10101,10101,10101,0.0,,,,,,,,,,
913389,1860,VESTVÅGØY,189596847,0,171.0,Seterhus sel rorbu o.l.,BU,Bygningsnummer utgått,10101,10101,10101,0.0,,,,,,,,,,
913390,1860,VESTVÅGØY,189596839,0,171.0,Seterhus sel rorbu o.l.,TB,Tatt i bruk,10101,10101,10101,280.0,,,56498371.0,Burekka,4056.0,30.0,,,8340.0,STAMSUND
913391,1860,VESTVÅGØY,189596820,1,244.0,Driftsb. fiske/fangst/oppdr,TB,Tatt i bruk,20020621,20020801,20030101,202.0,,,56497835.0,J.M.Johansens vei,4040.0,65.0,,,8340.0,STAMSUND
913392,1860,VESTVÅGØY,189596820,0,244.0,Driftsb. fiske/fangst/oppdr,TB,Tatt i bruk,10101,10101,10101,4484.0,,,56497835.0,J.M.Johansens vei,4040.0,65.0,,,8340.0,STAMSUND
913393,1860,VESTVÅGØY,189596812,0,244.0,Driftsb. fiske/fangst/oppdr,TB,Tatt i bruk,10101,10101,18750101,671.0,,,56497694.0,J.M.Johansens vei,4040.0,47.0,,,8340.0,STAMSUND
913394,1860,VESTVÅGØY,189596804,0,245.0,Naust/redskapshus for fiske,TB,Tatt i bruk,10101,10101,10101,41.0,,,,,,,,,,
913395,1860,VESTVÅGØY,189596790,0,142.0,Stort frittliggende boligbygg på 3 og 4 etg.,TB,Tatt i bruk,10101,10101,10101,1077.8,,,519549554.0,J.M.Johansens vei,4040.0,135.0,,,8340.0,STAMSUND
913396,1860,VESTVÅGØY,189596782,0,239.0,Annen lagerbygning,TB,Tatt i bruk,10101,10101,10101,105.0,,,,,,,,,,
913397,1860,VESTVÅGØY,189596774,0,521.0,Hospits pensjonat,TB,Tatt i bruk,10101,10101,19480101,470.0,,,56499032.0,Hartvågen,4030.0,17.0,,,8340.0,STAMSUND
913398,1860,VESTVÅGØY,189596766,0,522.0,Vandre-/feriehjem,TB,Tatt i bruk,10101,10101,19360101,62.0,,,56487411.0,Hartvågen,4030.0,11.0,,,8340.0,STAMSUND
913399,1860,VESTVÅGØY,189596758,0,522.0,Vandre-/feriehjem,TB,Tatt i bruk,10101,10101,19340101,241.0,,,56487411.0,Hartvågen,4030.0,11.0,,,8340.0,STAMSUND
913400,1860,VESTVÅGØY,189596731,0,111.0,Enebolig,TB,Tatt i bruk,10101,10101,19600101,169.0,,,56487408.0,Hartvågen,4030.0,4.0,,,8340.0,STAMSUND
913401,1860,VESTVÅGØY,189596723,0,111.0,Enebolig,TB,Tatt i bruk,10101,10101,19560101,140.0,,,56487404.0,Hartvåghaugen,4029.0,7.0,,,8340.0,STAMSUND
913402,1860,VESTVÅGØY,189602596,0,181.0,Garasjeuthus anneks til bolig,TB,Tatt i bruk,10101,10101,10101,48.0,,,,,,,,,,
913403,1860,VESTVÅGØY,189602588,0,111.0,Enebolig,TB,Tatt i bruk,10101,10101,19500101,135.0,,,56493553.0,Knutstadveien,8103.0,397.0,,,8360.0,BØSTAD
913404,1860,VESTVÅGØY,189602561,0,111.0,Enebolig,TB,Tatt i bruk,10101,10101,10101,149.0,,,56493580.0,Alstad,8106.0,11.0,,,8360.0,BØSTAD
913405,1860,VESTVÅGØY,189602553,0,111.0,Enebolig,TB,Tatt i bruk,19780216,19780316,19780928,146.0,,,56493559.0,Knutstadveien,8103.0,445.0,,,8360.0,BØSTAD
913406,1860,VESTVÅGØY,189602545,0,111.0,Enebolig,TB,Tatt i bruk,10101,10101,19340101,77.0,,,56493561.0,Knutstadveien,8103.0,448.0,,,8360.0,BØSTAD
913407,1860,VESTVÅGØY,189602537,0,181.0,Garasjeuthus anneks til bolig,TB,Tatt i bruk,10101,10101,10101,77.0,,,,,,,,,,
913408,1860,VESTVÅGØY,189602529,0,181.0,Garasjeuthus anneks til bolig,TB,Tatt i bruk,10101,10101,10101,29.0,,,,,,,,,,
913409,1860,VESTVÅGØY,189602510,0,181.0,Garasjeuthus anneks til bolig,TB,Tatt i bruk,10101,10101,10101,142.0,,,,,,,,,,
913410,1860,VESTVÅGØY,189594305,0,111.0,Enebolig,TB,Tatt i bruk,10101,10101,19690101,188.0,,,56487013.0,Åsryggen,4007.0,20.0,,,8340.0,STAMSUND
913411,1860,VESTVÅGØY,189602502,0,111.0,Enebolig,TB,Tatt i bruk,10101,10101,19790101,115.0,,,56493594.0,Knutstadveien,8103.0,435.0,,,8360.0,BØSTAD
913412,1860,VESTVÅGØY,189594291,0,111.0,Enebolig,TB,Tatt i bruk,10101,10101,19620101,204.0,,,56487132.0,Sjybakken,4027.0,9.0,,,8340.0,STAMSUND
913413,1860,VESTVÅGØY,189602499,0,111.0,Enebolig,TB,Tatt i bruk,10101,10101,18750101,101.0,,,56493554.0,Knutstadveien,8103.0,433.0,,,8360.0,BØSTAD
913414,1860,VESTVÅGØY,189594283,0,111.0,Enebolig,BU,Bygningsnummer utgått,10101,10101,19630101,191.0,,,,,,,,,,
913415,1860,VESTVÅGØY,189602480,0,161.0,Fritidsbygg(hyttersommerh. ol,TB,Tatt i bruk,10101,10101,10101,43.0,,,56493555.0,Knutstadveien,8103.0,438.0,,,8360.0,BØSTAD
913416,1860,VESTVÅGØY,189594275,0,111.0,Enebolig,TB,Tatt i bruk,10101,10101,19821227,403.0,,,56487014.0,Åsryggen,4007.0,22.0,,,8340.0,STAMSUND
913417,1860,VESTVÅGØY,189602472,0,181.0,Garasjeuthus anneks til bolig,TB,Tatt i bruk,10101,10101,10101,96.0,,,,,,,,,,
913418,1860,VESTVÅGØY,189594267,0,131.0,Rekkehus,TB,Tatt i bruk,10101,10101,10101,204.0,,,56487129.0,Sjybakken,4027.0,1.0,,,8340.0,STAMSUND
913419,1860,VESTVÅGØY,189602464,0,182.0,Garasjeuth.anneks til fritidb,TB,Tatt i bruk,10101,10101,10101,100.0,,,,,,,,,,
913420,1860,VESTVÅGØY,189594259,0,111.0,Enebolig,TB,Tatt i bruk,10101,10101,19650101,185.0,,,56487043.0,Vestfjordgata,4008.0,37.0,,,8340.0,STAMSUND
913421,1860,VESTVÅGØY,189602456,0,161.0,Fritidsbygg(hyttersommerh. ol,TB,Tatt i bruk,10101,10101,10101,93.0,,,56493556.0,Knutstadveien,8103.0,440.0,,,8360.0,BØSTAD
913422,1860,VESTVÅGØY,189594240,0,122.0,"Tomannsbolig, horisontaldelt",TB,Tatt i bruk,10101,10101,19670109,261.0,,,56487045.0,Vestfjordgata,4008.0,39.0,,,8340.0,STAMSUND
913423,1860,VESTVÅGØY,189602448,0,182.0,Garasjeuth.anneks til fritidb,TB,Tatt i bruk,10101,10101,10101,19.0,,,,,,,,,,
913424,1860,VESTVÅGØY,189596510,0,219.0,Annen industribygning,TB,Tatt i bruk,10101,10101,10101,708.0,,,,,,,,,,
913425,1860,VESTVÅGØY,189596502,0,219.0,Annen industribygning,TB,Tatt i bruk,10101,10101,10101,209.0,,,,,,,,,,
913426,1860,VESTVÅGØY,189596499,0,232.0,Kjøle- og fryselager,TB,Tatt i bruk,19981029,19981030,19981130,1012.0,,,56487522.0,J.M.Johansens vei,4040.0,121.0,,,8340.0,STAMSUND
913427,1860,VESTVÅGØY,189602758,0,241.0,Hus for dyr/landbr.lager/silo,TB,Tatt i bruk,10101,10101,10101,43.0,,,,,,,,,,
913428,1860,VESTVÅGØY,189596480,0,111.0,Enebolig,BR,Bygning revet/brent,10101,10101,10101,0.0,,,,,,,,,,
913429,1860,VESTVÅGØY,189602731,0,161.0,Fritidsbygg(hyttersommerh. ol,TB,Tatt i bruk,10101,10101,10101,25.0,,,,,,,,,,
913430,1860,VESTVÅGØY,189596472,0,171.0,Seterhus sel rorbu o.l.,BR,Bygning revet/brent,10101,10101,10101,29.0,,,,,,,,,,
913431,1860,VESTVÅGØY,189602723,0,111.0,Enebolig,TB,Tatt i bruk,10101,10101,19550101,98.0,,,56493078.0,Knutstadveien,8103.0,283.0,,,8360.0,BØSTAD
913432,1860,VESTVÅGØY,189596464,0,171.0,Seterhus sel rorbu o.l.,TB,Tatt i bruk,10101,10101,18700101,216.0,,,56488596.0,Buøyveien,4046.0,10.0,,,8340.0,STAMSUND
913433,1860,VESTVÅGØY,189602715,0,182.0,Garasjeuth.anneks til fritidb,TB,Tatt i bruk,10101,10101,10101,63.0,,,,,,,,,,
913434,1860,VESTVÅGØY,189596456,0,669.0,Annet kulturhus,TB,Tatt i bruk,10101,10101,18700101,365.0,,,56488596.0,Buøyveien,4046.0,10.0,,,8340.0,STAMSUND
913435,1860,VESTVÅGØY,189602707,0,182.0,Garasjeuth.anneks til fritidb,TB,Tatt i bruk,10101,10101,10101,109.0,,,,,,,,,,
913436,1860,VESTVÅGØY,189596448,0,171.0,Seterhus sel rorbu o.l.,TB,Tatt i bruk,10101,10101,18700101,129.0,,,56488596.0,Buøyveien,4046.0,10.0,,,8340.0,STAMSUND
913437,1860,VESTVÅGØY,189602693,0,111.0,Enebolig,TB,Tatt i bruk,10101,10101,19200101,68.0,,,56493079.0,Knutstadveien,8103.0,305.0,,,8360.0,BØSTAD
913438,1860,VESTVÅGØY,189596421,0,161.0,Fritidsbygg(hyttersommerh. ol,TB,Tatt i bruk,10101,10101,10101,370.6,,,56494987.0,Buøyveien,4046.0,6.0,,,8340.0,STAMSUND
913439,1860,VESTVÅGØY,189602685,0,161.0,Fritidsbygg(hyttersommerh. ol,TB,Tatt i bruk,10101,10101,19200101,48.0,,,56495004.0,,,,,0.0,8360.0,BØSTAD
913440,1860,VESTVÅGØY,189596413,0,171.0,Seterhus sel rorbu o.l.,TB,Tatt i bruk,10101,10101,10101,70.0,,,56497003.0,Buøyveien,4046.0,11.0,,,8340.0,STAMSUND
913441,1860,VESTVÅGØY,189602677,0,181.0,Garasjeuthus anneks til bolig,BR,Bygning revet/brent,10101,10101,10101,0.0,,,,,,,,,,
913442,1860,VESTVÅGØY,189596405,0,111.0,Enebolig,BR,Bygning revet/brent,10101,10101,19300101,70.0,,,,,,,,,,
913443,1860,VESTVÅGØY,189602669,0,182.0,Garasjeuth.anneks til fritidb,TB,Tatt i bruk,10101,10101,10101,31.0,,,,,,,,,,
913444,1860,VESTVÅGØY,189596391,0,111.0,Enebolig,BR,Bygning revet/brent,10101,10101,10101,0.0,,,,,,,,,,
913445,1860,VESTVÅGØY,189602650,0,182.0,Garasjeuth.anneks til fritidb,TB,Tatt i bruk,10101,10101,10101,42.0,,,,,,,,,,
913446,1860,VESTVÅGØY,189602642,0,161.0,Fritidsbygg(hyttersommerh. ol,TB,Tatt i bruk,10101,10101,19200101,80.0,,,56493592.0,Knutstadveien,8103.0,393.0,,,8360.0,BØSTAD
913447,1860,VESTVÅGØY,189602634,0,161.0,Fritidsbygg(hyttersommerh. ol,BR,Bygning revet/brent,10101,10101,10101,0.0,,,56495003.0,,,,,0.0,8360.0,BØSTAD
913448,1860,VESTVÅGØY,189602626,0,111.0,Enebolig,TB,Tatt i bruk,10101,10101,18900101,120.0,,,56493593.0,Knutstadveien,8103.0,399.0,,,8360.0,BØSTAD
913449,1860,VESTVÅGØY,189598637,0,181.0,Garasjeuthus anneks til bolig,TB,Tatt i bruk,10101,10101,10101,32.0,,,,,,,,,,
913450,1860,VESTVÅGØY,189598629,0,181.0,Garasjeuthus anneks til bolig,TB,Tatt i bruk,10101,10101,10101,56.0,,,,,,,,,,
913451,1860,VESTVÅGØY,189598610,0,181.0,Garasjeuthus anneks til bolig,BR,Bygning revet/brent,10101,10101,10101,0.0,,,,,,,,,,
913452,1860,VESTVÅGØY,189598602,0,111.0,Enebolig,TB,Tatt i bruk,19771218,19771219,19780125,160.0,,,56491537.0,Langdragsveien,7005.0,50.0,,,8357.0,VALBERG
913453,1860,VESTVÅGØY,189598599,0,111.0,Enebolig,TB,Tatt i bruk,10101,10101,19000101,119.0,,,56497601.0,Langdragsveien,7005.0,60.0,,,8357.0,VALBERG
913454,1860,VESTVÅGØY,189598580,1,111.0,Enebolig,TB,Tatt i bruk,19910701,19910801,19911001,15.0,,,,,,,,,,
913455,1860,VESTVÅGØY,189598580,0,111.0,Enebolig,TB,Tatt i bruk,10101,10101,19200101,108.0,,,56491532.0,Langdragsveien,7005.0,16.0,,,8357.0,VALBERG
913456,1860,VESTVÅGØY,189598572,0,181.0,Garasjeuthus anneks til bolig,BR,Bygning revet/brent,10101,10101,10101,0.0,,,,,,,,,,
913457,1860,VESTVÅGØY,189593430,0,122.0,"Tomannsbolig, horisontaldelt",TB,Tatt i bruk,10101,10101,19500101,177.0,,,56495060.0,Georg Hansens vei,4054.0,14.0,,,8340.0,STAMSUND
913458,1860,VESTVÅGØY,189599048,1,161.0,Fritidsbygg(hyttersommerh. ol,TB,Tatt i bruk,19840802,19840902,19850117,12.0,,,,,,,,,,
913459,1860,VESTVÅGØY,189593422,0,181.0,Garasjeuthus anneks til bolig,TB,Tatt i bruk,10101,10101,10101,44.0,,,,,,,,,,
913460,1860,VESTVÅGØY,189599048,0,161.0,Fritidsbygg(hyttersommerh. ol,TB,Tatt i bruk,10101,10101,18900101,114.0,,,56491558.0,Hestøyveien,7004.0,23.0,,,8357.0,VALBERG
913461,1860,VESTVÅGØY,189593414,0,111.0,Enebolig,TB,Tatt i bruk,10101,10101,19550101,148.0,,,56495061.0,Georg Hansens vei,4054.0,11.0,,,8340.0,STAMSUND
913462,1860,VESTVÅGØY,189599021,0,183.0,Naust båthus sjøbu,TB,Tatt i bruk,10101,10101,10101,74.0,,,,,,,,,,
913463,1860,VESTVÅGØY,189593406,0,162.0,Helårsb.benyttes som fritidsb.,TB,Tatt i bruk,10101,10101,10101,76.0,,,56495062.0,Georg Hansens vei,4054.0,15.0,,,8340.0,STAMSUND
913464,1860,VESTVÅGØY,189599013,0,171.0,Seterhus sel rorbu o.l.,TB,Tatt i bruk,10101,10101,10101,48.0,,,56497607.0,Hestøyveien,7004.0,29.0,,,8357.0,VALBERG
913465,1860,VESTVÅGØY,189593392,0,181.0,Garasjeuthus anneks til bolig,TB,Tatt i bruk,10101,10101,10101,28.0,,,,,,,,,,
913466,1860,VESTVÅGØY,189593384,0,181.0,Garasjeuthus anneks til bolig,TB,Tatt i bruk,10101,10101,10101,32.0,,,,,,,,,,
913467,1860,VESTVÅGØY,189599005,0,181.0,Garasjeuthus anneks til bolig,TB,Tatt i bruk,19840119,19840209,19871210,26.0,,,,,,,,,,
913468,1860,VESTVÅGØY,189598998,0,182.0,Garasjeuth.anneks til fritidb,TB,Tatt i bruk,10101,10101,10101,46.0,,,,,,,,,,
913469,1860,VESTVÅGØY,189598971,0,181.0,Garasjeuthus anneks til bolig,BR,Bygning revet/brent,10101,10101,10101,0.0,,,,,,,,,,
913470,1860,VESTVÅGØY,189598963,0,182.0,Garasjeuth.anneks til fritidb,TB,Tatt i bruk,10101,10101,10101,67.0,,,,,,,,,,
913471,1860,VESTVÅGØY,189598955,0,111.0,Enebolig,TB,Tatt i bruk,10101,10101,19500101,130.0,,,56491527.0,Hestøyveien,7004.0,54.0,,,8357.0,VALBERG
913472,1860,VESTVÅGØY,189598947,0,162.0,Helårsb.benyttes som fritidsb.,TB,Tatt i bruk,10101,10101,19900101,142.0,,,56491529.0,Hestøyveien,7004.0,74.0,,,8357.0,VALBERG
913473,1860,VESTVÅGØY,189598920,0,183.0,Naust båthus sjøbu,TB,Tatt i bruk,10101,10101,10101,38.0,,,,,,,,,,
913474,1860,VESTVÅGØY,189598912,0,182.0,Garasjeuth.anneks til fritidb,TB,Tatt i bruk,10101,10101,10101,26.0,,,,,,,,,,
913475,1860,VESTVÅGØY,189598904,0,183.0,Naust båthus sjøbu,TB,Tatt i bruk,10101,10101,10101,26.0,,,,,,,,,,
913476,1860,VESTVÅGØY,189598890,0,161.0,Fritidsbygg(hyttersommerh. ol,TB,Tatt i bruk,10101,10101,19400101,65.0,,,56491555.0,Hestøyveien,7004.0,83.0,,,8357.0,VALBERG
913477,1860,VESTVÅGØY,189598882,0,182.0,Garasjeuth.anneks til fritidb,BR,Bygning revet/brent,10101,10101,10101,29.0,,,,,,,,,,
913478,1860,VESTVÅGØY,189593619,0,111.0,Enebolig,TB,Tatt i bruk,10101,10101,10101,188.0,,,56487415.0,Nybyen,4031.0,15.0,,,8340.0,STAMSUND
913479,1860,VESTVÅGØY,189593600,0,111.0,Enebolig,TB,Tatt i bruk,10101,10101,10101,166.0,,,56487416.0,Nybyen,4031.0,17.0,,,8340.0,STAMSUND
913480,1860,VESTVÅGØY,189599145,1,241.0,Hus for dyr/landbr.lager/silo,TB,Tatt i bruk,20070321,20070321,20070323,34.0,,,,,,,,,,
913481,1860,VESTVÅGØY,189601816,0,181.0,Garasjeuthus anneks til bolig,BU,Bygningsnummer utgått,19850812,19850912,19880210,48.0,,,,,,,,,,
913482,1860,VESTVÅGØY,189593597,0,111.0,Enebolig,TB,Tatt i bruk,10101,10101,19550101,228.0,,,56487417.0,Nybyen,4031.0,19.0,,,8340.0,STAMSUND
913483,1860,VESTVÅGØY,189599145,0,241.0,Hus for dyr/landbr.lager/silo,TB,Tatt i bruk,10101,10101,10101,566.0,,,,,,,,,,
913484,1860,VESTVÅGØY,189601808,0,181.0,Garasjeuthus anneks til bolig,BR,Bygning revet/brent,10101,10101,10101,0.0,,,,,,,,,,
913485,1860,VESTVÅGØY,189593589,0,181.0,Garasjeuthus anneks til bolig,TB,Tatt i bruk,10101,10101,10101,39.0,,,,,,,,,,
913486,1860,VESTVÅGØY,189599137,0,241.0,Hus for dyr/landbr.lager/silo,BU,Bygningsnummer utgått,10101,10101,10101,0.0,,,,,,,,,,
913487,1860,VESTVÅGØY,189601794,0,181.0,Garasjeuthus anneks til bolig,BR,Bygning revet/brent,10101,10101,10101,34.0,,,,,,,,,,
913488,1860,VESTVÅGØY,189593570,0,181.0,Garasjeuthus anneks til bolig,TB,Tatt i bruk,10101,10101,19881110,47.0,,,,,,,,,,
913489,1860,VESTVÅGØY,189599129,0,249.0,Annen landbruksbygning,TB,Tatt i bruk,10101,10101,10101,252.0,,,,,,,,,,
913490,1860,VESTVÅGØY,189601786,0,111.0,Enebolig,TB,Tatt i bruk,10101,10101,10101,104.0,,,56494267.0,Grundstadveien,8201.0,23.0,,,8360.0,BØSTAD
913491,1860,VESTVÅGØY,189593562,0,111.0,Enebolig,TB,Tatt i bruk,10101,10101,19620101,154.0,,,56487553.0,J.M.Johansens vei,4040.0,198.0,,,8340.0,STAMSUND
913492,1860,VESTVÅGØY,189599110,0,241.0,Hus for dyr/landbr.lager/silo,BR,Bygning revet/brent,10101,10101,10101,0.0,,,,,,,,,,
913493,1860,VESTVÅGØY,189601778,0,161.0,Fritidsbygg(hyttersommerh. ol,TB,Tatt i bruk,10101,10101,10101,27.0,,,335172471.0,Knutstadveien,8103.0,70.0,,,8360.0,BØSTAD
913494,1860,VESTVÅGØY,189593554,0,111.0,Enebolig,TB,Tatt i bruk,10101,10101,10101,225.0,,,56495051.0,J.M.Johansens vei,4040.0,192.0,,,8340.0,STAMSUND
913495,1860,VESTVÅGØY,189599102,0,183.0,Naust båthus sjøbu,BR,Bygning revet/brent,10101,10101,10101,0.0,,,,,,,,,,
913496,1860,VESTVÅGØY,189601751,0,111.0,Enebolig,TB,Tatt i bruk,10101,10101,10101,134.0,,,56493102.0,Knutstadveien,8103.0,12.0,,,8360.0,BØSTAD
913497,1860,VESTVÅGØY,189593546,0,111.0,Enebolig,TB,Tatt i bruk,10101,10101,19530101,125.0,,,56486958.0,Ringveien,4004.0,5.0,,,8340.0,STAMSUND
913498,1860,VESTVÅGØY,189599099,0,111.0,Enebolig,TB,Tatt i bruk,10101,10101,18300101,244.0,,,56496970.0,Hestøyveien,7004.0,28.0,,,8357.0,VALBERG
913499,1860,VESTVÅGØY,189601743,0,181.0,Garasjeuthus anneks til bolig,TB,Tatt i bruk,10101,10101,10101,36.0,,,,,,,,,,
913500,1860,VESTVÅGØY,189593538,0,111.0,Enebolig,TB,Tatt i bruk,10101,10101,10101,244.0,,,56487552.0,J.M.Johansens vei,4040.0,197.0,,,8340.0,STAMSUND
913501,1860,VESTVÅGØY,189599080,0,111.0,Enebolig,TB,Tatt i bruk,10101,10101,19180101,107.0,,,56491559.0,Hestøyveien,7004.0,26.0,,,8357.0,VALBERG
913502,1860,VESTVÅGØY,189601735,0,181.0,Garasjeuthus anneks til bolig,TB,Tatt i bruk,10101,10101,10101,62.0,,,,,,,,,,
913503,1860,VESTVÅGØY,189593511,0,181.0,Garasjeuthus anneks til bolig,TB,Tatt i bruk,10101,10101,19880209,28.0,,,,,,,,,,
913504,1860,VESTVÅGØY,189601727,0,182.0,Garasjeuth.anneks til fritidb,TB,Tatt i bruk,10101,10101,10101,15.0,,,,,,,,,,
913505,1860,VESTVÅGØY,189593503,1,111.0,Enebolig,RA,Rammetillatelse,20020527,10101,10101,32.0,,,56486959.0,Ringveien,4004.0,6.0,,,8340.0,STAMSUND
913506,1860,VESTVÅGØY,189599072,1,111.0,Enebolig,TB,Tatt i bruk,19910701,19910801,19920101,29.0,,,,,,,,,,
913507,1860,VESTVÅGØY,189601719,0,182.0,Garasjeuth.anneks til fritidb,TB,Tatt i bruk,10101,10101,10101,17.0,,,,,,,,,,
913508,1860,VESTVÅGØY,189593503,0,111.0,Enebolig,TB,Tatt i bruk,10101,10101,19830316,181.0,,,56486959.0,Ringveien,4004.0,6.0,,,8340.0,STAMSUND
913509,1860,VESTVÅGØY,189601700,0,182.0,Garasjeuth.anneks til fritidb,TB,Tatt i bruk,10101,10101,10101,73.0,,,,,,,,,,
913510,1860,VESTVÅGØY,189593473,0,111.0,Enebolig,TB,Tatt i bruk,10101,10101,19881028,186.0,,,56486960.0,Ringveien,4004.0,8.0,,,8340.0,STAMSUND
913511,1860,VESTVÅGØY,189599072,0,111.0,Enebolig,TB,Tatt i bruk,19671004,19671104,19691215,150.0,,,56492243.0,Valbergsveien,7007.0,1409.0,,,8357.0,VALBERG
913512,1860,VESTVÅGØY,189601697,0,161.0,Fritidsbygg(hyttersommerh. ol,TB,Tatt i bruk,10101,10101,19100101,80.0,,,56493063.0,Knutstadveien,8103.0,74.0,,,8360.0,BØSTAD
913513,1860,VESTVÅGØY,189593465,0,111.0,Enebolig,TB,Tatt i bruk,10101,10101,19830504,178.0,,,56495056.0,Georg Hansens vei,4054.0,1.0,,,8340.0,STAMSUND
913514,1860,VESTVÅGØY,189599064,0,111.0,Enebolig,TB,Tatt i bruk,10101,10101,19500101,81.0,,,56491621.0,Valbergsveien,7007.0,1405.0,,,8357.0,VALBERG
913515,1860,VESTVÅGØY,189593457,0,183.0,Naust båthus sjøbu,TB,Tatt i bruk,10101,10101,19250101,41.0,,,,,,,,,,
913516,1860,VESTVÅGØY,189599056,0,161.0,Fritidsbygg(hyttersommerh. ol,TB,Tatt i bruk,10101,10101,18900101,93.0,,,56491557.0,Hestøyveien,7004.0,17.0,,,8357.0,VALBERG
913517,1860,VESTVÅGØY,189593449,0,111.0,Enebolig,TB,Tatt i bruk,10101,10101,19400101,109.0,,,56495059.0,Georg Hansens vei,4054.0,10.0,,,8340.0,STAMSUND
913518,1860,VESTVÅGØY,189598734,1,111.0,Enebolig,TB,Tatt i bruk,20010611,20010701,20050421,122.0,,,56491632.0,Valbergsveien,7007.0,1576.0,,,8357.0,VALBERG
913519,1860,VESTVÅGØY,189598734,0,111.0,Enebolig,TB,Tatt i bruk,19840926,10101,19840927,110.0,,,56491632.0,Valbergsveien,7007.0,1576.0,,,8357.0,VALBERG
913520,1860,VESTVÅGØY,189598726,0,111.0,Enebolig,TB,Tatt i bruk,10101,10101,19500101,100.0,,,56491633.0,Valbergsveien,7007.0,1579.0,,,8357.0,VALBERG
913521,1860,VESTVÅGØY,189598718,0,181.0,Garasjeuthus anneks til bolig,TB,Tatt i bruk,10101,10101,10101,31.0,,,,,,,,,,
913522,1860,VESTVÅGØY,189598696,0,181.0,Garasjeuthus anneks til bolig,TB,Tatt i bruk,19850101,19850201,19870306,28.0,,,,,,,,,,
913523,1860,VESTVÅGØY,189598688,1,111.0,Enebolig,TB,Tatt i bruk,19761118,19761218,19770201,20.0,,,,,,,,,,
913524,1860,VESTVÅGØY,189598688,0,111.0,Enebolig,TB,Tatt i bruk,19670217,19670317,19681101,110.0,,,56492230.0,Valbergsveien,7007.0,1529.0,,,8357.0,VALBERG
913525,1860,VESTVÅGØY,189598661,1,111.0,Enebolig,TB,Tatt i bruk,19800711,19800811,19810101,30.0,,,,,,,,,,
913526,1860,VESTVÅGØY,189598661,0,111.0,Enebolig,TB,Tatt i bruk,10101,10101,19550101,108.0,,,56491534.0,Langdragsveien,7005.0,40.0,,,8357.0,VALBERG
913527,1860,VESTVÅGØY,189598653,0,111.0,Enebolig,TB,Tatt i bruk,10101,10101,19500101,128.0,,,56491533.0,Langdragsveien,7005.0,38.0,,,8357.0,VALBERG
913528,1860,VESTVÅGØY,189598645,0,181.0,Garasjeuthus anneks til bolig,TB,Tatt i bruk,10101,10101,10101,20.0,,,,,,,,,,
913529,1860,VESTVÅGØY,189598874,0,181.0,Garasjeuthus anneks til bolig,TB,Tatt i bruk,10101,10101,10101,38.0,,,,,,,,,,
913530,1860,VESTVÅGØY,189598866,0,181.0,Garasjeuthus anneks til bolig,TB,Tatt i bruk,10101,10101,10101,8.0,,,,,,,,,,
913531,1860,VESTVÅGØY,189598858,0,181.0,Garasjeuthus anneks til bolig,TB,Tatt i bruk,10101,10101,10101,18.0,,,,,,,,,,
913532,1860,VESTVÅGØY,189598831,0,111.0,Enebolig,TB,Tatt i bruk,10101,10101,19500101,95.0,,,56491528.0,Hestøyveien,7004.0,70.0,,,8357.0,VALBERG
913533,1860,VESTVÅGØY,189598823,0,111.0,Enebolig,TB,Tatt i bruk,10101,10101,19450101,83.0,,,56492219.0,Valbergsveien,7007.0,1632.0,,,8357.0,VALBERG
913534,1860,VESTVÅGØY,189598815,0,111.0,Enebolig,TB,Tatt i bruk,10101,10101,19500101,70.0,,,56492218.0,Valbergsveien,7007.0,1627.0,,,8357.0,VALBERG
913535,1860,VESTVÅGØY,189598807,0,181.0,Garasjeuthus anneks til bolig,TB,Tatt i bruk,10101,10101,10101,24.0,,,,,,,,,,
913536,1860,VESTVÅGØY,189598793,0,181.0,Garasjeuthus anneks til bolig,BR,Bygning revet/brent,10101,10101,10101,0.0,,,,,,,,,,
913537,1860,VESTVÅGØY,189598785,0,181.0,Garasjeuthus anneks til bolig,TB,Tatt i bruk,10101,10101,19220101,52.0,,,,,,,,,,
913538,1860,VESTVÅGØY,189598777,0,216.0,Bygn.for vannfors.bla. pumpest,TB,Tatt i bruk,10101,10101,10101,0.0,,,,,,,,,,
913539,1860,VESTVÅGØY,189598769,1,662.0,Samfunnshus grendehus,TB,Tatt i bruk,19811026,19811126,19830520,10.0,,,,,,,,,,
913540,1860,VESTVÅGØY,189598769,0,662.0,Samfunnshus grendehus,TB,Tatt i bruk,10101,10101,19900101,142.0,,,56491631.0,Valbergsveien,7007.0,1540.0,,,8357.0,VALBERG
913541,1860,VESTVÅGØY,189598750,0,181.0,Garasjeuthus anneks til bolig,TB,Tatt i bruk,10101,10101,10101,21.0,,,,,,,,,,
913542,1860,VESTVÅGØY,189598742,0,162.0,Helårsb.benyttes som fritidsb.,TB,Tatt i bruk,10101,10101,19500101,124.0,,,56492220.0,Valbergsveien,7007.0,1549.0,,,8357.0,VALBERG
913543,1860,VESTVÅGØY,189596286,0,171.0,Seterhus sel rorbu o.l.,FA,Ferdigattest,10101,10101,10101,78.0,,,56495855.0,J.M.Johansens vei,4040.0,95.0,,,8340.0,STAMSUND
913544,1860,VESTVÅGØY,189596278,0,171.0,Seterhus sel rorbu o.l.,BR,Bygning revet/brent,10101,10101,10101,0.0,,,,,,,,,,
913545,1860,VESTVÅGØY,189596251,1,219.0,Annen industribygning,BR,Bygning revet/brent,19910809,19910809,19950301,300.0,,,,,,,,,,
913546,1860,VESTVÅGØY,189596251,0,219.0,Annen industribygning,BR,Bygning revet/brent,10101,10101,10101,0.0,,,,,,,,,,
913547,1860,VESTVÅGØY,189596243,1,211.0,Fabrikkbygning,TB,Tatt i bruk,20050307,20050401,20060925,208.0,,,,,,,,,,
913548,1860,VESTVÅGØY,189596243,0,211.0,Fabrikkbygning,TB,Tatt i bruk,10101,10101,19790628,3639.0,,,56487648.0,Buøyveien,4046.0,7.0,,,8340.0,STAMSUND
913549,1860,VESTVÅGØY,189596235,0,244.0,Driftsb. fiske/fangst/oppdr,TB,Tatt i bruk,10101,10101,10101,708.0,,,,,,,,,,
913550,1860,VESTVÅGØY,189596227,0,244.0,Driftsb. fiske/fangst/oppdr,TB,Tatt i bruk,10101,10101,10101,686.0,,,,,,,,,,
913551,1860,VESTVÅGØY,189596219,0,181.0,Garasjeuthus anneks til bolig,TB,Tatt i bruk,10101,10101,10101,40.0,,,,,,,,,,
913552,1860,VESTVÅGØY,189596200,0,111.0,Enebolig,TB,Tatt i bruk,10101,10101,19370101,102.0,,,56487604.0,Buøyveien,4046.0,23.0,,,8340.0,STAMSUND
913553,1860,VESTVÅGØY,189596197,0,183.0,Naust båthus sjøbu,TB,Tatt i bruk,10101,10101,18950101,175.0,,,,,,,,,,
913554,1860,VESTVÅGØY,189596189,0,171.0,Seterhus sel rorbu o.l.,TB,Tatt i bruk,10101,10101,10101,228.0,,,,,,,,,,
913555,1860,VESTVÅGØY,189596170,0,248.0,Annen fiskeri- og fangstbygn.,TB,Tatt i bruk,10101,10101,10101,170.0,,,,,,,,,,
913556,1860,VESTVÅGØY,189596383,0,111.0,Enebolig,TB,Tatt i bruk,10101,10101,19400101,194.2,,,56495859.0,J.M.Johansens vei,4040.0,113.0,,,8340.0,STAMSUND
913557,1860,VESTVÅGØY,189596375,0,111.0,Enebolig,BR,Bygning revet/brent,10101,10101,10101,0.0,,,,,,,,,,
913558,1860,VESTVÅGØY,189596367,0,171.0,Seterhus sel rorbu o.l.,BR,Bygning revet/brent,10101,10101,10101,0.0,,,,,,,,,,
913559,1860,VESTVÅGØY,189596359,0,181.0,Garasjeuthus anneks til bolig,TB,Tatt i bruk,10101,10101,19870227,84.0,,,56494988.0,J.M.Johansens vei,4040.0,109.0,,,8340.0,STAMSUND
913560,1860,VESTVÅGØY,189596340,0,669.0,Annet kulturhus,TB,Tatt i bruk,10101,10101,18950101,268.7,,,56494988.0,J.M.Johansens vei,4040.0,109.0,,,8340.0,STAMSUND
913561,1860,VESTVÅGØY,189596332,0,181.0,Garasjeuthus anneks til bolig,TB,Tatt i bruk,10101,10101,10101,33.0,,,,,,,,,,
913562,1860,VESTVÅGØY,189596324,0,122.0,"Tomannsbolig, horisontaldelt",TB,Tatt i bruk,10101,10101,19400101,353.0,,,56495858.0,J.M.Johansens vei,4040.0,105.0,,,8340.0,STAMSUND
913563,1860,VESTVÅGØY,189596316,0,121.0,"Tomannsbolig, vertikaldelt",TB,Tatt i bruk,10101,10101,18250101,236.0,,,56487518.0,J.M.Johansens vei,4040.0,107.0,,,8340.0,STAMSUND
913564,1860,VESTVÅGØY,189596308,0,171.0,Seterhus sel rorbu o.l.,BR,Bygning revet/brent,10101,10101,10101,0.0,,,,,,,,,,
913565,1860,VESTVÅGØY,189596294,0,171.0,Seterhus sel rorbu o.l.,BR,Bygning revet/brent,10101,10101,10101,0.0,,,,,,,,,,
913566,1860,VESTVÅGØY,189596006,0,142.0,Stort frittliggende boligbygg på 3 og 4 etg.,FA,Ferdigattest,10101,10101,10101,1420.9,,,6266680485.0,J.M.Johansens vei,4040.0,165.0,H,,8340.0,STAMSUND
913567,1860,VESTVÅGØY,189595999,0,999.0,,TB,Tatt i bruk,10101,10101,19650101,0.0,,,56486976.0,Ringveien,4004.0,51.0,,,8340.0,STAMSUND
913568,1860,VESTVÅGØY,189595980,0,181.0,Garasjeuthus anneks til bolig,TB,Tatt i bruk,10101,10101,19570101,29.0,,,,,,,,,,
913569,1860,VESTVÅGØY,189595972,0,112.0,Enebolig m/hybel/sokkelleil.,TB,Tatt i bruk,10101,10101,19480101,188.0,,,56487426.0,Nybyen,4031.0,34.0,,,8340.0,STAMSUND
913570,1860,VESTVÅGØY,189595964,0,111.0,Enebolig,TB,Tatt i bruk,10101,10101,19500101,124.0,,,56486963.0,Ringveien,4004.0,17.0,,,8340.0,STAMSUND
913571,1860,VESTVÅGØY,189595956,0,111.0,Enebolig,TB,Tatt i bruk,10101,10101,19600101,162.0,,,56486978.0,Ringveien,4004.0,54.0,,,8340.0,STAMSUND
913572,1860,VESTVÅGØY,189595948,0,111.0,Enebolig,TB,Tatt i bruk,10101,10101,19580101,146.0,,,56486980.0,Ringveien,4004.0,56.0,,,8340.0,STAMSUND
913573,1860,VESTVÅGØY,189595921,0,111.0,Enebolig,TB,Tatt i bruk,10101,10101,19590101,159.0,,,56486981.0,Ringveien,4004.0,58.0,,,8340.0,STAMSUND
913574,1860,VESTVÅGØY,189595913,0,162.0,Helårsb.benyttes som fritidsb.,TB,Tatt i bruk,10101,10101,19200101,64.0,,,56488600.0,Hartvågveien,4021.0,7.0,,,8340.0,STAMSUND
913575,1860,VESTVÅGØY,189595905,1,111.0,Enebolig,TB,Tatt i bruk,19960118,19960218,19960930,38.0,,,,,,,,,,
913576,1860,VESTVÅGØY,189595905,0,111.0,Enebolig,TB,Tatt i bruk,10101,10101,19470101,132.0,,,56495055.0,J.H.Trys vei,4053.0,15.0,,,8340.0,STAMSUND
913577,1860,VESTVÅGØY,189595875,0,322.0,Butikk/forretningsbygning,TB,Tatt i bruk,10101,10101,10101,592.5,,,,,,,,,,
913578,1860,VESTVÅGØY,189595867,0,322.0,Butikk/forretningsbygning,TB,Tatt i bruk,10101,10101,10101,532.0,,,56487540.0,J.M.Johansens vei,4040.0,157.0,,,8340.0,STAMSUND
913579,1860,VESTVÅGØY,189595859,0,212.0,Verkstedbygning,TB,Tatt i bruk,10101,10101,19650101,113.0,,,,,,,,,,
913580,1860,VESTVÅGØY,189595840,0,111.0,Enebolig,TB,Tatt i bruk,10101,10101,19500101,159.0,,,56487113.0,Edvard Oddens vei,4026.0,4.0,,,8340.0,STAMSUND
913581,1860,VESTVÅGØY,189596162,0,212.0,Verkstedbygning,TB,Tatt i bruk,10101,10101,19761206,620.0,,,56495856.0,J.M.Johansens vei,4040.0,99.0,,,8340.0,STAMSUND
913582,1860,VESTVÅGØY,189596154,0,219.0,Annen industribygning,TB,Tatt i bruk,20010405,20010501,20020201,2351.1,,,,,,,,,,
913583,1860,VESTVÅGØY,189596146,0,111.0,Enebolig,TB,Tatt i bruk,10101,10101,19350101,82.0,,,56487476.0,Halsan,4039.0,1.0,,,8340.0,STAMSUND
913584,1860,VESTVÅGØY,189596138,0,182.0,Garasjeuth.anneks til fritidb,TB,Tatt i bruk,10101,10101,19700101,16.0,,,,,,,,,,
913585,1860,VESTVÅGØY,189596111,0,111.0,Enebolig,TB,Tatt i bruk,10101,10101,19520101,157.0,,,56487479.0,Halsan,4039.0,12.0,,,8340.0,STAMSUND
913586,1860,VESTVÅGØY,189596103,0,181.0,Garasjeuthus anneks til bolig,TB,Tatt i bruk,10101,10101,10101,43.0,,,,,,,,,,
913587,1860,VESTVÅGØY,189596081,0,111.0,Enebolig,TB,Tatt i bruk,10101,10101,19500101,72.0,,,56487536.0,J.M.Johansens vei,4040.0,150.0,,,8340.0,STAMSUND
913588,1860,VESTVÅGØY,189596073,0,181.0,Garasjeuthus anneks til bolig,BR,Bygning revet/brent,10101,10101,10101,0.0,,,,,,,,,,
913589,1860,VESTVÅGØY,189596065,0,111.0,Enebolig,TB,Tatt i bruk,10101,10101,19450101,204.0,,,56487537.0,J.M.Johansens vei,4040.0,154.0,,,8340.0,STAMSUND
913590,1860,VESTVÅGØY,189596057,1,322.0,Butikk/forretningsbygning,TB,Tatt i bruk,10101,10101,19870227,21.0,,,,,,,,,,
913591,1860,VESTVÅGØY,189596057,0,322.0,Butikk/forretningsbygning,TB,Tatt i bruk,10101,10101,10101,526.0,,,56487539.0,J.M.Johansens vei,4040.0,156.0,,,8340.0,STAMSUND
913592,1860,VESTVÅGØY,189596049,0,181.0,Garasjeuthus anneks til bolig,TB,Tatt i bruk,10101,10101,19530101,23.0,,,,,,,,,,
913593,1860,VESTVÅGØY,189596030,0,111.0,Enebolig,TB,Tatt i bruk,10101,10101,19380101,139.0,,,56486943.0,Halsbakkan,4003.0,8.0,,,8340.0,STAMSUND
913594,1860,VESTVÅGØY,189596022,0,111.0,Enebolig,BR,Bygning revet/brent,10101,10101,19450101,105.0,,,,,,,,,,
913595,1860,VESTVÅGØY,189596014,0,181.0,Garasjeuthus anneks til bolig,TB,Tatt i bruk,10101,10101,10101,100.0,,,,,,,,,,
913596,1860,VESTVÅGØY,189601018,0,181.0,Garasjeuthus anneks til bolig,TB,Tatt i bruk,10101,10101,10101,7.0,,,,,,,,,,
913597,1860,VESTVÅGØY,189598467,1,111.0,Enebolig,BA,Bygging avlyst,19960625,10101,10101,56.0,,,,,,,,,,
913598,1860,VESTVÅGØY,189600992,0,181.0,Garasjeuthus anneks til bolig,TB,Tatt i bruk,10101,10101,10101,25.0,,,,,,,,,,
913599,1860,VESTVÅGØY,189598467,0,111.0,Enebolig,TB,Tatt i bruk,10101,10101,19200101,92.0,,,56491538.0,Langdragsveien,7005.0,67.0,,,8357.0,VALBERG
913600,1860,VESTVÅGØY,189600984,0,181.0,Garasjeuthus anneks til bolig,TB,Tatt i bruk,10101,10101,10101,37.0,,,,,,,,,,
913601,1860,VESTVÅGØY,189600976,0,163.0,Våningh. benyttes som fritidsb,TB,Tatt i bruk,10101,10101,18800101,160.0,,,56491488.0,Tjønndalsveien,7002.0,40.0,,,8357.0,VALBERG
913602,1860,VESTVÅGØY,189598459,1,111.0,Enebolig,TB,Tatt i bruk,19880503,19880603,19890314,53.0,,,,,,,,,,
913603,1860,VESTVÅGØY,189600968,0,111.0,Enebolig,TB,Tatt i bruk,10101,10101,19530101,118.0,,,56497009.0,Tjønndalsveien,7002.0,50.0,,,8357.0,VALBERG
913604,1860,VESTVÅGØY,189598459,0,111.0,Enebolig,TB,Tatt i bruk,10101,10101,19500101,73.0,,,56491539.0,Langdragsveien,7005.0,81.0,,,8357.0,VALBERG
913605,1860,VESTVÅGØY,189600941,0,162.0,Helårsb.benyttes som fritidsb.,TB,Tatt i bruk,10101,10101,19500101,175.0,,,56491487.0,Tjønndalsveien,7002.0,42.0,,,8357.0,VALBERG
913606,1860,VESTVÅGØY,189598440,0,181.0,Garasjeuthus anneks til bolig,TB,Tatt i bruk,10101,10101,10101,26.0,,,,,,,,,,
913607,1860,VESTVÅGØY,189600933,0,181.0,Garasjeuthus anneks til bolig,TB,Tatt i bruk,10101,10101,10101,15.0,,,,,,,,,,
913608,1860,VESTVÅGØY,189598432,0,161.0,Fritidsbygg(hyttersommerh. ol,TB,Tatt i bruk,10101,10101,18900101,92.0,,,56499037.0,Langdragsveien,7005.0,91.0,,,8357.0,VALBERG
913609,1860,VESTVÅGØY,189600925,0,181.0,Garasjeuthus anneks til bolig,TB,Tatt i bruk,10101,10101,10101,80.0,,,,,,,,,,
913610,1860,VESTVÅGØY,189598424,0,183.0,Naust båthus sjøbu,TB,Tatt i bruk,10101,10101,10101,45.0,,,,,,,,,,
913611,1860,VESTVÅGØY,189600917,0,161.0,Fritidsbygg(hyttersommerh. ol,TB,Tatt i bruk,10101,10101,19400101,165.0,,,56491518.0,Tjønndalsveien,7002.0,46.0,,,8357.0,VALBERG
913612,1860,VESTVÅGØY,189598416,0,181.0,Garasjeuthus anneks til bolig,BR,Bygning revet/brent,10101,10101,10101,0.0,,,,,,,,,,
913613,1860,VESTVÅGØY,189600909,0,241.0,Hus for dyr/landbr.lager/silo,TB,Tatt i bruk,10101,10101,10101,120.0,,,,,,,,,,
913614,1860,VESTVÅGØY,189598408,0,182.0,Garasjeuth.anneks til fritidb,TB,Tatt i bruk,10101,10101,10101,35.0,,,,,,,,,,
913615,1860,VESTVÅGØY,189600895,0,181.0,Garasjeuthus anneks til bolig,TB,Tatt i bruk,10101,10101,10101,21.0,,,,,,,,,,
913616,1860,VESTVÅGØY,189598394,0,182.0,Garasjeuth.anneks til fritidb,TB,Tatt i bruk,10101,10101,10101,23.0,,,,,,,,,,
913617,1860,VESTVÅGØY,189600887,0,181.0,Garasjeuthus anneks til bolig,TB,Tatt i bruk,10101,10101,10101,19.0,,,,,,,,,,
913618,1860,VESTVÅGØY,189598386,0,182.0,Garasjeuth.anneks til fritidb,TB,Tatt i bruk,10101,10101,10101,4.0,,,56491554.0,Langdragsveien,7005.0,77.0,,,8357.0,VALBERG
913619,1860,VESTVÅGØY,189600879,0,113.0,Våningshus,TB,Tatt i bruk,10101,10101,10101,108.0,,,56490861.0,Lauvdalen,5015.0,316.0,,,8360.0,BØSTAD
913620,1860,VESTVÅGØY,189598378,0,161.0,Fritidsbygg(hyttersommerh. ol,TB,Tatt i bruk,10101,10101,19400101,67.0,,,56491554.0,Langdragsveien,7005.0,77.0,,,8357.0,VALBERG
913621,1860,VESTVÅGØY,189600860,0,163.0,Våningh. benyttes som fritidsb,TB,Tatt i bruk,10101,10101,10101,237.0,,,56490877.0,Lauvdalen,5015.0,328.0,,,8360.0,BØSTAD
913622,1860,VESTVÅGØY,189598351,1,111.0,Enebolig,TB,Tatt i bruk,19950627,19950727,19960101,43.0,,,,,,,,,,
913623,1860,VESTVÅGØY,189600852,0,241.0,Hus for dyr/landbr.lager/silo,TB,Tatt i bruk,10101,10101,10101,104.0,,,,,,,,,,
913624,1860,VESTVÅGØY,189600844,0,111.0,Enebolig,TB,Tatt i bruk,10101,10101,19500101,149.0,,,56490878.0,Lauvdalen,5015.0,334.0,,,8360.0,BØSTAD
913625,1860,VESTVÅGØY,189601166,0,161.0,Fritidsbygg(hyttersommerh. ol,TB,Tatt i bruk,10101,10101,10101,48.0,,,56491520.0,Tjønndalsveien,7002.0,166.0,,,8357.0,VALBERG
913626,1860,VESTVÅGØY,189601158,0,161.0,Fritidsbygg(hyttersommerh. ol,TB,Tatt i bruk,10101,10101,18800101,89.0,,,56491563.0,Tjønndalsveien,7002.0,165.0,,,8357.0,VALBERG
913627,1860,VESTVÅGØY,189603959,0,181.0,Garasjeuthus anneks til bolig,TB,Tatt i bruk,10101,10101,10101,51.0,,,,,,,,,,
913628,1860,VESTVÅGØY,189601131,0,182.0,Garasjeuth.anneks til fritidb,TB,Tatt i bruk,10101,10101,10101,43.0,,,,,,,,,,
913629,1860,VESTVÅGØY,189603940,0,181.0,Garasjeuthus anneks til bolig,TB,Tatt i bruk,10101,10101,19570101,152.0,,,,,,,,,,
913630,1860,VESTVÅGØY,189601123,0,161.0,Fritidsbygg(hyttersommerh. ol,TB,Tatt i bruk,10101,10101,19290101,140.0,,,56491519.0,Tjønndalsveien,7002.0,160.0,,,8357.0,VALBERG
913631,1860,VESTVÅGØY,189603932,0,111.0,Enebolig,TB,Tatt i bruk,10101,10101,10101,173.0,,,56495077.0,Alstad,8106.0,61.0,,,8360.0,BØSTAD
913632,1860,VESTVÅGØY,189601115,0,161.0,Fritidsbygg(hyttersommerh. ol,TB,Tatt i bruk,10101,10101,19400101,108.0,,,56491565.0,Tjønndalsveien,7002.0,120.0,,,8357.0,VALBERG
913633,1860,VESTVÅGØY,189603924,0,111.0,Enebolig,TB,Tatt i bruk,10101,10101,10101,341.0,,,56495076.0,Alstad,8106.0,63.0,,,8360.0,BØSTAD
913634,1860,VESTVÅGØY,189601107,0,182.0,Garasjeuth.anneks til fritidb,TB,Tatt i bruk,10101,10101,10101,43.0,,,,,,,,,,
913635,1860,VESTVÅGØY,189601093,0,182.0,Garasjeuth.anneks til fritidb,TB,Tatt i bruk,10101,10101,10101,98.0,,,,,,,,,,
913636,1860,VESTVÅGØY,189603916,0,111.0,Enebolig,TB,Tatt i bruk,19720320,19720420,19761124,184.0,,,56493585.0,Alstad,8106.0,69.0,,,8360.0,BØSTAD
913637,1860,VESTVÅGØY,189598564,0,182.0,Garasjeuth.anneks til fritidb,TB,Tatt i bruk,10101,10101,10101,23.4,,,,,,,,,,
913638,1860,VESTVÅGØY,189601085,0,161.0,Fritidsbygg(hyttersommerh. ol,TB,Tatt i bruk,10101,10101,10101,89.0,,,56491566.0,Tjønndalsveien,7002.0,118.0,,,8357.0,VALBERG
913639,1860,VESTVÅGØY,189603908,0,181.0,Garasjeuthus anneks til bolig,TB,Tatt i bruk,10101,10101,10101,52.0,,,,,,,,,,
913640,1860,VESTVÅGØY,189598556,0,182.0,Garasjeuth.anneks til fritidb,TB,Tatt i bruk,10101,10101,10101,28.0,,,,,,,,,,
913641,1860,VESTVÅGØY,189601077,0,111.0,Enebolig,TB,Tatt i bruk,10101,10101,19300101,107.0,,,56491485.0,Tjønndalsveien,7002.0,35.0,,,8357.0,VALBERG
913642,1860,VESTVÅGØY,189603894,0,181.0,Garasjeuthus anneks til bolig,BR,Bygning revet/brent,10101,10101,10101,0.0,,,,,,,,,,
913643,1860,VESTVÅGØY,189598548,0,161.0,Fritidsbygg(hyttersommerh. ol,BR,Bygning revet/brent,10101,10101,10101,0.0,,,,,,,,,,
913644,1860,VESTVÅGØY,189601069,0,241.0,Hus for dyr/landbr.lager/silo,TB,Tatt i bruk,10101,10101,10101,81.0,,,,,,,,,,
913645,1860,VESTVÅGØY,189603886,0,181.0,Garasjeuthus anneks til bolig,BR,Bygning revet/brent,10101,10101,10101,0.0,,,,,,,,,,
913646,1860,VESTVÅGØY,189598521,0,111.0,Enebolig,TB,Tatt i bruk,10101,10101,19500101,139.0,,,56491630.0,Valbergsveien,7007.0,1515.0,,,8357.0,VALBERG
913647,1860,VESTVÅGØY,189601050,0,181.0,Garasjeuthus anneks til bolig,TB,Tatt i bruk,10101,10101,10101,21.0,,,,,,,,,,
913648,1860,VESTVÅGØY,189598513,0,161.0,Fritidsbygg(hyttersommerh. ol,TB,Tatt i bruk,10101,10101,19500101,132.0,,,56491535.0,Langdragsveien,7005.0,44.0,,,8357.0,VALBERG
913649,1860,VESTVÅGØY,189601042,0,111.0,Enebolig,TB,Tatt i bruk,10101,10101,19500101,138.5,,,56491609.0,Valbergsveien,7007.0,866.0,,,8357.0,VALBERG
913650,1860,VESTVÅGØY,189603878,1,111.0,Enebolig,TB,Tatt i bruk,20040515,20040601,20050101,54.0,,,56493588.0,Alstad,8106.0,87.0,,,8360.0,BØSTAD
913651,1860,VESTVÅGØY,189598505,0,182.0,Garasjeuth.anneks til fritidb,TB,Tatt i bruk,10101,10101,10101,28.0,,,,,,,,,,
913652,1860,VESTVÅGØY,189603878,0,111.0,Enebolig,TB,Tatt i bruk,10101,10101,10101,175.0,,,56493588.0,Alstad,8106.0,87.0,,,8360.0,BØSTAD
913653,1860,VESTVÅGØY,189598491,0,161.0,Fritidsbygg(hyttersommerh. ol,TB,Tatt i bruk,10101,10101,19150101,61.0,,,56491536.0,Langdragsveien,7005.0,46.0,,,8357.0,VALBERG
913654,1860,VESTVÅGØY,189601034,1,162.0,Helårsb.benyttes som fritidsb.,TB,Tatt i bruk,19930701,19930713,19940112,24.0,,,,,,,,,,
913655,1860,VESTVÅGØY,189603851,0,111.0,Enebolig,BR,Bygning revet/brent,10101,10101,19000101,213.0,,,56493587.0,Alstad,8106.0,79.0,,,8360.0,BØSTAD
913656,1860,VESTVÅGØY,189598483,0,183.0,Naust båthus sjøbu,TB,Tatt i bruk,10101,10101,19991101,13.0,,,,,,,,,,
913657,1860,VESTVÅGØY,189601034,0,162.0,Helårsb.benyttes som fritidsb.,TB,Tatt i bruk,10101,10101,19900101,157.0,,,56491484.0,Tjønndalsveien,7002.0,31.0,,,8357.0,VALBERG
913658,1860,VESTVÅGØY,189603843,0,111.0,Enebolig,TB,Tatt i bruk,10101,10101,19400101,120.0,,,56493652.0,Alstad,8106.0,195.0,,,8360.0,BØSTAD
913659,1860,VESTVÅGØY,189598475,0,183.0,Naust båthus sjøbu,TB,Tatt i bruk,10101,10101,10101,83.0,,,,,,,,,,
913660,1860,VESTVÅGØY,189601026,0,162.0,Helårsb.benyttes som fritidsb.,TB,Tatt i bruk,10101,10101,19500101,69.0,,,56491486.0,Tjønndalsveien,7002.0,32.0,,,8357.0,VALBERG
913661,1860,VESTVÅGØY,189603835,0,111.0,Enebolig,BR,Bygning revet/brent,10101,10101,10101,0.0,,,,,,,,,,
913662,1860,VESTVÅGØY,189598173,0,249.0,Annen landbruksbygning,TB,Tatt i bruk,10101,10101,19000101,116.0,,,56495008.0,Valbergsveien,7007.0,876.0,,,8357.0,VALBERG
913663,1860,VESTVÅGØY,189600674,0,181.0,Garasjeuthus anneks til bolig,TB,Tatt i bruk,10101,10101,10101,24.0,,,,,,,,,,
913664,1860,VESTVÅGØY,189598165,0,181.0,Garasjeuthus anneks til bolig,TB,Tatt i bruk,10101,10101,10101,44.0,,,,,,,,,,
913665,1860,VESTVÅGØY,189600666,0,111.0,Enebolig,TB,Tatt i bruk,10101,10101,19900101,154.0,,,56490883.0,Vendalsjorden,5017.0,21.0,,,8360.0,BØSTAD
913666,1860,VESTVÅGØY,189598157,0,524.0,Camping/utleiehytte,TB,Tatt i bruk,10101,10101,10101,45.0,,,56495740.0,Valbergsveien,7007.0,841.0,,,8357.0,VALBERG
913667,1860,VESTVÅGØY,189600658,0,181.0,Garasjeuthus anneks til bolig,TB,Tatt i bruk,10101,10101,10101,90.0,,,,,,,,,,
913668,1860,VESTVÅGØY,189598149,0,524.0,Camping/utleiehytte,TB,Tatt i bruk,10101,10101,19980101,60.0,,,,,,,,,,
913669,1860,VESTVÅGØY,189598130,0,524.0,Camping/utleiehytte,TB,Tatt i bruk,10101,10101,10101,12.0,,,,,,,,,,
913670,1860,VESTVÅGØY,189600631,1,241.0,Hus for dyr/landbr.lager/silo,TB,Tatt i bruk,20060928,20061028,20061201,2.0,,,,,,,,,,
913671,1860,VESTVÅGØY,189598122,0,524.0,Camping/utleiehytte,TB,Tatt i bruk,10101,10101,10101,12.0,,,,,,,,,,
913672,1860,VESTVÅGØY,189600631,0,241.0,Hus for dyr/landbr.lager/silo,TB,Tatt i bruk,10101,10101,19400101,313.3,,,,,,,,,,
913673,1860,VESTVÅGØY,189598114,0,524.0,Camping/utleiehytte,TB,Tatt i bruk,10101,10101,10101,12.0,,,,,,,,,,
913674,1860,VESTVÅGØY,189600623,0,111.0,Enebolig,TB,Tatt i bruk,10101,10101,19900101,196.0,,,56490885.0,Vendalsjorden,5017.0,33.0,,,8360.0,BØSTAD
913675,1860,VESTVÅGØY,189598106,0,524.0,Camping/utleiehytte,TB,Tatt i bruk,10101,10101,10101,12.0,,,,,,,,,,
913676,1860,VESTVÅGØY,189600615,0,161.0,Fritidsbygg(hyttersommerh. ol,BR,Bygning revet/brent,10101,10101,10101,0.0,,,56483911.0,,,,,0.0,8360.0,BØSTAD
913677,1860,VESTVÅGØY,189598092,0,524.0,Camping/utleiehytte,TB,Tatt i bruk,10101,10101,10101,12.0,,,,,,,,,,
913678,1860,VESTVÅGØY,189598084,0,524.0,Camping/utleiehytte,TB,Tatt i bruk,10101,10101,10101,12.0,,,,,,,,,,
913679,1860,VESTVÅGØY,189598076,2,212.0,Verkstedbygning,TB,Tatt i bruk,19910601,19910601,19910615,280.0,,,,,,,,,,
913680,1860,VESTVÅGØY,189598076,1,212.0,Verkstedbygning,TB,Tatt i bruk,19821101,19821201,19830520,180.0,,,,,,,,,,
913681,1860,VESTVÅGØY,189598076,0,212.0,Verkstedbygning,TB,Tatt i bruk,10101,10101,10101,622.0,,,56491590.0,Valbergsveien,7007.0,849.0,,,8357.0,VALBERG
913682,1860,VESTVÅGØY,189598068,0,323.0,Bensinstasjon,TB,Tatt i bruk,10101,10101,10101,150.0,,,56491608.0,Valbergsveien,7007.0,850.0,,,8357.0,VALBERG
913683,1860,VESTVÅGØY,189598351,0,111.0,Enebolig,TB,Tatt i bruk,19910712,19910812,19920923,205.0,,,56491595.0,Valbergsveien,7007.0,930.0,,,8357.0,VALBERG
913684,1860,VESTVÅGØY,189600836,0,181.0,Garasjeuthus anneks til bolig,TB,Tatt i bruk,10101,10101,10101,38.0,,,,,,,,,,
913685,1860,VESTVÅGØY,189598343,0,181.0,Garasjeuthus anneks til bolig,TB,Tatt i bruk,10101,10101,10101,16.0,,,,,,,,,,
913686,1860,VESTVÅGØY,189600828,0,181.0,Garasjeuthus anneks til bolig,TB,Tatt i bruk,10101,10101,10101,59.0,,,,,,,,,,
913687,1860,VESTVÅGØY,189598335,0,161.0,Fritidsbygg(hyttersommerh. ol,TB,Tatt i bruk,10101,10101,18800101,90.0,,,56491611.0,Valbergsveien,7007.0,924.0,,,8357.0,VALBERG
913688,1860,VESTVÅGØY,189600801,0,111.0,Enebolig,TB,Tatt i bruk,10101,10101,19400101,148.0,,,56490863.0,Lauvdalen,5015.0,338.0,,,8360.0,BØSTAD
913689,1860,VESTVÅGØY,189598327,0,249.0,Annen landbruksbygning,TB,Tatt i bruk,10101,10101,19800101,103.0,,,,,,,,,,
913690,1860,VESTVÅGØY,189600798,0,113.0,Våningshus,TB,Tatt i bruk,10101,10101,19400101,89.0,,,56490864.0,Lauvdalen,5015.0,352.0,,,8360.0,BØSTAD
913691,1860,VESTVÅGØY,189598319,0,111.0,Enebolig,TB,Tatt i bruk,10101,10101,18800101,126.0,,,56491594.0,Valbergsveien,7007.0,904.0,,,8357.0,VALBERG
913692,1860,VESTVÅGØY,189600771,0,181.0,Garasjeuthus anneks til bolig,TB,Tatt i bruk,10101,10101,19400101,58.0,,,,,,,,,,
913693,1860,VESTVÅGØY,189598300,0,241.0,Hus for dyr/landbr.lager/silo,TB,Tatt i bruk,10101,10101,18500101,166.0,,,,,,,,,,
913694,1860,VESTVÅGØY,189600763,0,181.0,Garasjeuthus anneks til bolig,TB,Tatt i bruk,10101,10101,10101,24.0,,,,,,,,,,
913695,1860,VESTVÅGØY,189598297,0,111.0,Enebolig,TB,Tatt i bruk,10101,10101,10101,166.3,,,56491610.0,Valbergsveien,7007.0,906.0,,,8357.0,VALBERG
913696,1860,VESTVÅGØY,189600755,0,181.0,Garasjeuthus anneks til bolig,TB,Tatt i bruk,10101,10101,10101,244.0,,,,,,,,,,
913697,1860,VESTVÅGØY,189598289,0,183.0,Naust båthus sjøbu,TB,Tatt i bruk,10101,10101,17000101,42.0,,,,,,,,,,
913698,1860,VESTVÅGØY,189598270,0,181.0,Garasjeuthus anneks til bolig,TB,Tatt i bruk,10101,10101,17000101,42.0,,,,,,,,,,
913699,1860,VESTVÅGØY,189600747,0,111.0,Enebolig,TB,Tatt i bruk,19700706,19700806,19720118,183.0,,,56490240.0,Pollveien,5010.0,490.0,,,8360.0,BØSTAD
913700,1860,VESTVÅGØY,189598262,0,181.0,Garasjeuthus anneks til bolig,TB,Tatt i bruk,10101,10101,19750101,26.0,,,,,,,,,,
913701,1860,VESTVÅGØY,189598254,0,111.0,Enebolig,TB,Tatt i bruk,10101,10101,19650101,159.0,,,56491593.0,Valbergsveien,7007.0,894.0,,,8357.0,VALBERG
913702,1860,VESTVÅGØY,189600739,0,111.0,Enebolig,TB,Tatt i bruk,19760323,19760423,19761124,195.0,,,56490241.0,Pollveien,5010.0,500.0,,,8360.0,BØSTAD
913703,1860,VESTVÅGØY,189598246,0,241.0,Hus for dyr/landbr.lager/silo,TB,Tatt i bruk,10101,10101,19760101,290.0,,,,,,,,,,
913704,1860,VESTVÅGØY,189600720,0,161.0,Fritidsbygg(hyttersommerh. ol,BR,Bygning revet/brent,10101,10101,10101,0.0,,,56490286.0,Pollveien,5010.0,496.0,,,8360.0,BØSTAD
913705,1860,VESTVÅGØY,189598238,0,111.0,Enebolig,TB,Tatt i bruk,10101,10101,18500101,167.0,,,56491591.0,Valbergsveien,7007.0,882.0,,,8357.0,VALBERG
913706,1860,VESTVÅGØY,189600712,0,241.0,Hus for dyr/landbr.lager/silo,TB,Tatt i bruk,10101,10101,19000101,8.0,,,,,,,,,,
913707,1860,VESTVÅGØY,189598211,0,181.0,Garasjeuthus anneks til bolig,TB,Tatt i bruk,10101,10101,18600101,12.0,,,,,,,,,,
913708,1860,VESTVÅGØY,189600704,0,181.0,Garasjeuthus anneks til bolig,TB,Tatt i bruk,10101,10101,18800101,48.0,,,,,,,,,,
913709,1860,VESTVÅGØY,189598203,0,181.0,Garasjeuthus anneks til bolig,TB,Tatt i bruk,10101,10101,18600101,26.0,,,,,,,,,,
913710,1860,VESTVÅGØY,189600690,0,163.0,Våningh. benyttes som fritidsb,TB,Tatt i bruk,10101,10101,19360101,150.0,,,56490882.0,Vendalsjorden,5017.0,17.0,,,8360.0,BØSTAD
913711,1860,VESTVÅGØY,189598181,0,183.0,Naust båthus sjøbu,TB,Tatt i bruk,10101,10101,18600101,49.0,,,,,,,,,,
913712,1860,VESTVÅGØY,189600682,0,181.0,Garasjeuthus anneks til bolig,TB,Tatt i bruk,10101,10101,19380101,91.0,,,,,,,,,,
913713,1860,VESTVÅGØY,189595689,0,111.0,Enebolig,TB,Tatt i bruk,10101,10101,10101,205.0,,,56486946.0,Halsbakkan,4003.0,11.0,,,8340.0,STAMSUND
913714,1860,VESTVÅGØY,189601611,0,111.0,Enebolig,TB,Tatt i bruk,10101,10101,19500101,169.0,,,56493066.0,Knutstadveien,8103.0,92.0,,,8360.0,BØSTAD
913715,1860,VESTVÅGØY,189595670,0,111.0,Enebolig,TB,Tatt i bruk,10101,10101,10101,171.0,,,56486979.0,Ringveien,4004.0,55.0,,,8340.0,STAMSUND
913716,1860,VESTVÅGØY,189601603,0,182.0,Garasjeuth.anneks til fritidb,TB,Tatt i bruk,10101,10101,10101,67.0,,,,,,,,,,
913717,1860,VESTVÅGØY,189595662,0,111.0,Enebolig,TB,Tatt i bruk,10101,10101,19580101,154.0,,,56486947.0,Halsbakkan,4003.0,13.0,,,8340.0,STAMSUND
913718,1860,VESTVÅGØY,189601581,0,181.0,Garasjeuthus anneks til bolig,TB,Tatt i bruk,10101,10101,19890101,28.0,,,,,,,,,,
913719,1860,VESTVÅGØY,189595654,0,111.0,Enebolig,TB,Tatt i bruk,10101,10101,19741220,207.0,,,56486970.0,Ringveien,4004.0,42.0,,,8340.0,STAMSUND
913720,1860,VESTVÅGØY,189601573,0,181.0,Garasjeuthus anneks til bolig,TB,Tatt i bruk,10101,10101,19550101,21.0,,,,,,,,,,
913721,1860,VESTVÅGØY,189595646,0,111.0,Enebolig,TB,Tatt i bruk,10101,10101,19741119,165.0,,,56486972.0,Ringveien,4004.0,44.0,,,8340.0,STAMSUND
913722,1860,VESTVÅGØY,189601565,1,111.0,Enebolig,IG,Igangsettingstillatelse,20070611,20070711,10101,7.0,,,,,,,,,,
913723,1860,VESTVÅGØY,189595638,0,112.0,Enebolig m/hybel/sokkelleil.,TB,Tatt i bruk,10101,10101,19760608,183.0,,,56486974.0,Ringveien,4004.0,47.0,,,8340.0,STAMSUND
913724,1860,VESTVÅGØY,189601565,0,111.0,Enebolig,TB,Tatt i bruk,10101,10101,19540101,58.0,,,56493104.0,Knutstadveien,8103.0,95.0,,,8360.0,BØSTAD
913725,1860,VESTVÅGØY,189595611,0,111.0,Enebolig,TB,Tatt i bruk,10101,10101,19680101,147.0,,,56486977.0,Ringveien,4004.0,53.0,,,8340.0,STAMSUND
913726,1860,VESTVÅGØY,189601557,0,111.0,Enebolig,TB,Tatt i bruk,10101,10101,19540101,162.0,,,56493572.0,Ellstadveien,8105.0,38.0,,,8360.0,BØSTAD
913727,1860,VESTVÅGØY,189595603,0,112.0,Enebolig m/hybel/sokkelleil.,TB,Tatt i bruk,10101,10101,10101,144.0,,,56486975.0,Ringveien,4004.0,49.0,,,8340.0,STAMSUND
913728,1860,VESTVÅGØY,189601549,0,181.0,Garasjeuthus anneks til bolig,TB,Tatt i bruk,10101,10101,10101,17.0,,,,,,,,,,
913729,1860,VESTVÅGØY,189595581,0,111.0,Enebolig,TB,Tatt i bruk,10101,10101,19761220,157.0,,,56486973.0,Ringveien,4004.0,45.0,,,8340.0,STAMSUND
913730,1860,VESTVÅGØY,189601530,0,111.0,Enebolig,TB,Tatt i bruk,10101,10101,10101,125.0,,,56493596.0,Ellstadveien,8105.0,42.0,,,8360.0,BØSTAD
913731,1860,VESTVÅGØY,189595573,0,111.0,Enebolig,TB,Tatt i bruk,10101,10101,19791218,204.0,,,56488599.0,Hartvågveien,4021.0,32.0,,,8340.0,STAMSUND
913732,1860,VESTVÅGØY,189601522,0,161.0,Fritidsbygg(hyttersommerh. ol,TB,Tatt i bruk,10101,10101,19300101,84.0,,,56493569.0,Ellstadveien,8105.0,7.0,,,8360.0,BØSTAD
913733,1860,VESTVÅGØY,189595565,0,111.0,Enebolig,TB,Tatt i bruk,10101,10101,19820722,186.0,,,56486967.0,Ringveien,4004.0,33.0,,,8340.0,STAMSUND
913734,1860,VESTVÅGØY,189601514,0,161.0,Fritidsbygg(hyttersommerh. ol,TB,Tatt i bruk,10101,10101,19450101,113.0,,,56493570.0,Ellstadveien,8105.0,23.0,,,8360.0,BØSTAD
913735,1860,VESTVÅGØY,189595557,0,111.0,Enebolig,TB,Tatt i bruk,10101,10101,19800305,177.0,,,56486969.0,Ringveien,4004.0,39.0,,,8340.0,STAMSUND
913736,1860,VESTVÅGØY,189595549,0,181.0,Garasjeuthus anneks til bolig,TB,Tatt i bruk,10101,10101,19400101,19.0,,,,,,,,,,
913737,1860,VESTVÅGØY,189601506,0,181.0,Garasjeuthus anneks til bolig,TB,Tatt i bruk,19861008,19861108,19881123,30.0,,,,,,,,,,
913738,1860,VESTVÅGØY,189595530,0,111.0,Enebolig,TB,Tatt i bruk,10101,10101,19600101,187.0,,,56486950.0,Halsbakkan,4003.0,27.0,,,8340.0,STAMSUND
913739,1860,VESTVÅGØY,189595522,2,112.0,Enebolig m/hybel/sokkelleil.,TB,Tatt i bruk,20070521,20070621,20080101,46.0,,,,,,,,,,
913740,1860,VESTVÅGØY,189601492,0,181.0,Garasjeuthus anneks til bolig,TB,Tatt i bruk,19860619,19860719,19881115,20.0,,,,,,,,,,
913741,1860,VESTVÅGØY,189595832,0,111.0,Enebolig,TB,Tatt i bruk,10101,10101,19500101,244.0,,,56487112.0,Edvard Oddens vei,4026.0,3.0,,,8340.0,STAMSUND
913742,1860,VESTVÅGØY,189595824,0,162.0,Helårsb.benyttes som fritidsb.,TB,Tatt i bruk,10101,10101,19100101,66.0,,,56487114.0,Edvard Oddens vei,4026.0,5.0,,,8340.0,STAMSUND
913743,1860,VESTVÅGØY,189595816,1,111.0,Enebolig,TB,Tatt i bruk,19970521,19970528,19980604,80.0,,,,,,,,,,
913744,1860,VESTVÅGØY,189595816,0,111.0,Enebolig,TB,Tatt i bruk,10101,10101,10101,156.0,,,56487405.0,Hartvåghaugen,4029.0,8.0,,,8340.0,STAMSUND
913745,1860,VESTVÅGØY,189595808,0,111.0,Enebolig,TB,Tatt i bruk,10101,10101,19250101,56.0,,,56495131.0,Hartvågen,4030.0,1.0,,,8340.0,STAMSUND
913746,1860,VESTVÅGØY,189595794,0,111.0,Enebolig,TB,Tatt i bruk,10101,10101,10101,81.0,,,56486939.0,Halsbakkan,4003.0,3.0,,,8340.0,STAMSUND
913747,1860,VESTVÅGØY,189595786,0,111.0,Enebolig,TB,Tatt i bruk,10101,10101,19490101,98.0,,,56486938.0,Halsbakkan,4003.0,2.0,,,8340.0,STAMSUND
913748,1860,VESTVÅGØY,189595778,0,111.0,Enebolig,TB,Tatt i bruk,10101,10101,19620101,146.0,,,56486940.0,Halsbakkan,4003.0,4.0,,,8340.0,STAMSUND
913749,1860,VESTVÅGØY,189595751,0,162.0,Helårsb.benyttes som fritidsb.,TB,Tatt i bruk,10101,10101,19490101,125.0,,,56486942.0,Halsbakkan,4003.0,7.0,,,8340.0,STAMSUND
913750,1860,VESTVÅGØY,189595743,0,162.0,Helårsb.benyttes som fritidsb.,TB,Tatt i bruk,10101,10101,10101,102.0,,,56486944.0,Halsbakkan,4003.0,9.0,,,8340.0,STAMSUND
913751,1860,VESTVÅGØY,189601689,0,161.0,Fritidsbygg(hyttersommerh. ol,TB,Tatt i bruk,10101,10101,19400101,80.0,,,56493065.0,Knutstadveien,8103.0,84.0,,,8360.0,BØSTAD
913752,1860,VESTVÅGØY,189595735,0,111.0,Enebolig,TB,Tatt i bruk,10101,10101,10101,130.0,,,56486941.0,Halsbakkan,4003.0,6.0,,,8340.0,STAMSUND
913753,1860,VESTVÅGØY,189601670,0,182.0,Garasjeuth.anneks til fritidb,TB,Tatt i bruk,10101,10101,10101,13.0,,,,,,,,,,
913754,1860,VESTVÅGØY,189595727,0,111.0,Enebolig,TB,Tatt i bruk,10101,10101,10101,214.0,,,56488601.0,Hartvågveien,4021.0,11.0,,,8340.0,STAMSUND
913755,1860,VESTVÅGØY,189601662,0,182.0,Garasjeuth.anneks til fritidb,TB,Tatt i bruk,10101,10101,10101,29.0,,,,,,,,,,
913756,1860,VESTVÅGØY,189595719,0,111.0,Enebolig,TB,Tatt i bruk,10101,10101,19710101,169.0,,,56497136.0,Ringveien,4004.0,50.0,,,8340.0,STAMSUND
913757,1860,VESTVÅGØY,189601654,0,161.0,Fritidsbygg(hyttersommerh. ol,TB,Tatt i bruk,10101,10101,19000101,61.0,,,56493062.0,Knutstadveien,8103.0,64.0,,,8360.0,BØSTAD
913758,1860,VESTVÅGØY,189595700,0,181.0,Garasjeuthus anneks til bolig,TB,Tatt i bruk,10101,10101,10101,36.0,,,,,,,,,,
913759,1860,VESTVÅGØY,189601646,0,162.0,Helårsb.benyttes som fritidsb.,TB,Tatt i bruk,10101,10101,19500101,100.0,,,56493103.0,Knutstadveien,8103.0,69.0,,,8360.0,BØSTAD
913760,1860,VESTVÅGØY,189595697,0,181.0,Garasjeuthus anneks til bolig,TB,Tatt i bruk,10101,10101,10101,27.0,,,,,,,,,,
913761,1860,VESTVÅGØY,189601638,0,161.0,Fritidsbygg(hyttersommerh. ol,TB,Tatt i bruk,10101,10101,10101,133.0,,,56493064.0,Knutstadveien,8103.0,77.0,,,8360.0,BØSTAD
913762,1860,VESTVÅGØY,189595352,0,111.0,Enebolig,TB,Tatt i bruk,10101,10101,19450101,182.0,,,56487091.0,Huldreveien,4019.0,7.0,,,8340.0,STAMSUND
913763,1860,VESTVÅGØY,189601336,1,159.0,Annen bygning for bofellesskap,TB,Tatt i bruk,10101,10101,19940101,148.0,,,,,,,,,,
913764,1860,VESTVÅGØY,189595344,0,111.0,Enebolig,TB,Tatt i bruk,10101,10101,19540101,195.0,,,56487093.0,Huldreveien,4019.0,10.0,,,8340.0,STAMSUND
913765,1860,VESTVÅGØY,189601336,0,159.0,Annen bygning for bofellesskap,TB,Tatt i bruk,10101,10101,19900101,392.0,,,56493073.0,Knutstadveien,8103.0,240.0,,,8360.0,BØSTAD
913766,1860,VESTVÅGØY,189601328,0,181.0,Garasjeuthus anneks til bolig,TB,Tatt i bruk,10101,10101,10101,17.0,,,,,,,,,,
913767,1860,VESTVÅGØY,189601301,0,112.0,Enebolig m/hybel/sokkelleil.,BU,Bygningsnummer utgått,10101,10101,10101,0.0,,,,,,,,,,
913768,1860,VESTVÅGØY,189601298,0,181.0,Garasjeuthus anneks til bolig,TB,Tatt i bruk,10101,10101,19480101,61.0,,,,,,,,,,
913769,1860,VESTVÅGØY,189601271,0,181.0,Garasjeuthus anneks til bolig,TB,Tatt i bruk,10101,10101,20020101,72.0,,,,,,,,,,
913770,1860,VESTVÅGØY,189601263,0,111.0,Enebolig,TB,Tatt i bruk,10101,10101,19480101,155.0,,,56493071.0,Knutstadveien,8103.0,213.0,,,8360.0,BØSTAD
913771,1860,VESTVÅGØY,189601255,0,241.0,Hus for dyr/landbr.lager/silo,TB,Tatt i bruk,10101,10101,10101,126.0,,,,,,,,,,
913772,1860,VESTVÅGØY,189601247,0,111.0,Enebolig,TB,Tatt i bruk,10101,10101,19570101,93.0,,,56493072.0,Knutstadveien,8103.0,227.0,,,8360.0,BØSTAD
913773,1860,VESTVÅGØY,189601239,0,181.0,Garasjeuthus anneks til bolig,TB,Tatt i bruk,10101,10101,10101,23.0,,,,,,,,,,
913774,1860,VESTVÅGØY,189601220,0,181.0,Garasjeuthus anneks til bolig,TB,Tatt i bruk,10101,10101,10101,90.0,,,,,,,,,,
913775,1860,VESTVÅGØY,189601212,0,121.0,"Tomannsbolig, vertikaldelt",TB,Tatt i bruk,10101,10101,10101,257.0,,,56493061.0,Torvdalsveien,8102.0,325.0,,,8360.0,BØSTAD
913776,1860,VESTVÅGØY,189601204,0,111.0,Enebolig,TB,Tatt i bruk,10101,10101,10101,129.0,,,56493060.0,Torvdalsveien,8102.0,283.0,,,8360.0,BØSTAD
913777,1860,VESTVÅGØY,189601190,0,181.0,Garasjeuthus anneks til bolig,TB,Tatt i bruk,10101,10101,10101,44.0,,,,,,,,,,
913778,1860,VESTVÅGØY,189601182,0,241.0,Hus for dyr/landbr.lager/silo,BR,Bygning revet/brent,10101,10101,10101,0.0,,,,,,,,,,
913779,1860,VESTVÅGØY,189601174,0,161.0,Fritidsbygg(hyttersommerh. ol,TB,Tatt i bruk,10101,10101,19000101,48.0,,,56497722.0,Tjønndalsveien,7002.0,168.0,,,8357.0,VALBERG
913780,1860,VESTVÅGØY,189601484,0,111.0,Enebolig,TB,Tatt i bruk,10101,10101,10101,89.0,,,56493067.0,Knutstadveien,8103.0,107.0,,,8360.0,BØSTAD
913781,1860,VESTVÅGØY,189595522,1,112.0,Enebolig m/hybel/sokkelleil.,TB,Tatt i bruk,19971124,20001201,20011201,35.0,,,,,,,,,,
913782,1860,VESTVÅGØY,189601476,0,669.0,Annet kulturhus,TB,Tatt i bruk,10101,10101,10101,229.0,,,,,,,,,,
913783,1860,VESTVÅGØY,189595522,0,112.0,Enebolig m/hybel/sokkelleil.,TB,Tatt i bruk,10101,10101,19600101,141.0,,,56486968.0,Ringveien,4004.0,35.0,,,8340.0,STAMSUND
913784,1860,VESTVÅGØY,189601441,0,162.0,Helårsb.benyttes som fritidsb.,TB,Tatt i bruk,10101,10101,19100101,70.0,,,56493069.0,Knutstadveien,8103.0,153.0,,,8360.0,BØSTAD
913785,1860,VESTVÅGØY,189595506,0,111.0,Enebolig,TB,Tatt i bruk,10101,10101,19590101,142.0,,,56486952.0,Halsbakkan,4003.0,30.0,,,8340.0,STAMSUND
913786,1860,VESTVÅGØY,189601433,0,181.0,Garasjeuthus anneks til bolig,TB,Tatt i bruk,10101,10101,19790101,16.0,,,,,,,,,,
913787,1860,VESTVÅGØY,189595492,0,162.0,Helårsb.benyttes som fritidsb.,TB,Tatt i bruk,10101,10101,19450101,110.0,,,56486951.0,Halsbakkan,4003.0,29.0,,,8340.0,STAMSUND
913788,1860,VESTVÅGØY,189601425,0,181.0,Garasjeuthus anneks til bolig,TB,Tatt i bruk,10101,10101,19300101,62.0,,,,,,,,,,
913789,1860,VESTVÅGØY,189595484,0,111.0,Enebolig,TB,Tatt i bruk,10101,10101,19500101,169.0,,,56486957.0,Halsbakkan,4003.0,40.0,,,8340.0,STAMSUND
913790,1860,VESTVÅGØY,189601417,0,161.0,Fritidsbygg(hyttersommerh. ol,TB,Tatt i bruk,10101,10101,18900101,83.0,,,56493075.0,Knutstadveien,8103.0,252.0,,,8360.0,BØSTAD
913791,1860,VESTVÅGØY,189595476,0,111.0,Enebolig,TB,Tatt i bruk,10101,10101,19410101,131.0,,,56486956.0,Halsbakkan,4003.0,39.0,,,8340.0,STAMSUND
913792,1860,VESTVÅGØY,189601409,0,181.0,Garasjeuthus anneks til bolig,TB,Tatt i bruk,10101,10101,10101,61.0,,,,,,,,,,
913793,1860,VESTVÅGØY,189595468,0,111.0,Enebolig,TB,Tatt i bruk,10101,10101,19560101,111.0,,,56486954.0,Halsbakkan,4003.0,37.0,,,8340.0,STAMSUND
913794,1860,VESTVÅGØY,189601395,0,181.0,Garasjeuthus anneks til bolig,TB,Tatt i bruk,10101,10101,10101,52.0,,,,,,,,,,
913795,1860,VESTVÅGØY,189595441,0,111.0,Enebolig,TB,Tatt i bruk,10101,10101,19500101,113.0,,,56486955.0,Halsbakkan,4003.0,38.0,,,8340.0,STAMSUND
913796,1860,VESTVÅGØY,189601387,0,181.0,Garasjeuthus anneks til bolig,TB,Tatt i bruk,10101,10101,10101,41.0,,,,,,,,,,
913797,1860,VESTVÅGØY,189595433,0,181.0,Garasjeuthus anneks til bolig,TB,Tatt i bruk,10101,10101,10101,24.0,,,,,,,,,,
913798,1860,VESTVÅGØY,189601379,0,162.0,Helårsb.benyttes som fritidsb.,TB,Tatt i bruk,10101,10101,10101,64.0,,,56493074.0,Knutstadveien,8103.0,250.0,,,8360.0,BØSTAD
913799,1860,VESTVÅGØY,189595425,0,181.0,Garasjeuthus anneks til bolig,TB,Tatt i bruk,10101,10101,19730101,35.0,,,,,,,,,,
913800,1860,VESTVÅGØY,189595417,0,111.0,Enebolig,TB,Tatt i bruk,10101,10101,19580101,152.0,,,56487097.0,Huldreveien,4019.0,16.0,,,8340.0,STAMSUND
913801,1860,VESTVÅGØY,189601360,0,159.0,Annen bygning for bofellesskap,TB,Tatt i bruk,19750930,19751030,19760615,48.0,,,56493109.0,Knutstadveien,8103.0,248.0,,,8360.0,BØSTAD
913802,1860,VESTVÅGØY,189595395,0,111.0,Enebolig,TB,Tatt i bruk,10101,10101,19610101,169.0,,,56487098.0,Huldreveien,4019.0,17.0,,,8340.0,STAMSUND
913803,1860,VESTVÅGØY,189595387,0,111.0,Enebolig,TB,Tatt i bruk,10101,10101,10101,177.0,,,56487096.0,Huldreveien,4019.0,15.0,,,8340.0,STAMSUND
913804,1860,VESTVÅGØY,189601352,0,159.0,Annen bygning for bofellesskap,TB,Tatt i bruk,19750930,19751030,19760615,48.0,,,56493108.0,Knutstadveien,8103.0,246.0,,,8360.0,BØSTAD
913805,1860,VESTVÅGØY,189595379,0,111.0,Enebolig,TB,Tatt i bruk,10101,10101,19520101,160.0,,,56487095.0,Huldreveien,4019.0,13.0,,,8340.0,STAMSUND
913806,1860,VESTVÅGØY,189595360,0,111.0,Enebolig,TB,Tatt i bruk,10101,10101,10101,188.0,,,56487092.0,Huldreveien,4019.0,9.0,,,8340.0,STAMSUND
913807,1860,VESTVÅGØY,189601344,0,159.0,Annen bygning for bofellesskap,TB,Tatt i bruk,19750930,19751030,19760615,48.0,,,56493107.0,Knutstadveien,8103.0,244.0,,,8360.0,BØSTAD
913808,1860,VESTVÅGØY,189597908,0,111.0,Enebolig,TB,Tatt i bruk,10101,10101,19400101,70.0,,,56491583.0,Valbergsveien,7007.0,650.0,,,8357.0,VALBERG
913809,1860,VESTVÅGØY,189597894,0,181.0,Garasjeuthus anneks til bolig,TB,Tatt i bruk,10101,10101,19780101,30.0,,,,,,,,,,
913810,1860,VESTVÅGØY,189597886,0,181.0,Garasjeuthus anneks til bolig,TB,Tatt i bruk,10101,10101,10101,16.0,,,,,,,,,,
913811,1860,VESTVÅGØY,189597878,0,181.0,Garasjeuthus anneks til bolig,TB,Tatt i bruk,10101,10101,10101,86.0,,,,,,,,,,
913812,1860,VESTVÅGØY,189597851,0,181.0,Garasjeuthus anneks til bolig,TB,Tatt i bruk,19730901,19731001,19740101,20.0,,,,,,,,,,
913813,1860,VESTVÅGØY,189597843,0,111.0,Enebolig,TB,Tatt i bruk,10101,10101,19680101,154.0,,,56497074.0,Valbergsveien,7007.0,680.0,,,8357.0,VALBERG
913814,1860,VESTVÅGØY,189597835,0,161.0,Fritidsbygg(hyttersommerh. ol,BR,Bygning revet/brent,10101,10101,10101,0.0,,,56491584.0,Valbergsveien,7007.0,762.0,,,8357.0,VALBERG
913815,1860,VESTVÅGØY,189597827,0,181.0,Garasjeuthus anneks til bolig,BR,Bygning revet/brent,10101,10101,10101,0.0,,,,,,,,,,
913816,1860,VESTVÅGØY,189597819,0,181.0,Garasjeuthus anneks til bolig,TB,Tatt i bruk,10101,10101,10101,91.0,,,,,,,,,,
913817,1860,VESTVÅGØY,189597800,0,181.0,Garasjeuthus anneks til bolig,TB,Tatt i bruk,10101,10101,10101,31.0,,,,,,,,,,
913818,1860,VESTVÅGØY,189597797,1,111.0,Enebolig,TB,Tatt i bruk,19950102,19950202,19950802,30.0,,,56491596.0,Valbergsveien,7007.0,966.0,,,8357.0,VALBERG
913819,1860,VESTVÅGØY,189597797,0,111.0,Enebolig,TB,Tatt i bruk,10101,10101,19480101,106.0,,,56491596.0,Valbergsveien,7007.0,966.0,,,8357.0,VALBERG
913820,1860,VESTVÅGØY,189597789,0,111.0,Enebolig,TB,Tatt i bruk,19741217,19750117,19760113,140.0,,,56491612.0,Valbergsveien,7007.0,968.0,,,8357.0,VALBERG
913821,1860,VESTVÅGØY,189598041,0,111.0,Enebolig,TB,Tatt i bruk,10101,10101,19740101,213.0,,,56491589.0,Valbergsveien,7007.0,838.0,,,8357.0,VALBERG
913822,1860,VESTVÅGØY,189598033,0,111.0,Enebolig,TB,Tatt i bruk,19810127,19810127,19820108,166.0,,,56491587.0,Valbergsveien,7007.0,828.0,,,8357.0,VALBERG
913823,1860,VESTVÅGØY,189598025,0,111.0,Enebolig,TB,Tatt i bruk,10101,10101,19500101,146.0,,,56491606.0,Valbergsveien,7007.0,832.0,,,8357.0,VALBERG
913824,1860,VESTVÅGØY,189598017,0,181.0,Garasjeuthus anneks til bolig,TB,Tatt i bruk,10101,10101,10101,51.0,,,,,,,,,,
913825,1860,VESTVÅGØY,189598009,0,212.0,Verkstedbygning,TB,Tatt i bruk,10101,10101,10101,65.0,,,,,,,,,,
913826,1860,VESTVÅGØY,189597991,0,181.0,Garasjeuthus anneks til bolig,TB,Tatt i bruk,10101,10101,10101,35.0,,,,,,,,,,
913827,1860,VESTVÅGØY,189597983,0,181.0,Garasjeuthus anneks til bolig,TB,Tatt i bruk,10101,10101,10101,62.0,,,,,,,,,,
913828,1860,VESTVÅGØY,189597975,0,181.0,Garasjeuthus anneks til bolig,TB,Tatt i bruk,10101,10101,10101,43.0,,,,,,,,,,
913829,1860,VESTVÅGØY,189597967,0,181.0,Garasjeuthus anneks til bolig,TB,Tatt i bruk,10101,10101,10101,76.0,,,,,,,,,,
913830,1860,VESTVÅGØY,189597959,0,181.0,Garasjeuthus anneks til bolig,TB,Tatt i bruk,10101,10101,10101,20.0,,,,,,,,,,
913831,1860,VESTVÅGØY,189597940,0,111.0,Enebolig,TB,Tatt i bruk,10101,10101,19300101,105.0,,,56491586.0,Valbergsveien,7007.0,776.0,,,8357.0,VALBERG
913832,1860,VESTVÅGØY,189597932,0,111.0,Enebolig,TB,Tatt i bruk,10101,10101,19500101,100.0,,,56491585.0,Valbergsveien,7007.0,774.0,,,8357.0,VALBERG
913833,1860,VESTVÅGØY,189597924,0,111.0,Enebolig,TB,Tatt i bruk,19800602,19800701,19820120,170.0,,,56491482.0,Kartfjorden,7001.0,11.0,,,8357.0,VALBERG
913834,1860,VESTVÅGØY,189597916,0,111.0,Enebolig,TB,Tatt i bruk,10101,10101,18800101,108.0,,,56491604.0,Valbergsveien,7007.0,648.0,,,8357.0,VALBERG
913835,1860,VESTVÅGØY,189597606,0,111.0,Enebolig,TB,Tatt i bruk,10101,10101,10101,189.0,,,56487508.0,J.M.Johansens vei,4040.0,58.0,,,8340.0,STAMSUND
913836,1860,VESTVÅGØY,189597592,0,112.0,Enebolig m/hybel/sokkelleil.,TB,Tatt i bruk,10101,10101,19550101,156.0,,,56487507.0,J.M.Johansens vei,4040.0,56.0,,,8340.0,STAMSUND
913837,1860,VESTVÅGØY,189597584,0,111.0,Enebolig,TB,Tatt i bruk,10101,10101,19550101,170.0,,,56495850.0,J.M.Johansens vei,4040.0,54.0,,,8340.0,STAMSUND
913838,1860,VESTVÅGØY,189597576,0,111.0,Enebolig,TB,Tatt i bruk,10101,10101,19480101,177.0,,,56487506.0,J.M.Johansens vei,4040.0,52.0,,,8340.0,STAMSUND
913839,1860,VESTVÅGØY,189597568,0,111.0,Enebolig,TB,Tatt i bruk,10101,10101,19500101,198.0,,,56497141.0,J.M.Johansens vei,4040.0,60.0,,,8340.0,STAMSUND
913840,1860,VESTVÅGØY,189597541,0,181.0,Garasjeuthus anneks til bolig,BR,Bygning revet/brent,10101,10101,10101,0.0,,,,,,,,,,
913841,1860,VESTVÅGØY,189597770,0,111.0,Enebolig,TB,Tatt i bruk,10101,10101,19500101,158.1,,,56491597.0,Valbergsveien,7007.0,981.0,,,8357.0,VALBERG
913842,1860,VESTVÅGØY,189597762,0,161.0,Fritidsbygg(hyttersommerh. ol,TB,Tatt i bruk,10101,10101,19000101,94.6,,,524604890.0,Valbergsveien,7007.0,985.0,,,8357.0,VALBERG
913843,1860,VESTVÅGØY,189597754,0,161.0,Fritidsbygg(hyttersommerh. ol,BR,Bygning revet/brent,10101,10101,10101,0.0,,,56491597.0,Valbergsveien,7007.0,981.0,,,8357.0,VALBERG
913844,1860,VESTVÅGØY,189597746,0,161.0,Fritidsbygg(hyttersommerh. ol,TB,Tatt i bruk,10101,10101,19330101,90.0,,,56491613.0,Valbergsveien,7007.0,999.0,,,8357.0,VALBERG
913845,1860,VESTVÅGØY,189597738,0,182.0,Garasjeuth.anneks til fritidb,TB,Tatt i bruk,10101,10101,19470101,59.0,,,,,,,,,,
913846,1860,VESTVÅGØY,189597711,0,183.0,Naust båthus sjøbu,TB,Tatt i bruk,10101,10101,10101,22.0,,,,,,,,,,
913847,1860,VESTVÅGØY,189597703,0,181.0,Garasjeuthus anneks til bolig,TB,Tatt i bruk,10101,10101,10101,52.0,,,,,,,,,,
913848,1860,VESTVÅGØY,189597681,0,111.0,Enebolig,TB,Tatt i bruk,19770510,19770610,19771207,70.0,,,56491614.0,Valbergsveien,7007.0,1066.0,,,8357.0,VALBERG
913849,1860,VESTVÅGØY,189597673,0,181.0,Garasjeuthus anneks til bolig,TB,Tatt i bruk,10101,10101,10101,14.0,,,,,,,,,,
913850,1860,VESTVÅGØY,189597665,0,161.0,Fritidsbygg(hyttersommerh. ol,TB,Tatt i bruk,10101,10101,19500101,90.0,,,56491581.0,Valbergsveien,7007.0,559.0,,,8357.0,VALBERG
913851,1860,VESTVÅGØY,189597657,0,112.0,Enebolig m/hybel/sokkelleil.,TB,Tatt i bruk,10101,10101,10101,267.0,,,56487511.0,J.M.Johansens vei,4040.0,76.0,,,8340.0,STAMSUND
913852,1860,VESTVÅGØY,189597649,0,111.0,Enebolig,TB,Tatt i bruk,10101,10101,19500101,122.0,,,56487513.0,J.M.Johansens vei,4040.0,80.0,,,8340.0,STAMSUND
913853,1860,VESTVÅGØY,189597630,0,111.0,Enebolig,TB,Tatt i bruk,10101,10101,18700101,173.0,,,56487510.0,J.M.Johansens vei,4040.0,74.0,,,8340.0,STAMSUND
913854,1860,VESTVÅGØY,189597622,0,111.0,Enebolig,TB,Tatt i bruk,10101,10101,19200101,217.0,,,56487509.0,J.M.Johansens vei,4040.0,62.0,,,8340.0,STAMSUND
913855,1860,VESTVÅGØY,189597614,0,162.0,Helårsb.benyttes som fritidsb.,TB,Tatt i bruk,10101,10101,18950101,48.0,,,56487514.0,J.M.Johansens vei,4040.0,82.0,,,8340.0,STAMSUND
913856,1860,VESTVÅGØY,189595131,0,181.0,Garasjeuthus anneks til bolig,TB,Tatt i bruk,10101,10101,10101,28.0,,,,,,,,,,
913857,1860,VESTVÅGØY,189603584,0,181.0,Garasjeuthus anneks til bolig,TB,Tatt i bruk,10101,10101,10101,65.0,,,,,,,,,,
913858,1860,VESTVÅGØY,189595123,0,181.0,Garasjeuthus anneks til bolig,TB,Tatt i bruk,10101,10101,10101,27.0,,,,,,,,,,
913859,1860,VESTVÅGØY,189603576,0,181.0,Garasjeuthus anneks til bolig,TB,Tatt i bruk,10101,10101,10101,14.0,,,,,,,,,,
913860,1860,VESTVÅGØY,189595115,0,111.0,Enebolig,TB,Tatt i bruk,10101,10101,19520101,224.0,,,56487088.0,Huldreveien,4019.0,3.0,,,8340.0,STAMSUND
913861,1860,VESTVÅGØY,189603568,0,181.0,Garasjeuthus anneks til bolig,TB,Tatt i bruk,10101,10101,10101,61.0,,,,,,,,,,
913862,1860,VESTVÅGØY,189595107,0,111.0,Enebolig,TB,Tatt i bruk,10101,10101,19510101,137.0,,,56487090.0,Huldreveien,4019.0,5.0,,,8340.0,STAMSUND
913863,1860,VESTVÅGØY,189603541,0,181.0,Garasjeuthus anneks til bolig,TB,Tatt i bruk,10101,10101,10101,28.0,,,,,,,,,,
913864,1860,VESTVÅGØY,189595093,0,181.0,Garasjeuthus anneks til bolig,TB,Tatt i bruk,10101,10101,10101,36.0,,,,,,,,,,
913865,1860,VESTVÅGØY,189603533,0,111.0,Enebolig,TB,Tatt i bruk,10101,10101,19600101,141.0,,,56490255.0,Pollveien,5010.0,775.0,,,8360.0,BØSTAD
913866,1860,VESTVÅGØY,189595085,0,181.0,Garasjeuthus anneks til bolig,TB,Tatt i bruk,10101,10101,10101,28.0,,,,,,,,,,
913867,1860,VESTVÅGØY,189603525,0,111.0,Enebolig,TB,Tatt i bruk,10101,10101,19570101,156.0,,,56490254.0,Pollveien,5010.0,773.0,,,8360.0,BØSTAD
913868,1860,VESTVÅGØY,189595077,0,181.0,Garasjeuthus anneks til bolig,TB,Tatt i bruk,10101,10101,19920316,21.0,,,,,,,,,,
913869,1860,VESTVÅGØY,189603517,0,111.0,Enebolig,TB,Tatt i bruk,10101,10101,10101,87.0,,,56490259.0,Pollveien,5010.0,790.0,,,8360.0,BØSTAD
913870,1860,VESTVÅGØY,189595069,0,111.0,Enebolig,TB,Tatt i bruk,10101,10101,19820301,188.0,,,56487099.0,Huldreveien,4019.0,21.0,,,8340.0,STAMSUND
913871,1860,VESTVÅGØY,189603509,0,181.0,Garasjeuthus anneks til bolig,TB,Tatt i bruk,10101,10101,10101,58.0,,,,,,,,,,
913872,1860,VESTVÅGØY,189603495,0,181.0,Garasjeuthus anneks til bolig,TB,Tatt i bruk,10101,10101,10101,18.0,,,,,,,,,,
913873,1860,VESTVÅGØY,189595050,1,111.0,Enebolig,FA,Ferdigattest,20060818,20060918,10101,38.0,,,,,,,,,,
913874,1860,VESTVÅGØY,189603487,0,111.0,Enebolig,TB,Tatt i bruk,10101,10101,10101,150.0,,,56490256.0,Pollveien,5010.0,776.0,,,8360.0,BØSTAD
913875,1860,VESTVÅGØY,189595050,0,111.0,Enebolig,FA,Ferdigattest,10101,10101,10101,195.0,,,56486964.0,Ringveien,4004.0,23.0,,,8340.0,STAMSUND
913876,1860,VESTVÅGØY,189603479,0,241.0,Hus for dyr/landbr.lager/silo,TB,Tatt i bruk,10101,10101,10101,52.0,,,,,,,,,,
913877,1860,VESTVÅGØY,189595042,0,181.0,Garasjeuthus anneks til bolig,TB,Tatt i bruk,10101,10101,19880225,40.0,,,,,,,,,,
913878,1860,VESTVÅGØY,189603460,0,241.0,Hus for dyr/landbr.lager/silo,TB,Tatt i bruk,10101,10101,10101,188.0,,,,,,,,,,
913879,1860,VESTVÅGØY,189595034,0,111.0,Enebolig,TB,Tatt i bruk,10101,10101,19820209,178.0,,,56486965.0,Ringveien,4004.0,25.0,,,8340.0,STAMSUND
913880,1860,VESTVÅGØY,189603452,0,181.0,Garasjeuthus anneks til bolig,TB,Tatt i bruk,10101,10101,10101,19.0,,,,,,,,,,
913881,1860,VESTVÅGØY,189595026,0,181.0,Garasjeuthus anneks til bolig,TB,Tatt i bruk,10101,10101,19550101,22.0,,,,,,,,,,
913882,1860,VESTVÅGØY,189603444,0,111.0,Enebolig,TB,Tatt i bruk,10101,10101,10101,95.0,,,56490253.0,Pollveien,5010.0,766.0,,,8360.0,BØSTAD
913883,1860,VESTVÅGØY,189595018,2,111.0,Enebolig,TB,Tatt i bruk,20040525,20040601,20041210,16.0,,,56486948.0,Halsbakkan,4003.0,15.0,,,8340.0,STAMSUND
913884,1860,VESTVÅGØY,189603436,0,111.0,Enebolig,TB,Tatt i bruk,19810224,19810324,19820317,193.0,,,56490252.0,Pollveien,5010.0,760.0,,,8360.0,BØSTAD
913885,1860,VESTVÅGØY,189603762,0,161.0,Fritidsbygg(hyttersommerh. ol,TB,Tatt i bruk,10101,10101,10101,74.0,,,56493655.0,Alstad,8106.0,162.0,,,8360.0,BØSTAD
913886,1860,VESTVÅGØY,189595298,0,111.0,Enebolig,TB,Tatt i bruk,10101,10101,10101,122.0,,,56488610.0,Hartvågveien,4021.0,31.0,,,8340.0,STAMSUND
913887,1860,VESTVÅGØY,189603754,0,182.0,Garasjeuth.anneks til fritidb,TB,Tatt i bruk,10101,10101,10101,82.0,,,,,,,,,,
913888,1860,VESTVÅGØY,189595271,0,111.0,Enebolig,TB,Tatt i bruk,10101,10101,10101,106.0,,,56488609.0,Hartvågveien,4021.0,29.0,,,8340.0,STAMSUND
913889,1860,VESTVÅGØY,189603746,0,241.0,Hus for dyr/landbr.lager/silo,TB,Tatt i bruk,10101,10101,19600101,89.0,,,,,,,,,,
913890,1860,VESTVÅGØY,189595263,0,111.0,Enebolig,TB,Tatt i bruk,10101,10101,19550101,99.0,,,56488607.0,Hartvågveien,4021.0,25.0,,,8340.0,STAMSUND
913891,1860,VESTVÅGØY,189603738,0,161.0,Fritidsbygg(hyttersommerh. ol,TB,Tatt i bruk,10101,10101,19000101,78.0,,,56493654.0,Alstad,8106.0,152.0,,,8360.0,BØSTAD
913892,1860,VESTVÅGØY,189595255,0,111.0,Enebolig,TB,Tatt i bruk,10101,10101,19510101,128.0,,,56488608.0,Hartvågveien,4021.0,27.0,,,8340.0,STAMSUND
913893,1860,VESTVÅGØY,189603711,0,181.0,Garasjeuthus anneks til bolig,TB,Tatt i bruk,10101,10101,10101,22.0,,,,,,,,,,
913894,1860,VESTVÅGØY,189595247,0,111.0,Enebolig,TB,Tatt i bruk,10101,10101,19530101,113.0,,,56488606.0,Hartvågveien,4021.0,23.0,,,8340.0,STAMSUND
913895,1860,VESTVÅGØY,189603703,0,113.0,Våningshus,TB,Tatt i bruk,10101,10101,10101,94.0,,,56490261.0,Pollveien,5010.0,811.0,,,8360.0,BØSTAD
913896,1860,VESTVÅGØY,189595239,0,111.0,Enebolig,TB,Tatt i bruk,10101,10101,19500101,117.0,,,56488605.0,Hartvågveien,4021.0,21.0,,,8340.0,STAMSUND
913897,1860,VESTVÅGØY,189603681,0,241.0,Hus for dyr/landbr.lager/silo,TB,Tatt i bruk,10101,10101,10101,93.0,,,,,,,,,,
913898,1860,VESTVÅGØY,189595220,0,111.0,Enebolig,TB,Tatt i bruk,10101,10101,19650101,167.0,,,56488598.0,Hartvågveien,4021.0,18.0,,,8340.0,STAMSUND
913899,1860,VESTVÅGØY,189603673,0,181.0,Garasjeuthus anneks til bolig,TB,Tatt i bruk,10101,10101,10101,119.0,,,,,,,,,,
913900,1860,VESTVÅGØY,189595212,0,111.0,Enebolig,TB,Tatt i bruk,10101,10101,10101,198.0,,,56488602.0,Hartvågveien,4021.0,13.0,,,8340.0,STAMSUND
913901,1860,VESTVÅGØY,189603665,0,111.0,Enebolig,TB,Tatt i bruk,10101,10101,10101,182.0,,,56490260.0,Pollveien,5010.0,799.0,,,8360.0,BØSTAD
913902,1860,VESTVÅGØY,189595204,0,181.0,Garasjeuthus anneks til bolig,TB,Tatt i bruk,10101,10101,19830101,29.0,,,,,,,,,,
913903,1860,VESTVÅGØY,189603657,0,111.0,Enebolig,TB,Tatt i bruk,10101,10101,10101,87.0,,,56490281.0,Pollveien,5010.0,797.0,,,8360.0,BØSTAD
913904,1860,VESTVÅGØY,189595190,0,181.0,Garasjeuthus anneks til bolig,TB,Tatt i bruk,10101,10101,19880115,35.0,,,,,,,,,,
913905,1860,VESTVÅGØY,189603649,0,181.0,Garasjeuthus anneks til bolig,TB,Tatt i bruk,10101,10101,10101,79.0,,,,,,,,,,
913906,1860,VESTVÅGØY,189595182,0,111.0,Enebolig,TB,Tatt i bruk,10101,10101,19780825,137.0,,,56488604.0,Hartvågveien,4021.0,17.0,,,8340.0,STAMSUND
913907,1860,VESTVÅGØY,189603630,0,181.0,Garasjeuthus anneks til bolig,TB,Tatt i bruk,10101,10101,10101,24.0,,,,,,,,,,
913908,1860,VESTVÅGØY,189595174,1,122.0,"Tomannsbolig, horisontaldelt",FA,Ferdigattest,20060830,20060930,20070101,37.0,,,56488603.0,Hartvågveien,4021.0,15.0,,,8340.0,STAMSUND
913909,1860,VESTVÅGØY,189603622,0,181.0,Garasjeuthus anneks til bolig,TB,Tatt i bruk,10101,10101,10101,74.0,,,,,,,,,,
913910,1860,VESTVÅGØY,189595174,0,122.0,"Tomannsbolig, horisontaldelt",TB,Tatt i bruk,10101,10101,19450101,144.0,,,56488603.0,Hartvågveien,4021.0,15.0,,,8340.0,STAMSUND
913911,1860,VESTVÅGØY,189603614,0,181.0,Garasjeuthus anneks til bolig,BR,Bygning revet/brent,10101,10101,10101,0.0,,,,,,,,,,
913912,1860,VESTVÅGØY,189595166,0,111.0,Enebolig,TB,Tatt i bruk,10101,10101,19500101,262.0,,,56495054.0,J.H.Trys vei,4053.0,1.0,,,8340.0,STAMSUND
913913,1860,VESTVÅGØY,189603606,0,111.0,Enebolig,BR,Bygning revet/brent,10101,10101,10101,73.0,,,,,,,,,,
913914,1860,VESTVÅGØY,189595158,0,181.0,Garasjeuthus anneks til bolig,TB,Tatt i bruk,10101,10101,19900101,62.0,,,,,,,,,,
913915,1860,VESTVÅGØY,189603592,0,111.0,Enebolig,TB,Tatt i bruk,10101,10101,19500101,103.0,,,56490257.0,Pollveien,5010.0,785.0,,,8360.0,BØSTAD
913916,1860,VESTVÅGØY,189603274,0,241.0,Hus for dyr/landbr.lager/silo,TB,Tatt i bruk,10101,10101,10101,65.0,,,,,,,,,,
913917,1860,VESTVÅGØY,189594844,0,181.0,Garasjeuthus anneks til bolig,TB,Tatt i bruk,10101,10101,10101,46.0,,,,,,,,,,
913918,1860,VESTVÅGØY,189603266,0,161.0,Fritidsbygg(hyttersommerh. ol,TB,Tatt i bruk,10101,10101,10101,69.0,,,56490246.0,Pollveien,5010.0,727.0,,,8360.0,BØSTAD
913919,1860,VESTVÅGØY,189594836,0,111.0,Enebolig,TB,Tatt i bruk,10101,10101,19610101,148.0,,,56495123.0,Vestfjordgata,4008.0,50.0,,,8340.0,STAMSUND
913920,1860,VESTVÅGØY,189600577,0,111.0,Enebolig,TB,Tatt i bruk,19730529,19730629,19740110,193.0,,,56490886.0,Vendalsjorden,5017.0,43.0,,,8360.0,BØSTAD
913921,1860,VESTVÅGØY,189603258,0,111.0,Enebolig,TB,Tatt i bruk,10101,10101,10101,135.0,,,56496967.0,Pollveien,5010.0,725.0,,,8360.0,BØSTAD
913922,1860,VESTVÅGØY,189594828,0,111.0,Enebolig,TB,Tatt i bruk,10101,10101,19450101,104.0,,,56487421.0,Nybyen,4031.0,27.0,,,8340.0,STAMSUND
913923,1860,VESTVÅGØY,189600569,0,111.0,Enebolig,TB,Tatt i bruk,10101,10101,10101,111.0,,,56490887.0,Vendalsjorden,5017.0,47.0,,,8360.0,BØSTAD
913924,1860,VESTVÅGØY,189603231,0,111.0,Enebolig,TB,Tatt i bruk,10101,10101,19500101,154.0,,,56497789.0,Pollveien,5010.0,734.0,,,8360.0,BØSTAD
913925,1860,VESTVÅGØY,189594801,0,111.0,Enebolig,TB,Tatt i bruk,10101,10101,10101,194.0,,,56495124.0,Huldreveien,4019.0,1.0,,,8340.0,STAMSUND
913926,1860,VESTVÅGØY,189600550,0,181.0,Garasjeuthus anneks til bolig,TB,Tatt i bruk,10101,10101,10101,155.0,,,,,,,,,,
913927,1860,VESTVÅGØY,189603223,0,111.0,Enebolig,TB,Tatt i bruk,10101,10101,19200101,165.3,,,56497788.0,Pollveien,5010.0,732.0,,,8360.0,BØSTAD
913928,1860,VESTVÅGØY,189600542,0,181.0,Garasjeuthus anneks til bolig,TB,Tatt i bruk,10101,10101,10101,33.0,,,,,,,,,,
913929,1860,VESTVÅGØY,189594798,1,112.0,Enebolig m/hybel/sokkelleil.,FA,Ferdigattest,20060831,20060930,20100701,47.0,,,56496965.0,Nilsvika,4051.0,3.0,,,8340.0,STAMSUND
913930,1860,VESTVÅGØY,189603215,0,181.0,Garasjeuthus anneks til bolig,TB,Tatt i bruk,10101,10101,10101,92.0,,,,,,,,,,
913931,1860,VESTVÅGØY,189600534,0,161.0,Fritidsbygg(hyttersommerh. ol,TB,Tatt i bruk,10101,10101,10101,19.0,,,394741234.0,Pollveien,5010.0,661.0,,,8360.0,BØSTAD
913932,1860,VESTVÅGØY,189594798,0,112.0,Enebolig m/hybel/sokkelleil.,TB,Tatt i bruk,10101,10101,19770628,247.0,,,56496965.0,Nilsvika,4051.0,3.0,,,8340.0,STAMSUND
913933,1860,VESTVÅGØY,189603207,0,662.0,Samfunnshus grendehus,TB,Tatt i bruk,10101,10101,10101,128.0,,,56490284.0,Pollveien,5010.0,721.0,,,8360.0,BØSTAD
913934,1860,VESTVÅGØY,189600526,0,111.0,Enebolig,TB,Tatt i bruk,10101,10101,19300101,70.0,,,56490244.0,Pollveien,5010.0,664.0,,,8360.0,BØSTAD
913935,1860,VESTVÅGØY,189594771,0,111.0,Enebolig,TB,Tatt i bruk,10101,10101,19780119,216.0,,,56487054.0,Svarholtveien,4011.0,7.0,,,8340.0,STAMSUND
913936,1860,VESTVÅGØY,189603193,0,181.0,Garasjeuthus anneks til bolig,TB,Tatt i bruk,10101,10101,10101,16.0,,,,,,,,,,
913937,1860,VESTVÅGØY,189600518,0,182.0,Garasjeuth.anneks til fritidb,TB,Tatt i bruk,10101,10101,19360101,62.0,,,,,,,,,,
913938,1860,VESTVÅGØY,189594763,0,111.0,Enebolig,TB,Tatt i bruk,10101,10101,19821028,184.0,,,56487056.0,Svarholtveien,4011.0,9.0,,,8340.0,STAMSUND
913939,1860,VESTVÅGØY,189603185,0,181.0,Garasjeuthus anneks til bolig,BR,Bygning revet/brent,10101,10101,10101,0.0,,,,,,,,,,
913940,1860,VESTVÅGØY,189600496,0,161.0,Fritidsbygg(hyttersommerh. ol,TB,Tatt i bruk,10101,10101,19360101,65.0,,,56494996.0,,,,,0.0,8360.0,BØSTAD
913941,1860,VESTVÅGØY,189594755,0,111.0,Enebolig,TB,Tatt i bruk,10101,10101,19820120,184.0,,,56487059.0,Svarholtveien,4011.0,12.0,,,8340.0,STAMSUND
913942,1860,VESTVÅGØY,189603177,0,161.0,Fritidsbygg(hyttersommerh. ol,TB,Tatt i bruk,10101,10101,10101,48.0,,,56490285.0,Pollveien,5010.0,704.0,,,8360.0,BØSTAD
913943,1860,VESTVÅGØY,189600488,0,181.0,Garasjeuthus anneks til bolig,TB,Tatt i bruk,10101,10101,10101,34.0,,,,,,,,,,
913944,1860,VESTVÅGØY,189594747,0,111.0,Enebolig,TB,Tatt i bruk,10101,10101,19810105,184.0,,,56487060.0,Svarholtveien,4011.0,14.0,,,8340.0,STAMSUND
913945,1860,VESTVÅGØY,189603169,0,161.0,Fritidsbygg(hyttersommerh. ol,TB,Tatt i bruk,10101,10101,10101,52.0,,,56490245.0,Pollveien,5010.0,678.0,,,8360.0,BØSTAD
913946,1860,VESTVÅGØY,189600461,0,111.0,Enebolig,TB,Tatt i bruk,10101,10101,10101,118.0,,,56490243.0,Pollveien,5010.0,596.0,,,8360.0,BØSTAD
913947,1860,VESTVÅGØY,189594739,0,111.0,Enebolig,TB,Tatt i bruk,10101,10101,19810506,181.0,,,56486994.0,Nygata,4006.0,11.0,,,8340.0,STAMSUND
913948,1860,VESTVÅGØY,189603150,0,161.0,Fritidsbygg(hyttersommerh. ol,TB,Tatt i bruk,10101,10101,10101,15.0,,,,,,,,,,
913949,1860,VESTVÅGØY,189594720,0,111.0,Enebolig,TB,Tatt i bruk,10101,10101,19821020,116.0,,,56487058.0,Svarholtveien,4011.0,11.0,,,8340.0,STAMSUND
913950,1860,VESTVÅGØY,189603142,0,524.0,Camping/utleiehytte,TB,Tatt i bruk,10101,10101,10101,106.0,,,,,,,,,,
913951,1860,VESTVÅGØY,189600453,2,241.0,Hus for dyr/landbr.lager/silo,TB,Tatt i bruk,19920701,19920710,19930301,42.0,,,56490865.0,Li,5016.0,1.0,,,8360.0,BØSTAD
913952,1860,VESTVÅGØY,189594712,0,181.0,Garasjeuthus anneks til bolig,TB,Tatt i bruk,10101,10101,10101,49.0,,,,,,,,,,
913953,1860,VESTVÅGØY,189603134,0,241.0,Hus for dyr/landbr.lager/silo,TB,Tatt i bruk,10101,10101,10101,91.0,,,,,,,,,,
913954,1860,VESTVÅGØY,189594704,0,181.0,Garasjeuthus anneks til bolig,BR,Bygning revet/brent,10101,10101,10101,0.0,,,,,,,,,,
913955,1860,VESTVÅGØY,189603118,0,111.0,Enebolig,TB,Tatt i bruk,10101,10101,19750101,192.0,,,56493115.0,Knutstadveien,8103.0,389.0,,,8360.0,BØSTAD
913956,1860,VESTVÅGØY,189600453,1,241.0,Hus for dyr/landbr.lager/silo,TB,Tatt i bruk,19960115,19960215,19970301,17.0,,,,,,,,,,
913957,1860,VESTVÅGØY,189594690,0,181.0,Garasjeuthus anneks til bolig,TB,Tatt i bruk,10101,10101,10101,30.0,,,,,,,,,,
913958,1860,VESTVÅGØY,189603096,0,111.0,Enebolig,TB,Tatt i bruk,10101,10101,19200101,97.0,,,56493591.0,Knutstadveien,8103.0,391.0,,,8360.0,BØSTAD
913959,1860,VESTVÅGØY,189600453,0,241.0,Hus for dyr/landbr.lager/silo,TB,Tatt i bruk,10101,10101,19490101,181.0,,,56490865.0,Li,5016.0,1.0,,,8360.0,BØSTAD
913960,1860,VESTVÅGØY,189603428,0,111.0,Enebolig,TB,Tatt i bruk,10101,10101,10101,64.0,,,56490251.0,Pollveien,5010.0,749.0,,,8360.0,BØSTAD
913961,1860,VESTVÅGØY,189595018,1,111.0,Enebolig,TB,Tatt i bruk,19940125,19950125,19950501,31.0,,,56486948.0,Halsbakkan,4003.0,15.0,,,8340.0,STAMSUND
913962,1860,VESTVÅGØY,189595018,0,111.0,Enebolig,TB,Tatt i bruk,10101,10101,19270101,62.5,,,56486948.0,Halsbakkan,4003.0,15.0,,,8340.0,STAMSUND
913963,1860,VESTVÅGØY,189603401,0,111.0,Enebolig,TB,Tatt i bruk,19820510,19820610,19830314,170.0,,,56490250.0,Pollveien,5010.0,741.0,,,8360.0,BØSTAD
913964,1860,VESTVÅGØY,189594992,0,111.0,Enebolig,TB,Tatt i bruk,10101,10101,19690109,175.0,,,56497138.0,Halsbakkan,4003.0,17.0,,,8340.0,STAMSUND
913965,1860,VESTVÅGØY,189603398,0,111.0,Enebolig,TB,Tatt i bruk,10101,10101,19000101,122.0,,,56490283.0,Pollveien,5010.0,743.0,,,8360.0,BØSTAD
913966,1860,VESTVÅGØY,189594984,0,111.0,Enebolig,TB,Tatt i bruk,10101,10101,10101,173.0,,,56497137.0,Halsbakkan,4003.0,19.0,,,8340.0,STAMSUND
913967,1860,VESTVÅGØY,189603371,0,241.0,Hus for dyr/landbr.lager/silo,TB,Tatt i bruk,10101,10101,10101,75.0,,,,,,,,,,
913968,1860,VESTVÅGØY,189594976,0,111.0,Enebolig,TB,Tatt i bruk,10101,10101,19450101,96.0,,,56486949.0,Halsbakkan,4003.0,21.0,,,8340.0,STAMSUND
913969,1860,VESTVÅGØY,189603363,0,181.0,Garasjeuthus anneks til bolig,BR,Bygning revet/brent,10101,10101,10101,0.0,,,,,,,,,,
913970,1860,VESTVÅGØY,189594968,0,111.0,Enebolig,TB,Tatt i bruk,10101,10101,19781222,98.0,,,56487477.0,Halsan,4039.0,6.0,,,8340.0,STAMSUND
913971,1860,VESTVÅGØY,189603355,0,181.0,Garasjeuthus anneks til bolig,TB,Tatt i bruk,10101,10101,10101,31.0,,,,,,,,,,
913972,1860,VESTVÅGØY,189594941,0,181.0,Garasjeuthus anneks til bolig,TB,Tatt i bruk,10101,10101,10101,24.0,,,,,,,,,,
913973,1860,VESTVÅGØY,189603347,0,181.0,Garasjeuthus anneks til bolig,TB,Tatt i bruk,10101,10101,19590101,26.0,,,,,,,,,,
913974,1860,VESTVÅGØY,189594933,0,181.0,Garasjeuthus anneks til bolig,BR,Bygning revet/brent,10101,10101,10101,46.0,,,,,,,,,,
913975,1860,VESTVÅGØY,189603339,0,111.0,Enebolig,TB,Tatt i bruk,10101,10101,19600101,222.0,,,56490248.0,Pollveien,5010.0,738.0,,,8360.0,BØSTAD
913976,1860,VESTVÅGØY,189594925,0,181.0,Garasjeuthus anneks til bolig,TB,Tatt i bruk,10101,10101,10101,22.0,,,,,,,,,,
913977,1860,VESTVÅGØY,189603320,0,111.0,Enebolig,TB,Tatt i bruk,10101,10101,19900101,125.0,,,56490249.0,Pollveien,5010.0,740.0,,,8360.0,BØSTAD
913978,1860,VESTVÅGØY,189594917,0,111.0,Enebolig,TB,Tatt i bruk,10101,10101,19300101,115.0,,,56495860.0,J.M.Johansens vei,4040.0,152.0,,,8340.0,STAMSUND
913979,1860,VESTVÅGØY,189603312,0,181.0,Garasjeuthus anneks til bolig,TB,Tatt i bruk,10101,10101,10101,37.0,,,,,,,,,,
913980,1860,VESTVÅGØY,189594909,0,111.0,Enebolig,TB,Tatt i bruk,10101,10101,19520101,78.0,,,56487534.0,J.M.Johansens vei,4040.0,148.0,,,8340.0,STAMSUND
913981,1860,VESTVÅGØY,189603304,0,181.0,Garasjeuthus anneks til bolig,TB,Tatt i bruk,10101,10101,19010101,24.0,,,,,,,,,,
913982,1860,VESTVÅGØY,189594895,0,199.0,Annen boligbyg.(sek. reindrift,BU,Bygningsnummer utgått,10101,10101,10101,0.0,,,,,,,,,,
913983,1860,VESTVÅGØY,189594887,0,661.0,Kino/teater/opera/konsertbygn,TB,Tatt i bruk,10101,10101,10101,653.0,,,56498989.0,J.M.Johansens vei,4040.0,97.0,,,8340.0,STAMSUND
913984,1860,VESTVÅGØY,189603290,1,121.0,"Tomannsbolig, vertikaldelt",TB,Tatt i bruk,19960311,19960411,19961201,65.0,,,56490247.0,Pollveien,5010.0,729.0,,,8360.0,BØSTAD
913985,1860,VESTVÅGØY,189594879,0,121.0,"Tomannsbolig, vertikaldelt",TB,Tatt i bruk,10101,10101,10101,134.0,,,56487478.0,Halsan,4039.0,7.0,,,8340.0,STAMSUND
913986,1860,VESTVÅGØY,189600607,0,241.0,Hus for dyr/landbr.lager/silo,TB,Tatt i bruk,10101,10101,10101,91.0,,,,,,,,,,
913987,1860,VESTVÅGØY,189603290,0,121.0,"Tomannsbolig, vertikaldelt",TB,Tatt i bruk,10101,10101,19010101,71.0,,,56490247.0,Pollveien,5010.0,729.0,,,8360.0,BØSTAD
913988,1860,VESTVÅGØY,189594860,0,531.0,Restaurantbygning kafebygning,TB,Tatt i bruk,10101,10101,19300101,82.0,,,56487517.0,J.M.Johansens vei,4040.0,94.0,,,8340.0,STAMSUND
913989,1860,VESTVÅGØY,189600593,0,241.0,Hus for dyr/landbr.lager/silo,BR,Bygning revet/brent,10101,10101,10101,74.0,,,,,,,,,,
913990,1860,VESTVÅGØY,189603282,0,181.0,Garasjeuthus anneks til bolig,TB,Tatt i bruk,10101,10101,19560101,71.0,,,,,,,,,,
913991,1860,VESTVÅGØY,189594852,0,122.0,"Tomannsbolig, horisontaldelt",TB,Tatt i bruk,10101,10101,19200101,328.0,,,56487515.0,J.M.Johansens vei,4040.0,90.0,,,8340.0,STAMSUND
913992,1860,VESTVÅGØY,189600585,0,161.0,Fritidsbygg(hyttersommerh. ol,TB,Tatt i bruk,10101,10101,10101,123.0,,,56488105.0,Vendalsjorden,5017.0,46.0,,,8360.0,BØSTAD
913993,1860,VESTVÅGØY,189603800,0,181.0,Garasjeuthus anneks til bolig,BR,Bygning revet/brent,10101,10101,10101,0.0,,,,,,,,,,
913994,1860,VESTVÅGØY,189603797,0,181.0,Garasjeuthus anneks til bolig,TB,Tatt i bruk,10101,10101,10101,30.0,,,,,,,,,,
913995,1860,VESTVÅGØY,189595336,0,181.0,Garasjeuthus anneks til bolig,TB,Tatt i bruk,10101,10101,19780101,24.0,,,,,,,,,,
913996,1860,VESTVÅGØY,189603789,0,111.0,Enebolig,TB,Tatt i bruk,10101,10101,19250101,51.0,,,56493653.0,Alstad,8106.0,103.0,,,8360.0,BØSTAD
913997,1860,VESTVÅGØY,189595328,0,181.0,Garasjeuthus anneks til bolig,TB,Tatt i bruk,10101,10101,10101,25.0,,,,,,,,,,
913998,1860,VESTVÅGØY,189603770,0,161.0,Fritidsbygg(hyttersommerh. ol,BR,Bygning revet/brent,10101,10101,19000101,73.0,,,56497721.0,Alstad,8106.0,100.0,,,8360.0,BØSTAD
913999,1860,VESTVÅGØY,189595301,0,111.0,Enebolig,TB,Tatt i bruk,10101,10101,19470101,126.0,,,56487094.0,Huldreveien,4019.0,12.0,,,8340.0,STAMSUND
914000,1860,VESTVÅGØY,189612214,0,161.0,Fritidsbygg(hyttersommerh. ol,TB,Tatt i bruk,10101,10101,10101,159.0,,,56493760.0,Haverringen,8110.0,1185.0,,,8360.0,BØSTAD
914001,1860,VESTVÅGØY,189612206,0,161.0,Fritidsbygg(hyttersommerh. ol,TB,Tatt i bruk,10101,10101,19900101,268.0,,,56493759.0,Haverringen,8110.0,1205.0,,,8360.0,BØSTAD
914002,1860,VESTVÅGØY,189612192,0,182.0,Garasjeuth.anneks til fritidb,TB,Tatt i bruk,10101,10101,10101,78.0,,,,,,,,,,
914003,1860,VESTVÅGØY,189612184,0,161.0,Fritidsbygg(hyttersommerh. ol,TB,Tatt i bruk,10101,10101,10101,72.0,,,56493734.0,Haverringen,8110.0,1187.0,,,8360.0,BØSTAD
914004,1860,VESTVÅGØY,189612168,0,241.0,Hus for dyr/landbr.lager/silo,TB,Tatt i bruk,10101,10101,10101,107.0,,,,,,,,,,
914005,1860,VESTVÅGØY,189612141,0,183.0,Naust båthus sjøbu,TB,Tatt i bruk,10101,10101,10101,29.0,,,,,,,,,,
914006,1860,VESTVÅGØY,189612133,0,249.0,Annen landbruksbygning,TB,Tatt i bruk,10101,10101,10101,64.0,,,,,,,,,,
914007,1860,VESTVÅGØY,189612125,0,249.0,Annen landbruksbygning,TB,Tatt i bruk,10101,10101,10101,86.0,,,,,,,,,,
914008,1860,VESTVÅGØY,189612117,1,111.0,Enebolig,TB,Tatt i bruk,20030904,20030915,20040801,16.0,,,56493736.0,Haverringen,8110.0,1227.0,,,8360.0,BØSTAD
914009,1860,VESTVÅGØY,189612117,0,111.0,Enebolig,TB,Tatt i bruk,10101,10101,10101,117.0,,,56493736.0,Haverringen,8110.0,1227.0,,,8360.0,BØSTAD
914010,1860,VESTVÅGØY,189612109,0,181.0,Garasjeuthus anneks til bolig,TB,Tatt i bruk,10101,10101,10101,24.0,,,,,,,,,,
914011,1860,VESTVÅGØY,189612095,0,181.0,Garasjeuthus anneks til bolig,TB,Tatt i bruk,10101,10101,10101,13.0,,,,,,,,,,
914012,1860,VESTVÅGØY,189612087,0,111.0,Enebolig,TB,Tatt i bruk,10101,10101,10101,124.0,,,56493758.0,Haverringen,8110.0,1255.0,,,8360.0,BØSTAD
914013,1860,VESTVÅGØY,189612079,0,181.0,Garasjeuthus anneks til bolig,TB,Tatt i bruk,10101,10101,10101,123.0,,,,,,,,,,
914014,1860,VESTVÅGØY,189612060,0,161.0,Fritidsbygg(hyttersommerh. ol,BR,Bygning revet/brent,10101,10101,10101,112.0,,,,,,,,,,
914015,1860,VESTVÅGØY,189612273,0,182.0,Garasjeuth.anneks til fritidb,TB,Tatt i bruk,10101,10101,10101,67.0,,,,,,,,,,
914016,1860,VESTVÅGØY,189612265,0,181.0,Garasjeuthus anneks til bolig,TB,Tatt i bruk,10101,10101,10101,33.0,,,,,,,,,,
914017,1860,VESTVÅGØY,189612257,0,111.0,Enebolig,TB,Tatt i bruk,10101,10101,10101,198.0,,,56493761.0,Haverringen,8110.0,1178.0,,,8360.0,BØSTAD
914018,1860,VESTVÅGØY,189612249,0,111.0,Enebolig,TB,Tatt i bruk,10101,10101,10101,139.0,,,56493733.0,Haverringen,8110.0,1182.0,,,8360.0,BØSTAD
914019,1860,VESTVÅGØY,189612230,0,181.0,Garasjeuthus anneks til bolig,BR,Bygning revet/brent,10101,10101,10101,0.0,,,,,,,,,,
914020,1860,VESTVÅGØY,189612222,0,181.0,Garasjeuthus anneks til bolig,TB,Tatt i bruk,10101,10101,10101,38.0,,,,,,,,,,
914021,1860,VESTVÅGØY,189611897,0,181.0,Garasjeuthus anneks til bolig,TB,Tatt i bruk,10101,10101,10101,17.0,,,,,,,,,,
914022,1860,VESTVÅGØY,189614489,0,721.0,Sykehjem,TB,Tatt i bruk,19910919,19911019,19920419,69.0,,,,,,,,,,
914023,1860,VESTVÅGØY,189611889,0,181.0,Garasjeuthus anneks til bolig,BR,Bygning revet/brent,10101,10101,10101,0.0,,,,,,,,,,
914024,1860,VESTVÅGØY,189611870,0,111.0,Enebolig,TB,Tatt i bruk,10101,10101,10101,124.0,,,56494321.0,Grundstadveien,8201.0,511.0,,,8360.0,BØSTAD
914025,1860,VESTVÅGØY,189614470,0,181.0,Garasjeuthus anneks til bolig,TB,Tatt i bruk,19870622,19870722,19991118,53.0,,,,,,,,,,
914026,1860,VESTVÅGØY,189611862,0,162.0,Helårsb.benyttes som fritidsb.,TB,Tatt i bruk,10101,10101,10101,120.0,,,56494288.0,Grundstadveien,8201.0,497.0,,,8360.0,BØSTAD
914027,1860,VESTVÅGØY,189614462,0,111.0,Enebolig,TB,Tatt i bruk,10101,10101,19880521,212.8,,,56491505.0,Stormyra,6007.0,60.0,,,8370.0,LEKNES
914028,1860,VESTVÅGØY,189611846,0,181.0,Garasjeuthus anneks til bolig,TB,Tatt i bruk,10101,10101,10101,28.0,,,,,,,,,,
914029,1860,VESTVÅGØY,189611838,0,113.0,Våningshus,TB,Tatt i bruk,10101,10101,10101,82.0,,,56494286.0,Grundstadveien,8201.0,483.0,,,8360.0,BØSTAD
914030,1860,VESTVÅGØY,189614454,1,111.0,Enebolig,TB,Tatt i bruk,19960710,19960810,19961230,16.0,,,56489436.0,Leknesveien,3056.0,699.0,,,8370.0,LEKNES
914031,1860,VESTVÅGØY,189611811,0,241.0,Hus for dyr/landbr.lager/silo,TB,Tatt i bruk,10101,10101,10101,47.0,,,,,,,,,,
914032,1860,VESTVÅGØY,189614454,0,111.0,Enebolig,TB,Tatt i bruk,10101,10101,10101,92.0,,,56489436.0,Leknesveien,3056.0,699.0,,,8370.0,LEKNES
914033,1860,VESTVÅGØY,189611803,0,181.0,Garasjeuthus anneks til bolig,TB,Tatt i bruk,10101,10101,10101,69.0,,,,,,,,,,
914034,1860,VESTVÅGØY,189611781,0,181.0,Garasjeuthus anneks til bolig,TB,Tatt i bruk,10101,10101,10101,19.0,,,,,,,,,,
914035,1860,VESTVÅGØY,189614411,1,111.0,Enebolig,TB,Tatt i bruk,19970604,19970704,19990701,36.0,,,,,,,,,,
914036,1860,VESTVÅGØY,189611773,0,111.0,Enebolig,TB,Tatt i bruk,10101,10101,10101,165.0,,,56494285.0,Grundstadveien,8201.0,471.0,,,8360.0,BØSTAD
914037,1860,VESTVÅGØY,189611765,0,111.0,Enebolig,TB,Tatt i bruk,10101,10101,10101,138.0,,,56494327.0,Grundstadveien,8201.0,414.0,,,8360.0,BØSTAD
914038,1860,VESTVÅGØY,189614411,0,111.0,Enebolig,TB,Tatt i bruk,19751125,19751225,19760624,248.0,,,56486014.0,Tore Hjorts vei,3016.0,33.0,,,8370.0,LEKNES
914039,1860,VESTVÅGØY,189611757,0,181.0,Garasjeuthus anneks til bolig,TB,Tatt i bruk,10101,10101,10101,17.0,,,,,,,,,,
914040,1860,VESTVÅGØY,189611749,0,181.0,Garasjeuthus anneks til bolig,TB,Tatt i bruk,10101,10101,10101,54.0,,,,,,,,,,
914041,1860,VESTVÅGØY,189614403,1,111.0,Enebolig,TB,Tatt i bruk,19960419,19960519,19961230,60.0,,,56486561.0,Holsøyveien,3047.0,4.0,,,8370.0,LEKNES
914042,1860,VESTVÅGØY,189609043,0,181.0,Garasjeuthus anneks til bolig,TB,Tatt i bruk,10101,10101,10101,92.0,,,,,,,,,,
914043,1860,VESTVÅGØY,189611730,0,111.0,Enebolig,TB,Tatt i bruk,10101,10101,10101,125.0,,,56494280.0,Grundstadveien,8201.0,416.0,,,8360.0,BØSTAD
914044,1860,VESTVÅGØY,189609035,0,182.0,Garasjeuth.anneks til fritidb,TB,Tatt i bruk,10101,10101,10101,31.0,,,,,,,,,,
914045,1860,VESTVÅGØY,189611722,0,113.0,Våningshus,BR,Bygning revet/brent,10101,10101,10101,0.0,,,56494282.0,Grundstadveien,8201.0,449.0,,,8360.0,BØSTAD
914046,1860,VESTVÅGØY,189614403,0,111.0,Enebolig,TB,Tatt i bruk,19700821,19700921,19701231,190.0,,,56486561.0,Holsøyveien,3047.0,4.0,,,8370.0,LEKNES
914047,1860,VESTVÅGØY,189609027,0,241.0,Hus for dyr/landbr.lager/silo,TB,Tatt i bruk,10101,10101,10101,106.0,,,,,,,,,,
914048,1860,VESTVÅGØY,189611714,0,181.0,Garasjeuthus anneks til bolig,BR,Bygning revet/brent,10101,10101,10101,0.0,,,,,,,,,,
914049,1860,VESTVÅGØY,189609019,0,111.0,Enebolig,TB,Tatt i bruk,10101,10101,18900101,117.0,,,56491548.0,Dalsveien,7006.0,86.0,,,8357.0,VALBERG
914050,1860,VESTVÅGØY,189612052,0,111.0,Enebolig,TB,Tatt i bruk,10101,10101,10101,113.0,,,56494347.0,Myranveien,8203.0,89.0,,,8360.0,BØSTAD
914051,1860,VESTVÅGØY,189612044,0,111.0,Enebolig,TB,Tatt i bruk,10101,10101,10101,147.0,,,56494402.0,Myranveien,8203.0,87.0,,,8360.0,BØSTAD
914052,1860,VESTVÅGØY,189612036,0,161.0,Fritidsbygg(hyttersommerh. ol,TB,Tatt i bruk,10101,10101,10101,75.0,,,56494395.0,Myranveien,8203.0,99.0,,,8360.0,BØSTAD
914053,1860,VESTVÅGØY,189612028,0,241.0,Hus for dyr/landbr.lager/silo,TB,Tatt i bruk,10101,10101,19900101,239.0,,,,,,,,,,
914054,1860,VESTVÅGØY,189612001,0,111.0,Enebolig,TB,Tatt i bruk,10101,10101,10101,210.0,,,56494293.0,Grundstadveien,8201.0,529.0,,,8360.0,BØSTAD
914055,1860,VESTVÅGØY,189611994,0,162.0,Helårsb.benyttes som fritidsb.,TB,Tatt i bruk,10101,10101,10101,150.0,,,56494292.0,Grundstadveien,8201.0,528.0,,,8360.0,BØSTAD
914056,1860,VESTVÅGØY,189611986,0,111.0,Enebolig,TB,Tatt i bruk,10101,10101,10101,68.0,,,56494291.0,Grundstadveien,8201.0,526.0,,,8360.0,BØSTAD
914057,1860,VESTVÅGØY,189611978,0,181.0,Garasjeuthus anneks til bolig,TB,Tatt i bruk,10101,10101,10101,22.0,,,,,,,,,,
914058,1860,VESTVÅGØY,189611951,0,181.0,Garasjeuthus anneks til bolig,TB,Tatt i bruk,10101,10101,10101,25.0,,,,,,,,,,
914059,1860,VESTVÅGØY,189611943,0,181.0,Garasjeuthus anneks til bolig,TB,Tatt i bruk,10101,10101,10101,70.0,,,,,,,,,,
914060,1860,VESTVÅGØY,189611935,0,181.0,Garasjeuthus anneks til bolig,BR,Bygning revet/brent,10101,10101,10101,0.0,,,,,,,,,,
914061,1860,VESTVÅGØY,189614519,0,183.0,Naust båthus sjøbu,TB,Tatt i bruk,10101,10101,10101,59.0,,,,,,,,,,
914062,1860,VESTVÅGØY,189611927,0,181.0,Garasjeuthus anneks til bolig,TB,Tatt i bruk,10101,10101,10101,64.0,,,,,,,,,,
914063,1860,VESTVÅGØY,189614500,1,111.0,Enebolig,TB,Tatt i bruk,19940509,10101,19960101,45.0,,,,,,,,,,
914064,1860,VESTVÅGØY,189611919,1,111.0,Enebolig,TB,Tatt i bruk,19800131,19800228,19810625,21.0,,,,,,,,,,
914065,1860,VESTVÅGØY,189611919,0,111.0,Enebolig,TB,Tatt i bruk,10101,10101,19590101,116.0,,,56494290.0,Grundstadveien,8201.0,524.0,,,8360.0,BØSTAD
914066,1860,VESTVÅGØY,189614500,0,111.0,Enebolig,TB,Tatt i bruk,19770316,19770416,19780120,194.0,,,56489917.0,Akebakken,4048.0,7.0,,,8340.0,STAMSUND
914067,1860,VESTVÅGØY,189611900,0,111.0,Enebolig,TB,Tatt i bruk,10101,10101,10101,126.0,,,56494289.0,Grundstadveien,8201.0,508.0,,,8360.0,BØSTAD
914068,1860,VESTVÅGØY,189605994,0,181.0,Garasjeuthus anneks til bolig,TB,Tatt i bruk,10101,10101,10101,73.0,,,,,,,,,,
914069,1860,VESTVÅGØY,189605986,0,181.0,Garasjeuthus anneks til bolig,TB,Tatt i bruk,10101,10101,10101,23.0,,,,,,,,,,
914070,1860,VESTVÅGØY,189605978,0,182.0,Garasjeuth.anneks til fritidb,TB,Tatt i bruk,10101,10101,10101,21.0,,,,,,,,,,
914071,1860,VESTVÅGØY,189605951,0,182.0,Garasjeuth.anneks til fritidb,TB,Tatt i bruk,10101,10101,10101,63.0,,,,,,,,,,
914072,1860,VESTVÅGØY,189608365,0,161.0,Fritidsbygg(hyttersommerh. ol,TB,Tatt i bruk,10101,10101,10101,79.0,,,56498359.0,Reinhaugveien,8202.0,135.0,,,8360.0,BØSTAD
914073,1860,VESTVÅGØY,189608357,0,161.0,Fritidsbygg(hyttersommerh. ol,TB,Tatt i bruk,10101,10101,19900101,38.0,,,56499024.0,Reinhaugveien,8202.0,157.0,,,8360.0,BØSTAD
914074,1860,VESTVÅGØY,189608349,0,161.0,Fritidsbygg(hyttersommerh. ol,TB,Tatt i bruk,10101,10101,10101,54.0,,,56495012.0,Reinhaugveien,8202.0,155.0,,,8360.0,BØSTAD
914075,1860,VESTVÅGØY,189608330,0,161.0,Fritidsbygg(hyttersommerh. ol,TB,Tatt i bruk,10101,10101,10101,27.0,,,,,,,,,,
914076,1860,VESTVÅGØY,189608322,0,161.0,Fritidsbygg(hyttersommerh. ol,TB,Tatt i bruk,10101,10101,10101,50.0,,,,,,,,,,
914077,1860,VESTVÅGØY,189608314,0,111.0,Enebolig,TB,Tatt i bruk,10101,10101,19500101,125.0,,,56491647.0,Valbergsveien,7007.0,1955.0,,,8357.0,VALBERG
914078,1860,VESTVÅGØY,189608306,1,111.0,Enebolig,TB,Tatt i bruk,10101,10101,19821125,22.0,,,,,,,,,,
914079,1860,VESTVÅGØY,189608306,0,111.0,Enebolig,TB,Tatt i bruk,10101,10101,19340101,112.0,,,56491646.0,Valbergsveien,7007.0,1953.0,,,8357.0,VALBERG
914080,1860,VESTVÅGØY,189608292,0,161.0,Fritidsbygg(hyttersommerh. ol,TB,Tatt i bruk,10101,10101,19580101,119.0,,,56491644.0,Valbergsveien,7007.0,1951.0,,,8357.0,VALBERG
914081,1860,VESTVÅGØY,189608284,0,161.0,Fritidsbygg(hyttersommerh. ol,TB,Tatt i bruk,10101,10101,19520101,122.0,,,56491642.0,Valbergsveien,7007.0,1949.0,,,8357.0,VALBERG
914082,1860,VESTVÅGØY,189608276,1,219.0,Annen industribygning,TB,Tatt i bruk,19860801,19860922,19890310,74.0,,,,,,,,,,
914083,1860,VESTVÅGØY,189608276,0,219.0,Annen industribygning,TB,Tatt i bruk,10101,10101,19900101,149.0,,,56491641.0,Valbergsveien,7007.0,1947.0,,,8357.0,VALBERG
914084,1860,VESTVÅGØY,189608268,0,163.0,Våningh. benyttes som fritidsb,BR,Bygning revet/brent,10101,10101,19500101,79.0,,,,,,,,,,
914085,1860,VESTVÅGØY,189608241,1,161.0,Fritidsbygg(hyttersommerh. ol,TB,Tatt i bruk,19790515,19790615,19800805,26.0,,,,,,,,,,
914086,1860,VESTVÅGØY,189608519,0,161.0,Fritidsbygg(hyttersommerh. ol,TB,Tatt i bruk,10101,10101,10101,110.0,,,,,,,,,,
914087,1860,VESTVÅGØY,189608500,0,161.0,Fritidsbygg(hyttersommerh. ol,TB,Tatt i bruk,10101,10101,10101,75.0,,,56492349.0,Valbergsveien,7007.0,2386.0,,,8357.0,VALBERG
914088,1860,VESTVÅGØY,189608497,0,182.0,Garasjeuth.anneks til fritidb,TB,Tatt i bruk,10101,10101,10101,25.0,,,,,,,,,,
914089,1860,VESTVÅGØY,189608489,0,181.0,Garasjeuthus anneks til bolig,BU,Bygningsnummer utgått,10101,10101,10101,0.0,,,,,,,,,,
914090,1860,VESTVÅGØY,189608470,1,111.0,Enebolig,TB,Tatt i bruk,19850716,19850816,19880209,35.0,,,,,,,,,,
914091,1860,VESTVÅGØY,189608470,0,111.0,Enebolig,TB,Tatt i bruk,10101,10101,19900101,100.0,,,56492350.0,Valbergsveien,7007.0,2388.0,,,8357.0,VALBERG
914092,1860,VESTVÅGØY,189608462,0,181.0,Garasjeuthus anneks til bolig,TB,Tatt i bruk,10101,10101,10101,74.0,,,,,,,,,,
914093,1860,VESTVÅGØY,189608454,0,241.0,Hus for dyr/landbr.lager/silo,TB,Tatt i bruk,10101,10101,10101,134.0,,,,,,,,,,
914094,1860,VESTVÅGØY,189608446,0,531.0,Restaurantbygning kafebygning,TB,Tatt i bruk,10101,10101,10101,131.0,,,56492345.0,Valbergsveien,7007.0,2358.0,,,8357.0,VALBERG
914095,1860,VESTVÅGØY,189608438,0,111.0,Enebolig,TB,Tatt i bruk,10101,10101,10101,160.0,,,56492415.0,Valbergsveien,7007.0,2360.0,,,8357.0,VALBERG
914096,1860,VESTVÅGØY,189608411,0,182.0,Garasjeuth.anneks til fritidb,TB,Tatt i bruk,10101,10101,10101,25.0,,,,,,,,,,
914097,1860,VESTVÅGØY,189608403,0,182.0,Garasjeuth.anneks til fritidb,TB,Tatt i bruk,10101,10101,10101,112.0,,,,,,,,,,
914098,1860,VESTVÅGØY,189608381,0,182.0,Garasjeuth.anneks til fritidb,TB,Tatt i bruk,10101,10101,10101,48.0,,,,,,,,,,
914099,1860,VESTVÅGØY,189608373,0,161.0,Fritidsbygg(hyttersommerh. ol,TB,Tatt i bruk,10101,10101,10101,63.0,,,56492413.0,Valbergsveien,7007.0,2356.0,,,8357.0,VALBERG
914100,1860,VESTVÅGØY,189608365,1,161.0,Fritidsbygg(hyttersommerh. ol,FA,Ferdigattest,20061027,20061127,10101,44.0,,,,,,,,,,
914101,1860,VESTVÅGØY,189608241,0,161.0,Fritidsbygg(hyttersommerh. ol,TB,Tatt i bruk,10101,10101,10101,46.0,,,56492211.0,Valbergsveien,7007.0,1839.0,,,8357.0,VALBERG
914102,1860,VESTVÅGØY,189608233,0,183.0,Naust båthus sjøbu,TB,Tatt i bruk,19731114,19731214,19740101,38.0,,,56496351.0,Valbergsveien,7007.0,1845.0,,,8357.0,VALBERG
914103,1860,VESTVÅGØY,189608225,0,183.0,Naust båthus sjøbu,BR,Bygning revet/brent,10101,10101,10101,0.0,,,,,,,,,,
914104,1860,VESTVÅGØY,189608217,0,183.0,Naust båthus sjøbu,BR,Bygning revet/brent,10101,10101,10101,0.0,,,,,,,,,,
914105,1860,VESTVÅGØY,189608209,0,161.0,Fritidsbygg(hyttersommerh. ol,TB,Tatt i bruk,10101,10101,10101,50.0,,,,,,,,,,
914106,1860,VESTVÅGØY,189608195,0,161.0,Fritidsbygg(hyttersommerh. ol,TB,Tatt i bruk,10101,10101,10101,73.0,,,56491638.0,Valbergsveien,7007.0,1758.0,,,8357.0,VALBERG
914107,1860,VESTVÅGØY,189608187,0,161.0,Fritidsbygg(hyttersommerh. ol,TB,Tatt i bruk,10101,10101,19300101,63.0,,,56492217.0,Valbergsveien,7007.0,1684.0,,,8357.0,VALBERG
914108,1860,VESTVÅGØY,189608179,0,181.0,Garasjeuthus anneks til bolig,TB,Tatt i bruk,10101,10101,10101,80.0,,,,,,,,,,
914109,1860,VESTVÅGØY,189608160,0,111.0,Enebolig,TB,Tatt i bruk,10101,10101,19480101,71.0,,,56492215.0,Valbergsveien,7007.0,1682.0,,,8357.0,VALBERG
914110,1860,VESTVÅGØY,189608152,0,111.0,Enebolig,TB,Tatt i bruk,10101,10101,19500101,165.0,,,56491635.0,Valbergsveien,7007.0,1676.0,,,8357.0,VALBERG
914111,1860,VESTVÅGØY,189608144,0,163.0,Våningh. benyttes som fritidsb,TB,Tatt i bruk,10101,10101,19220101,76.0,,,56491634.0,Valbergsveien,7007.0,1651.0,,,8357.0,VALBERG
914112,1860,VESTVÅGØY,189608136,0,111.0,Enebolig,TB,Tatt i bruk,10101,10101,19300101,87.0,,,56491637.0,Valbergsveien,7007.0,1674.0,,,8357.0,VALBERG
914113,1860,VESTVÅGØY,189608128,0,181.0,Garasjeuthus anneks til bolig,TB,Tatt i bruk,10101,10101,19300101,81.0,,,,,,,,,,
914114,1860,VESTVÅGØY,189608101,0,181.0,Garasjeuthus anneks til bolig,TB,Tatt i bruk,10101,10101,19750101,18.0,,,,,,,,,,
914115,1860,VESTVÅGØY,189608896,1,111.0,Enebolig,TB,Tatt i bruk,19850121,19850221,19880210,12.0,,,,,,,,,,
914116,1860,VESTVÅGØY,189611536,0,182.0,Garasjeuth.anneks til fritidb,TB,Tatt i bruk,10101,10101,10101,69.0,,,,,,,,,,
914117,1860,VESTVÅGØY,189608896,0,111.0,Enebolig,TB,Tatt i bruk,10101,10101,19650101,160.0,,,56492372.0,Valbergsveien,7007.0,2626.0,,,8357.0,VALBERG
914118,1860,VESTVÅGØY,189611528,0,161.0,Fritidsbygg(hyttersommerh. ol,TB,Tatt i bruk,10101,10101,10101,85.0,,,56494324.0,Grundstadveien,8201.0,421.0,,,8360.0,BØSTAD
914119,1860,VESTVÅGØY,189608888,0,111.0,Enebolig,TB,Tatt i bruk,10101,10101,19490101,115.0,,,56492366.0,Valbergsveien,7007.0,2549.0,,,8357.0,VALBERG
914120,1860,VESTVÅGØY,189611501,0,161.0,Fritidsbygg(hyttersommerh. ol,TB,Tatt i bruk,10101,10101,10101,62.0,,,56495005.0,,,,,0.0,8360.0,BØSTAD
914121,1860,VESTVÅGØY,189608861,0,181.0,Garasjeuthus anneks til bolig,TB,Tatt i bruk,10101,10101,10101,25.0,,,,,,,,,,
914122,1860,VESTVÅGØY,189611498,0,181.0,Garasjeuthus anneks til bolig,TB,Tatt i bruk,10101,10101,10101,52.0,,,,,,,,,,
914123,1860,VESTVÅGØY,189608853,0,249.0,Annen landbruksbygning,TB,Tatt i bruk,10101,10101,10101,67.0,,,,,,,,,,
914124,1860,VESTVÅGØY,189611471,0,181.0,Garasjeuthus anneks til bolig,TB,Tatt i bruk,10101,10101,10101,16.0,,,,,,,,,,
914125,1860,VESTVÅGØY,189611463,0,163.0,Våningh. benyttes som fritidsb,TB,Tatt i bruk,10101,10101,10101,116.0,,,56494273.0,Grundstadveien,8201.0,228.0,,,8360.0,BØSTAD
914126,1860,VESTVÅGØY,189608845,0,111.0,Enebolig,TB,Tatt i bruk,19830605,19830705,19831206,198.0,,,56492365.0,Valbergsveien,7007.0,2548.0,,,8357.0,VALBERG
914127,1860,VESTVÅGØY,189611455,0,111.0,Enebolig,TB,Tatt i bruk,10101,10101,10101,170.0,,,56494274.0,Grundstadveien,8201.0,236.0,,,8360.0,BØSTAD
914128,1860,VESTVÅGØY,189608837,0,111.0,Enebolig,BR,Bygning revet/brent,10101,10101,10101,0.0,,,56492418.0,Valbergsveien,7007.0,2550.0,,,8357.0,VALBERG
914129,1860,VESTVÅGØY,189611447,0,181.0,Garasjeuthus anneks til bolig,TB,Tatt i bruk,10101,10101,10101,60.0,,,,,,,,,,
914130,1860,VESTVÅGØY,189608829,0,111.0,Enebolig,TB,Tatt i bruk,10101,10101,19500101,100.0,,,56492419.0,Valbergsveien,7007.0,2568.0,,,8357.0,VALBERG
914131,1860,VESTVÅGØY,189611439,0,183.0,Naust båthus sjøbu,TB,Tatt i bruk,10101,10101,10101,24.0,,,,,,,,,,
914132,1860,VESTVÅGØY,189608810,0,249.0,Annen landbruksbygning,TB,Tatt i bruk,10101,10101,10101,55.0,,,,,,,,,,
914133,1860,VESTVÅGØY,189611420,0,181.0,Garasjeuthus anneks til bolig,TB,Tatt i bruk,10101,10101,10101,23.0,,,,,,,,,,
914134,1860,VESTVÅGØY,189611412,0,181.0,Garasjeuthus anneks til bolig,TB,Tatt i bruk,10101,10101,10101,14.0,,,,,,,,,,
914135,1860,VESTVÅGØY,189608802,2,241.0,Hus for dyr/landbr.lager/silo,TB,Tatt i bruk,20030910,20031001,20041201,40.0,,,,,,,,,,
914136,1860,VESTVÅGØY,189611404,0,181.0,Garasjeuthus anneks til bolig,TB,Tatt i bruk,10101,10101,10101,40.0,,,,,,,,,,
914137,1860,VESTVÅGØY,189611390,0,181.0,Garasjeuthus anneks til bolig,TB,Tatt i bruk,10101,10101,10101,18.0,,,,,,,,,,
914138,1860,VESTVÅGØY,189608802,1,241.0,Hus for dyr/landbr.lager/silo,TB,Tatt i bruk,19990310,19990410,19991215,50.0,,,,,,,,,,
914139,1860,VESTVÅGØY,189608802,0,241.0,Hus for dyr/landbr.lager/silo,TB,Tatt i bruk,10101,10101,10101,301.0,,,,,,,,,,
914140,1860,VESTVÅGØY,189611382,1,111.0,Enebolig,TB,Tatt i bruk,19820525,19820625,19830127,50.0,,,,,,,,,,
914141,1860,VESTVÅGØY,189611382,0,111.0,Enebolig,TB,Tatt i bruk,10101,10101,19590101,146.0,,,56494278.0,Grundstadveien,8201.0,347.0,,,8360.0,BØSTAD
914142,1860,VESTVÅGØY,189611706,0,181.0,Garasjeuthus anneks til bolig,TB,Tatt i bruk,10101,10101,10101,37.0,,,,,,,,,,
914143,1860,VESTVÅGØY,189614381,1,111.0,Enebolig,TB,Tatt i bruk,19960507,19960607,19961201,86.0,,,56489301.0,Myrstien,3037.0,16.0,,,8370.0,LEKNES
914144,1860,VESTVÅGØY,189609000,0,162.0,Helårsb.benyttes som fritidsb.,TB,Tatt i bruk,10101,10101,18900101,44.0,,,56491547.0,Dalsveien,7006.0,78.0,,,8357.0,VALBERG
914145,1860,VESTVÅGØY,189611692,0,531.0,Restaurantbygning kafebygning,TB,Tatt i bruk,10101,10101,10101,370.0,,,56494322.0,Grundstadveien,8201.0,454.0,,,8360.0,BØSTAD
914146,1860,VESTVÅGØY,189614381,0,111.0,Enebolig,TB,Tatt i bruk,10101,10101,19541101,151.0,,,56489301.0,Myrstien,3037.0,16.0,,,8370.0,LEKNES
914147,1860,VESTVÅGØY,189608993,0,181.0,Garasjeuthus anneks til bolig,TB,Tatt i bruk,10101,10101,10101,45.0,,,,,,,,,,
914148,1860,VESTVÅGØY,189611684,0,111.0,Enebolig,TB,Tatt i bruk,10101,10101,10101,27.0,,,56494323.0,Grundstadveien,8201.0,451.0,,,8360.0,BØSTAD
914149,1860,VESTVÅGØY,189608985,0,181.0,Garasjeuthus anneks til bolig,TB,Tatt i bruk,10101,10101,10101,33.0,,,,,,,,,,
914150,1860,VESTVÅGØY,189611676,0,111.0,Enebolig,TB,Tatt i bruk,10101,10101,10101,143.0,,,56494282.0,Grundstadveien,8201.0,449.0,,,8360.0,BØSTAD
914151,1860,VESTVÅGØY,189608977,0,111.0,Enebolig,BR,Bygning revet/brent,10101,10101,18700101,72.0,,,56497682.0,Dalsveien,7006.0,64.0,,,8357.0,VALBERG
914152,1860,VESTVÅGØY,189611668,0,111.0,Enebolig,TB,Tatt i bruk,10101,10101,10101,184.0,,,56494281.0,Grundstadveien,8201.0,446.0,,,8360.0,BØSTAD
914153,1860,VESTVÅGØY,189608969,1,111.0,Enebolig,TB,Tatt i bruk,20050616,20050716,20051001,14.0,,,,,,,,,,
914154,1860,VESTVÅGØY,189611641,0,241.0,Hus for dyr/landbr.lager/silo,TB,Tatt i bruk,10101,10101,10101,237.0,,,,,,,,,,
914155,1860,VESTVÅGØY,189608969,0,111.0,Enebolig,TB,Tatt i bruk,10101,10101,10101,194.8,,,56491544.0,Dalsveien,7006.0,52.0,,,8357.0,VALBERG
914156,1860,VESTVÅGØY,189611633,0,161.0,Fritidsbygg(hyttersommerh. ol,TB,Tatt i bruk,10101,10101,10101,108.0,,,56494326.0,Grundstadveien,8201.0,447.0,,,8360.0,BØSTAD
914157,1860,VESTVÅGØY,189608950,0,181.0,Garasjeuthus anneks til bolig,TB,Tatt i bruk,10101,10101,10101,29.0,,,,,,,,,,
914158,1860,VESTVÅGØY,189611625,0,181.0,Garasjeuthus anneks til bolig,TB,Tatt i bruk,10101,10101,10101,33.0,,,,,,,,,,
914159,1860,VESTVÅGØY,189608942,0,181.0,Garasjeuthus anneks til bolig,TB,Tatt i bruk,10101,10101,10101,30.0,,,,,,,,,,
914160,1860,VESTVÅGØY,189611617,0,181.0,Garasjeuthus anneks til bolig,TB,Tatt i bruk,10101,10101,10101,42.0,,,,,,,,,,
914161,1860,VESTVÅGØY,189608934,0,181.0,Garasjeuthus anneks til bolig,BR,Bygning revet/brent,10101,10101,10101,0.0,,,,,,,,,,
914162,1860,VESTVÅGØY,189611609,0,181.0,Garasjeuthus anneks til bolig,TB,Tatt i bruk,10101,10101,10101,18.0,,,,,,,,,,
914163,1860,VESTVÅGØY,189611595,0,161.0,Fritidsbygg(hyttersommerh. ol,TB,Tatt i bruk,10101,10101,10101,92.8,,,56494283.0,Grundstadveien,8201.0,457.0,,,8360.0,BØSTAD
914164,1860,VESTVÅGØY,189608926,1,111.0,Enebolig,TB,Tatt i bruk,19990622,19990801,19991215,84.0,,,,,,,,,,
914165,1860,VESTVÅGØY,189611587,0,161.0,Fritidsbygg(hyttersommerh. ol,BR,Bygning revet/brent,10101,10101,10101,0.0,,,,,,,,,,
914166,1860,VESTVÅGØY,189611579,0,161.0,Fritidsbygg(hyttersommerh. ol,TB,Tatt i bruk,10101,10101,19550101,18.0,,,56495006.0,,,,,0.0,8360.0,BØSTAD
914167,1860,VESTVÅGØY,189608926,0,111.0,Enebolig,TB,Tatt i bruk,19720518,19720618,19730704,170.0,,,56491550.0,Dalsveien,7006.0,38.0,,,8357.0,VALBERG
914168,1860,VESTVÅGØY,189611560,0,181.0,Garasjeuthus anneks til bolig,TB,Tatt i bruk,10101,10101,19590101,9.0,,,56495006.0,,,,,0.0,8360.0,BØSTAD
914169,1860,VESTVÅGØY,189608918,0,241.0,Hus for dyr/landbr.lager/silo,TB,Tatt i bruk,10101,10101,10101,521.0,,,,,,,,,,
914170,1860,VESTVÅGØY,189611552,0,161.0,Fritidsbygg(hyttersommerh. ol,TB,Tatt i bruk,10101,10101,10101,88.0,,,56494279.0,Grundstadveien,8201.0,407.0,,,8360.0,BØSTAD
914171,1860,VESTVÅGØY,189611544,0,182.0,Garasjeuth.anneks til fritidb,TB,Tatt i bruk,10101,10101,10101,24.0,,,,,,,,,,
914172,1860,VESTVÅGØY,189608675,0,111.0,Enebolig,TB,Tatt i bruk,10101,10101,19300101,78.0,,,56492357.0,Valbergsveien,7007.0,2484.0,,,8357.0,VALBERG
914173,1860,VESTVÅGØY,189608667,0,181.0,Garasjeuthus anneks til bolig,TB,Tatt i bruk,10101,10101,10101,49.0,,,,,,,,,,
914174,1860,VESTVÅGØY,189611218,0,249.0,Annen landbruksbygning,TB,Tatt i bruk,19970909,19970910,19970922,86.0,,,,,,,,,,
914175,1860,VESTVÅGØY,189608659,0,241.0,Hus for dyr/landbr.lager/silo,TB,Tatt i bruk,10101,10101,10101,138.0,,,,,,,,,,
914176,1860,VESTVÅGØY,189611196,0,181.0,Garasjeuthus anneks til bolig,TB,Tatt i bruk,19721201,19721001,19721201,30.0,,,,,,,,,,
914177,1860,VESTVÅGØY,189608640,0,673.0,Kremat. gravkapell bårehus,TB,Tatt i bruk,19811201,19820101,19820301,24.0,,,281533552.0,Valbergsveien,7007.0,2515.0,,,8357.0,VALBERG
914178,1860,VESTVÅGØY,189608632,0,111.0,Enebolig,TB,Tatt i bruk,10101,10101,19100101,102.0,,,56492417.0,Valbergsveien,7007.0,2539.0,,,8357.0,VALBERG
914179,1860,VESTVÅGØY,189608624,0,161.0,Fritidsbygg(hyttersommerh. ol,TB,Tatt i bruk,10101,10101,18900101,83.0,,,56492361.0,Valbergsveien,7007.0,2525.0,,,8357.0,VALBERG
914180,1860,VESTVÅGØY,189608616,0,161.0,Fritidsbygg(hyttersommerh. ol,TB,Tatt i bruk,10101,10101,19300101,87.0,,,56492378.0,Malnes,7009.0,7.0,,,8357.0,VALBERG
914181,1860,VESTVÅGØY,189608608,0,329.0,Annen forretningsbygning,TB,Tatt i bruk,10101,10101,10101,283.0,,,56492352.0,Valbergsveien,7007.0,2448.0,,,8357.0,VALBERG
914182,1860,VESTVÅGØY,189608594,0,181.0,Garasjeuthus anneks til bolig,TB,Tatt i bruk,10101,10101,10101,11.0,,,,,,,,,,
914183,1860,VESTVÅGØY,189608586,0,181.0,Garasjeuthus anneks til bolig,BU,Bygningsnummer utgått,10101,10101,10101,0.0,,,,,,,,,,
914184,1860,VESTVÅGØY,189608578,0,111.0,Enebolig,TB,Tatt i bruk,10101,10101,19500101,166.0,,,56492354.0,Valbergsveien,7007.0,2460.0,,,8357.0,VALBERG
914185,1860,VESTVÅGØY,189608551,0,111.0,Enebolig,TB,Tatt i bruk,10101,10101,19500101,100.0,,,56492380.0,Malnes,7009.0,50.0,,,8357.0,VALBERG
914186,1860,VESTVÅGØY,189608543,0,181.0,Garasjeuthus anneks til bolig,TB,Tatt i bruk,10101,10101,10101,27.0,,,,,,,,,,
914187,1860,VESTVÅGØY,189608535,0,181.0,Garasjeuthus anneks til bolig,TB,Tatt i bruk,10101,10101,10101,64.0,,,,,,,,,,
914188,1860,VESTVÅGØY,189608527,0,111.0,Enebolig,TB,Tatt i bruk,10101,10101,10101,146.0,,,56492351.0,Valbergsveien,7007.0,2402.0,,,8357.0,VALBERG
914189,1860,VESTVÅGØY,189608799,1,241.0,Hus for dyr/landbr.lager/silo,TB,Tatt i bruk,20001002,20001015,20020122,88.0,,,,,,,,,,
914190,1860,VESTVÅGØY,189611374,0,111.0,Enebolig,TB,Tatt i bruk,10101,10101,10101,75.0,,,56496979.0,Grundstadveien,8201.0,355.0,,,8360.0,BØSTAD
914191,1860,VESTVÅGØY,189608799,0,241.0,Hus for dyr/landbr.lager/silo,TB,Tatt i bruk,10101,10101,10101,143.0,,,,,,,,,,
914192,1860,VESTVÅGØY,189611366,0,163.0,Våningh. benyttes som fritidsb,TB,Tatt i bruk,10101,10101,10101,28.0,,,56494277.0,Grundstadveien,8201.0,343.0,,,8360.0,BØSTAD
914193,1860,VESTVÅGØY,189608780,0,111.0,Enebolig,TB,Tatt i bruk,10101,10101,18800101,158.0,,,56492369.0,Valbergsveien,7007.0,2584.0,,,8357.0,VALBERG
914194,1860,VESTVÅGØY,189611358,0,111.0,Enebolig,TB,Tatt i bruk,19740410,19740510,19740628,174.0,,,56494275.0,Grundstadveien,8201.0,301.0,,,8360.0,BØSTAD
914195,1860,VESTVÅGØY,189608772,1,111.0,Enebolig,TB,Tatt i bruk,19970108,19970401,19971101,146.0,,,56492371.0,Valbergsveien,7007.0,2604.0,,,8357.0,VALBERG
914196,1860,VESTVÅGØY,189611331,0,163.0,Våningh. benyttes som fritidsb,TB,Tatt i bruk,10101,10101,10101,115.0,,,56494276.0,Grundstadveien,8201.0,307.0,,,8360.0,BØSTAD
914197,1860,VESTVÅGØY,189608772,0,111.0,Enebolig,TB,Tatt i bruk,10101,10101,10101,190.0,,,56492371.0,Valbergsveien,7007.0,2604.0,,,8357.0,VALBERG
914198,1860,VESTVÅGØY,189611323,0,181.0,Garasjeuthus anneks til bolig,TB,Tatt i bruk,10101,10101,10101,9.0,,,,,,,,,,
914199,1860,VESTVÅGØY,189608764,0,241.0,Hus for dyr/landbr.lager/silo,TB,Tatt i bruk,10101,10101,10101,111.0,,,,,,,,,,
914200,1860,VESTVÅGØY,189611315,0,181.0,Garasjeuthus anneks til bolig,TB,Tatt i bruk,10101,10101,10101,72.0,,,,,,,,,,
914201,1860,VESTVÅGØY,189608756,0,181.0,Garasjeuthus anneks til bolig,TB,Tatt i bruk,10101,10101,10101,15.0,,,,,,,,,,
914202,1860,VESTVÅGØY,189611307,0,181.0,Garasjeuthus anneks til bolig,TB,Tatt i bruk,10101,10101,10101,23.0,,,,,,,,,,
914203,1860,VESTVÅGØY,189608748,0,111.0,Enebolig,TB,Tatt i bruk,10101,10101,19540101,140.0,,,56492368.0,Valbergsveien,7007.0,2577.0,,,8357.0,VALBERG
914204,1860,VESTVÅGØY,189611293,0,111.0,Enebolig,TB,Tatt i bruk,10101,10101,10101,180.0,,,56494272.0,Grundstadveien,8201.0,224.0,,,8360.0,BØSTAD
914205,1860,VESTVÅGØY,189608721,0,162.0,Helårsb.benyttes som fritidsb.,TB,Tatt i bruk,10101,10101,19900101,130.0,,,56492363.0,Valbergsveien,7007.0,2534.0,,,8357.0,VALBERG
914206,1860,VESTVÅGØY,189611285,0,181.0,Garasjeuthus anneks til bolig,TB,Tatt i bruk,10101,10101,10101,35.0,,,,,,,,,,
914207,1860,VESTVÅGØY,189608713,0,181.0,Garasjeuthus anneks til bolig,TB,Tatt i bruk,10101,10101,10101,48.0,,,,,,,,,,
914208,1860,VESTVÅGØY,189611277,0,241.0,Hus for dyr/landbr.lager/silo,TB,Tatt i bruk,10101,10101,10101,384.0,,,,,,,,,,
914209,1860,VESTVÅGØY,189608705,0,241.0,Hus for dyr/landbr.lager/silo,TB,Tatt i bruk,10101,10101,10101,134.0,,,,,,,,,,
914210,1860,VESTVÅGØY,189611269,0,111.0,Enebolig,TB,Tatt i bruk,10101,10101,10101,144.0,,,56498357.0,Reinhaugveien,8202.0,100.0,,,8360.0,BØSTAD
914211,1860,VESTVÅGØY,189608691,0,181.0,Garasjeuthus anneks til bolig,TB,Tatt i bruk,10101,10101,10101,51.0,,,,,,,,,,
914212,1860,VESTVÅGØY,189611250,0,111.0,Enebolig,TB,Tatt i bruk,10101,10101,10101,188.0,,,56498358.0,Reinhaugveien,8202.0,102.0,,,8360.0,BØSTAD
914213,1860,VESTVÅGØY,189611242,0,111.0,Enebolig,TB,Tatt i bruk,10101,10101,19810101,195.0,,,56494345.0,Myranveien,8203.0,50.0,,,8360.0,BØSTAD
914214,1860,VESTVÅGØY,189608683,1,121.0,"Tomannsbolig, vertikaldelt",TB,Tatt i bruk,19810908,19811008,19821006,74.0,,,56492359.0,Valbergsveien,7007.0,2518.0,,,8357.0,VALBERG
914215,1860,VESTVÅGØY,189611234,0,111.0,Enebolig,TB,Tatt i bruk,10101,10101,19490101,129.0,,,56494349.0,Myranveien,8203.0,56.0,,,8360.0,BØSTAD
914216,1860,VESTVÅGØY,189608683,0,121.0,"Tomannsbolig, vertikaldelt",TB,Tatt i bruk,10101,10101,19500101,165.0,,,56492359.0,Valbergsveien,7007.0,2518.0,,,8357.0,VALBERG
914217,1860,VESTVÅGØY,189611226,0,241.0,Hus for dyr/landbr.lager/silo,TB,Tatt i bruk,10101,10101,19520101,60.0,,,,,,,,,,
914218,1860,VESTVÅGØY,189605234,0,111.0,Enebolig,TB,Tatt i bruk,10101,10101,10101,196.0,,,56493674.0,Haverringen,8110.0,441.0,,,8360.0,BØSTAD
914219,1860,VESTVÅGØY,189605226,0,111.0,Enebolig,TB,Tatt i bruk,10101,10101,10101,92.0,,,56493672.0,Haverringen,8110.0,439.0,,,8360.0,BØSTAD
914220,1860,VESTVÅGØY,189605218,0,181.0,Garasjeuthus anneks til bolig,TB,Tatt i bruk,10101,10101,10101,38.9,,,,,,,,,,
914221,1860,VESTVÅGØY,189605196,0,181.0,Garasjeuthus anneks til bolig,TB,Tatt i bruk,10101,10101,10101,22.0,,,,,,,,,,
914222,1860,VESTVÅGØY,189605188,0,162.0,Helårsb.benyttes som fritidsb.,TB,Tatt i bruk,10101,10101,10101,132.0,,,56493671.0,Haverringen,8110.0,435.0,,,8360.0,BØSTAD
914223,1860,VESTVÅGØY,189605161,0,111.0,Enebolig,TB,Tatt i bruk,19740619,19740719,19750213,147.0,,,56493669.0,Haverringen,8110.0,433.0,,,8360.0,BØSTAD
914224,1860,VESTVÅGØY,189605153,0,111.0,Enebolig,TB,Tatt i bruk,10101,10101,10101,129.0,,,56493668.0,Haverringen,8110.0,431.0,,,8360.0,BØSTAD
914225,1860,VESTVÅGØY,189605145,0,181.0,Garasjeuthus anneks til bolig,TB,Tatt i bruk,10101,10101,10101,134.0,,,,,,,,,,
914226,1860,VESTVÅGØY,189605137,0,182.0,Garasjeuth.anneks til fritidb,TB,Tatt i bruk,10101,10101,10101,65.0,,,,,,,,,,
914227,1860,VESTVÅGØY,189605129,0,161.0,Fritidsbygg(hyttersommerh. ol,TB,Tatt i bruk,10101,10101,10101,64.0,,,56493644.0,Sandveien,8108.0,392.0,,,8360.0,BØSTAD
914228,1860,VESTVÅGØY,189605110,0,161.0,Fritidsbygg(hyttersommerh. ol,TB,Tatt i bruk,10101,10101,10101,92.0,,,56493643.0,Sandveien,8108.0,460.0,,,8360.0,BØSTAD
914229,1860,VESTVÅGØY,189605102,0,183.0,Naust båthus sjøbu,TB,Tatt i bruk,10101,10101,10101,12.0,,,,,,,,,,
914230,1860,VESTVÅGØY,189605099,0,182.0,Garasjeuth.anneks til fritidb,TB,Tatt i bruk,10101,10101,10101,108.0,,,,,,,,,,
914231,1860,VESTVÅGØY,189605080,0,182.0,Garasjeuth.anneks til fritidb,TB,Tatt i bruk,10101,10101,10101,59.0,,,,,,,,,,
914232,1860,VESTVÅGØY,189605072,0,161.0,Fritidsbygg(hyttersommerh. ol,TB,Tatt i bruk,10101,10101,19200101,82.0,,,56493627.0,Sandveien,8108.0,390.0,,,8360.0,BØSTAD
914233,1860,VESTVÅGØY,189605331,0,181.0,Garasjeuthus anneks til bolig,TB,Tatt i bruk,10101,10101,10101,46.0,,,,,,,,,,
914234,1860,VESTVÅGØY,189605323,0,181.0,Garasjeuthus anneks til bolig,TB,Tatt i bruk,10101,10101,10101,30.0,,,,,,,,,,
914235,1860,VESTVÅGØY,189605315,0,249.0,Annen landbruksbygning,TB,Tatt i bruk,10101,10101,10101,91.0,,,,,,,,,,
914236,1860,VESTVÅGØY,189605307,1,111.0,Enebolig,TB,Tatt i bruk,19981006,19981101,19991201,81.0,,,,,,,,,,
914237,1860,VESTVÅGØY,189605307,0,111.0,Enebolig,TB,Tatt i bruk,10101,10101,10101,245.0,,,56493702.0,Haverringen,8110.0,445.0,,,8360.0,BØSTAD
914238,1860,VESTVÅGØY,189605293,0,111.0,Enebolig,TB,Tatt i bruk,10101,10101,10101,114.0,,,56497603.0,Haverringen,8110.0,443.0,,,8360.0,BØSTAD
914239,1860,VESTVÅGØY,189605285,0,181.0,Garasjeuthus anneks til bolig,BR,Bygning revet/brent,10101,10101,10101,0.0,,,,,,,,,,
914240,1860,VESTVÅGØY,189605277,0,181.0,Garasjeuthus anneks til bolig,TB,Tatt i bruk,10101,10101,10101,75.0,,,,,,,,,,
914241,1860,VESTVÅGØY,189605269,0,111.0,Enebolig,TB,Tatt i bruk,10101,10101,10101,60.0,,,56493675.0,Haverringen,8110.0,444.0,,,8360.0,BØSTAD
914242,1860,VESTVÅGØY,189605250,1,162.0,Helårsb.benyttes som fritidsb.,TB,Tatt i bruk,20050606,20050615,20051201,5.0,,,,,,,,,,
914243,1860,VESTVÅGØY,189605250,0,162.0,Helårsb.benyttes som fritidsb.,TB,Tatt i bruk,10101,10101,10101,121.0,,,56493673.0,Haverringen,8110.0,440.0,,,8360.0,BØSTAD
914244,1860,VESTVÅGØY,189605242,0,181.0,Garasjeuthus anneks til bolig,TB,Tatt i bruk,10101,10101,10101,70.0,,,,,,,,,,
914245,1860,VESTVÅGØY,189605234,1,111.0,Enebolig,TB,Tatt i bruk,19980730,19980830,19990819,15.0,,,,,,,,,,
914246,1860,VESTVÅGØY,189605064,0,161.0,Fritidsbygg(hyttersommerh. ol,TB,Tatt i bruk,19860430,19860530,19920408,36.0,,,56496976.0,Sandveien,8108.0,200.0,,,8360.0,BØSTAD
914247,1860,VESTVÅGØY,189605056,0,181.0,Garasjeuthus anneks til bolig,TB,Tatt i bruk,10101,10101,10101,35.0,,,56496389.0,Sandveien,8108.0,186.0,,,8360.0,BØSTAD
914248,1860,VESTVÅGØY,189605048,0,161.0,Fritidsbygg(hyttersommerh. ol,TB,Tatt i bruk,10101,10101,10101,93.0,,,56497204.0,Sandveien,8108.0,184.0,,,8360.0,BØSTAD
914249,1860,VESTVÅGØY,189605021,0,183.0,Naust båthus sjøbu,TB,Tatt i bruk,10101,10101,10101,28.0,,,,,,,,,,
914250,1860,VESTVÅGØY,189605013,0,111.0,Enebolig,TB,Tatt i bruk,10101,10101,19280101,100.0,,,56493626.0,Sandveien,8108.0,182.0,,,8360.0,BØSTAD
914251,1860,VESTVÅGØY,189605005,0,181.0,Garasjeuthus anneks til bolig,TB,Tatt i bruk,10101,10101,10101,34.0,,,,,,,,,,
914252,1860,VESTVÅGØY,189604998,0,181.0,Garasjeuthus anneks til bolig,TB,Tatt i bruk,10101,10101,10101,56.0,,,,,,,,,,
914253,1860,VESTVÅGØY,189604971,0,181.0,Garasjeuthus anneks til bolig,TB,Tatt i bruk,10101,10101,10101,124.0,,,,,,,,,,
914254,1860,VESTVÅGØY,189604963,0,181.0,Garasjeuthus anneks til bolig,TB,Tatt i bruk,10101,10101,10101,29.0,,,,,,,,,,
914255,1860,VESTVÅGØY,189604955,0,111.0,Enebolig,TB,Tatt i bruk,10101,10101,18900101,158.0,,,56493625.0,Sandveien,8108.0,167.0,,,8360.0,BØSTAD
914256,1860,VESTVÅGØY,189604947,0,161.0,Fritidsbygg(hyttersommerh. ol,TB,Tatt i bruk,10101,10101,10101,83.0,,,56493624.0,Sandveien,8108.0,166.0,,,8360.0,BØSTAD
914257,1860,VESTVÅGØY,189604939,0,181.0,Garasjeuthus anneks til bolig,TB,Tatt i bruk,10101,10101,10101,22.0,,,,,,,,,,
914258,1860,VESTVÅGØY,189604920,0,181.0,Garasjeuthus anneks til bolig,TB,Tatt i bruk,10101,10101,10101,75.0,,,,,,,,,,
914259,1860,VESTVÅGØY,189604912,0,181.0,Garasjeuthus anneks til bolig,TB,Tatt i bruk,10101,10101,10101,32.0,,,,,,,,,,
914260,1860,VESTVÅGØY,189604904,0,111.0,Enebolig,TB,Tatt i bruk,10101,10101,10101,124.0,,,56493623.0,Sandveien,8108.0,154.0,,,8360.0,BØSTAD
914261,1860,VESTVÅGØY,189605838,0,161.0,Fritidsbygg(hyttersommerh. ol,TB,Tatt i bruk,10101,10101,10101,33.0,,,56493658.0,Haverringen,8110.0,84.0,,,8360.0,BØSTAD
914262,1860,VESTVÅGØY,189605811,0,182.0,Garasjeuth.anneks til fritidb,TB,Tatt i bruk,10101,10101,10101,30.0,,,,,,,,,,
914263,1860,VESTVÅGØY,189605803,0,181.0,Garasjeuthus anneks til bolig,TB,Tatt i bruk,10101,10101,10101,13.0,,,,,,,,,,
914264,1860,VESTVÅGØY,189605781,1,163.0,Våningh. benyttes som fritidsb,FA,Ferdigattest,20060606,20060706,10101,30.0,,,,,,,,,,
914265,1860,VESTVÅGØY,189605781,0,163.0,Våningh. benyttes som fritidsb,TB,Tatt i bruk,10101,10101,10101,21.0,,,56493660.0,Haverringen,8110.0,103.0,,,8360.0,BØSTAD
914266,1860,VESTVÅGØY,189605773,0,111.0,Enebolig,TB,Tatt i bruk,10101,10101,10101,139.0,,,56493708.0,Haverringen,8110.0,97.0,,,8360.0,BØSTAD
914267,1860,VESTVÅGØY,189605765,0,539.0,Annen restaurantbygning,TB,Tatt i bruk,10101,10101,10101,167.0,,,,,,,,,,
914268,1860,VESTVÅGØY,189605757,0,181.0,Garasjeuthus anneks til bolig,TB,Tatt i bruk,10101,10101,10101,61.0,,,,,,,,,,
914269,1860,VESTVÅGØY,189605749,0,181.0,Garasjeuthus anneks til bolig,TB,Tatt i bruk,10101,10101,10101,12.0,,,,,,,,,,
914270,1860,VESTVÅGØY,189605730,0,111.0,Enebolig,TB,Tatt i bruk,10101,10101,10101,40.0,,,6376257331.0,Haverringen,8110.0,93.0,,,8360.0,BØSTAD
914271,1860,VESTVÅGØY,189605722,0,163.0,Våningh. benyttes som fritidsb,TB,Tatt i bruk,10101,10101,10101,150.0,,,56497602.0,Haverringen,8110.0,91.0,,,8360.0,BØSTAD
914272,1860,VESTVÅGØY,189605714,0,163.0,Våningh. benyttes som fritidsb,TB,Tatt i bruk,10101,10101,10101,158.0,,,56493656.0,Haverringen,8110.0,75.0,,,8360.0,BØSTAD
914273,1860,VESTVÅGØY,189605706,0,181.0,Garasjeuthus anneks til bolig,TB,Tatt i bruk,10101,10101,10101,20.0,,,,,,,,,,
914274,1860,VESTVÅGØY,189605692,0,181.0,Garasjeuthus anneks til bolig,TB,Tatt i bruk,10101,10101,10101,27.0,,,,,,,,,,
914275,1860,VESTVÅGØY,189605684,0,181.0,Garasjeuthus anneks til bolig,TB,Tatt i bruk,10101,10101,10101,24.0,,,,,,,,,,
914276,1860,VESTVÅGØY,189605943,0,161.0,Fritidsbygg(hyttersommerh. ol,TB,Tatt i bruk,10101,10101,18900101,44.0,,,56493564.0,Ramberg,8104.0,173.0,,,8360.0,BØSTAD
914277,1860,VESTVÅGØY,189605935,0,662.0,Samfunnshus grendehus,TB,Tatt i bruk,10101,10101,10101,539.0,,,,,,,,,,
914278,1860,VESTVÅGØY,189605927,0,181.0,Garasjeuthus anneks til bolig,TB,Tatt i bruk,10101,10101,10101,41.0,,,,,,,,,,
914279,1860,VESTVÅGØY,189605919,0,111.0,Enebolig,TB,Tatt i bruk,10101,10101,10101,117.0,,,56493605.0,Valåsen,8107.0,37.0,,,8360.0,BØSTAD
914280,1860,VESTVÅGØY,189605900,0,111.0,Enebolig,TB,Tatt i bruk,10101,10101,10101,138.0,,,56493604.0,Valåsen,8107.0,32.0,,,8360.0,BØSTAD
914281,1860,VESTVÅGØY,189605897,0,181.0,Garasjeuthus anneks til bolig,TB,Tatt i bruk,10101,10101,10101,26.0,,,,,,,,,,
914282,1860,VESTVÅGØY,189605889,0,181.0,Garasjeuthus anneks til bolig,TB,Tatt i bruk,10101,10101,10101,22.0,,,,,,,,,,
914283,1860,VESTVÅGØY,189605870,0,161.0,Fritidsbygg(hyttersommerh. ol,TB,Tatt i bruk,10101,10101,10101,69.0,,,534083044.0,Valåsen,8107.0,29.0,,,8360.0,BØSTAD
914284,1860,VESTVÅGØY,189605862,0,161.0,Fritidsbygg(hyttersommerh. ol,TB,Tatt i bruk,10101,10101,10101,56.0,,,56493602.0,Valåsen,8107.0,19.0,,,8360.0,BØSTAD
914285,1860,VESTVÅGØY,189605854,0,181.0,Garasjeuthus anneks til bolig,BR,Bygning revet/brent,10101,10101,10101,0.0,,,,,,,,,,
914286,1860,VESTVÅGØY,189605846,0,182.0,Garasjeuth.anneks til fritidb,TB,Tatt i bruk,10101,10101,10101,37.0,,,,,,,,,,
914287,1860,VESTVÅGØY,189605528,0,111.0,Enebolig,BR,Bygning revet/brent,10101,10101,10101,95.0,,,56493577.0,Ellstadveien,8105.0,166.0,,,8360.0,BØSTAD
914288,1860,VESTVÅGØY,189605501,0,161.0,Fritidsbygg(hyttersommerh. ol,TB,Tatt i bruk,10101,10101,19800101,23.0,,,56493576.0,Ellstadveien,8105.0,140.0,,,8360.0,BØSTAD
914289,1860,VESTVÅGØY,189605498,0,161.0,Fritidsbygg(hyttersommerh. ol,BR,Bygning revet/brent,10101,10101,10101,0.0,,,56493576.0,Ellstadveien,8105.0,140.0,,,8360.0,BØSTAD
914290,1860,VESTVÅGØY,189605471,0,161.0,Fritidsbygg(hyttersommerh. ol,TB,Tatt i bruk,10101,10101,10101,34.0,,,,,,,,,,
914291,1860,VESTVÅGØY,189605463,0,111.0,Enebolig,BR,Bygning revet/brent,10101,10101,10101,0.0,,,56493679.0,Haverringen,8110.0,484.0,,,8360.0,BØSTAD
914292,1860,VESTVÅGØY,189605455,0,111.0,Enebolig,TB,Tatt i bruk,10101,10101,10101,109.0,,,56493698.0,Haverringen,8110.0,482.0,,,8360.0,BØSTAD
914293,1860,VESTVÅGØY,189605447,0,161.0,Fritidsbygg(hyttersommerh. ol,TB,Tatt i bruk,10101,10101,10101,64.0,,,56493678.0,Haverringen,8110.0,478.0,,,8360.0,BØSTAD
914294,1860,VESTVÅGØY,189605439,0,181.0,Garasjeuthus anneks til bolig,BR,Bygning revet/brent,10101,10101,10101,0.0,,,,,,,,,,
914295,1860,VESTVÅGØY,189605420,0,181.0,Garasjeuthus anneks til bolig,TB,Tatt i bruk,10101,10101,10101,44.0,,,,,,,,,,
914296,1860,VESTVÅGØY,189605412,0,111.0,Enebolig,TB,Tatt i bruk,10101,10101,10101,44.0,,,56496977.0,Haverringen,8110.0,470.0,,,8360.0,BØSTAD
914297,1860,VESTVÅGØY,189605404,0,111.0,Enebolig,BR,Bygning revet/brent,10101,10101,10101,0.0,,,56498290.0,Haverringen,8110.0,464.0,,,8360.0,BØSTAD
914298,1860,VESTVÅGØY,189605390,0,161.0,Fritidsbygg(hyttersommerh. ol,TB,Tatt i bruk,10101,10101,10101,81.0,,,,,,,,,,
914299,1860,VESTVÅGØY,189605382,0,181.0,Garasjeuthus anneks til bolig,TB,Tatt i bruk,10101,10101,10101,34.0,,,,,,,,,,
914300,1860,VESTVÅGØY,189605374,0,161.0,Fritidsbygg(hyttersommerh. ol,TB,Tatt i bruk,10101,10101,10101,73.0,,,56493677.0,Haverringen,8110.0,461.0,,,8360.0,BØSTAD
914301,1860,VESTVÅGØY,189605366,0,111.0,Enebolig,TB,Tatt i bruk,10101,10101,19360101,71.0,,,56493676.0,Haverringen,8110.0,456.0,,,8360.0,BØSTAD
914302,1860,VESTVÅGØY,189605358,0,241.0,Hus for dyr/landbr.lager/silo,TB,Tatt i bruk,10101,10101,10101,250.0,,,,,,,,,,
914303,1860,VESTVÅGØY,189605676,0,181.0,Garasjeuthus anneks til bolig,TB,Tatt i bruk,10101,10101,10101,68.0,,,,,,,,,,
914304,1860,VESTVÅGØY,189605668,0,111.0,Enebolig,TB,Tatt i bruk,10101,10101,10101,77.0,,,56493651.0,Valåsen,8107.0,7.0,,,8360.0,BØSTAD
914305,1860,VESTVÅGØY,189605641,0,111.0,Enebolig,TB,Tatt i bruk,10101,10101,10101,125.0,,,56493601.0,Valåsen,8107.0,8.0,,,8360.0,BØSTAD
914306,1860,VESTVÅGØY,189605633,0,181.0,Garasjeuthus anneks til bolig,TB,Tatt i bruk,10101,10101,10101,37.0,,,,,,,,,,
914307,1860,VESTVÅGØY,189605625,0,531.0,Restaurantbygning kafebygning,TB,Tatt i bruk,10101,10101,10101,728.8,,,56493709.0,Haverringen,8110.0,59.0,,,8360.0,BØSTAD
914308,1860,VESTVÅGØY,189605617,0,181.0,Garasjeuthus anneks til bolig,TB,Tatt i bruk,10101,10101,10101,29.0,,,,,,,,,,
914309,1860,VESTVÅGØY,189605609,0,181.0,Garasjeuthus anneks til bolig,TB,Tatt i bruk,10101,10101,10101,43.0,,,,,,,,,,
914310,1860,VESTVÅGØY,189605595,0,123.0,"Våningshus, tomannsb./vertikal.",TB,Tatt i bruk,10101,10101,10101,240.0,,,56493635.0,Haverringen,8110.0,1.0,,,8360.0,BØSTAD
914311,1860,VESTVÅGØY,189605587,0,111.0,Enebolig,TB,Tatt i bruk,10101,10101,19450101,111.0,,,56493575.0,Ellstadveien,8105.0,82.0,,,8360.0,BØSTAD
914312,1860,VESTVÅGØY,189605579,0,181.0,Garasjeuthus anneks til bolig,TB,Tatt i bruk,10101,10101,10101,62.0,,,,,,,,,,
914313,1860,VESTVÅGØY,189605560,0,181.0,Garasjeuthus anneks til bolig,TB,Tatt i bruk,10101,10101,10101,18.0,,,,,,,,,,
914314,1860,VESTVÅGØY,189605552,0,111.0,Enebolig,TB,Tatt i bruk,10101,10101,19400101,76.0,,,56493574.0,Ellstadveien,8105.0,68.0,,,8360.0,BØSTAD
914315,1860,VESTVÅGØY,189605544,1,111.0,Enebolig,TB,Tatt i bruk,19960421,19960601,19961030,29.0,,,56493573.0,Ellstadveien,8105.0,60.0,,,8360.0,BØSTAD
914316,1860,VESTVÅGØY,189605544,0,111.0,Enebolig,TB,Tatt i bruk,10101,10101,19450101,67.0,,,56493573.0,Ellstadveien,8105.0,60.0,,,8360.0,BØSTAD
914317,1860,VESTVÅGØY,189605536,0,181.0,Garasjeuthus anneks til bolig,BR,Bygning revet/brent,10101,10101,10101,0.0,,,,,,,,,,
914318,1860,VESTVÅGØY,189613601,0,111.0,Enebolig,TB,Tatt i bruk,10101,10101,19800507,189.0,,,56485544.0,Tufteveien,3003.0,20.0,,,8370.0,LEKNES
914319,1860,VESTVÅGØY,189610734,0,241.0,Hus for dyr/landbr.lager/silo,TB,Tatt i bruk,10101,10101,10101,108.0,,,,,,,,,,
914320,1860,VESTVÅGØY,189613598,0,111.0,Enebolig,TB,Tatt i bruk,10101,10101,19750114,218.0,,,56486424.0,Stuemyra,3034.0,4.0,,,8370.0,LEKNES
914321,1860,VESTVÅGØY,189610726,0,161.0,Fritidsbygg(hyttersommerh. ol,TB,Tatt i bruk,10101,10101,10101,63.0,,,56494394.0,Hellarhaugen,8204.0,15.0,,,8360.0,BØSTAD
914322,1860,VESTVÅGØY,189613571,0,111.0,Enebolig,TB,Tatt i bruk,10101,10101,19560101,147.0,,,56487920.0,Stuemyra,3034.0,15.0,,,8370.0,LEKNES
914323,1860,VESTVÅGØY,189610718,0,161.0,Fritidsbygg(hyttersommerh. ol,TB,Tatt i bruk,10101,10101,10101,147.0,,,56494334.0,Grundstadveien,8201.0,693.0,,,8360.0,BØSTAD
914324,1860,VESTVÅGØY,189610696,0,182.0,Garasjeuth.anneks til fritidb,TB,Tatt i bruk,10101,10101,10101,64.0,,,,,,,,,,
914325,1860,VESTVÅGØY,189613563,1,111.0,Enebolig,BA,Bygging avlyst,20010920,10101,10101,12.0,,,,,,,,,,
914326,1860,VESTVÅGØY,189610688,0,181.0,Garasjeuthus anneks til bolig,BR,Bygning revet/brent,10101,10101,10101,0.0,,,,,,,,,,
914327,1860,VESTVÅGØY,189613563,0,111.0,Enebolig,TB,Tatt i bruk,10101,10101,19760101,185.5,,,56486425.0,Stuemyra,3034.0,6.0,,,8370.0,LEKNES
914328,1860,VESTVÅGØY,189610661,0,111.0,Enebolig,TB,Tatt i bruk,10101,10101,10101,128.0,,,56494351.0,Hellarhaugen,8204.0,16.0,,,8360.0,BØSTAD
914329,1860,VESTVÅGØY,189613555,0,111.0,Enebolig,TB,Tatt i bruk,10101,10101,19830328,212.0,,,56487921.0,Stuemyra,3034.0,18.0,,,8370.0,LEKNES
914330,1860,VESTVÅGØY,189610653,0,111.0,Enebolig,BR,Bygning revet/brent,10101,10101,10101,136.0,,,,,,,,,,
914331,1860,VESTVÅGØY,189613547,0,111.0,Enebolig,TB,Tatt i bruk,10101,10101,19741120,208.0,,,56484070.0,Fjordveien,1014.0,5.0,,,8372.0,GRAVDAL
914332,1860,VESTVÅGØY,189610645,0,181.0,Garasjeuthus anneks til bolig,TB,Tatt i bruk,10101,10101,20010101,31.0,,,,,,,,,,
914333,1860,VESTVÅGØY,189610637,0,181.0,Garasjeuthus anneks til bolig,BR,Bygning revet/brent,10101,10101,10101,0.0,,,,,,,,,,
914334,1860,VESTVÅGØY,189613539,1,111.0,Enebolig,TB,Tatt i bruk,19750902,19751002,19780708,50.0,,,,,,,,,,
914335,1860,VESTVÅGØY,189610629,0,111.0,Enebolig,TB,Tatt i bruk,10101,10101,10101,134.0,,,56494352.0,Hellarhaugen,8204.0,40.0,,,8360.0,BØSTAD
914336,1860,VESTVÅGØY,189613539,0,111.0,Enebolig,TB,Tatt i bruk,10101,10101,19900101,146.0,,,56492374.0,Valbergsveien,7007.0,2903.0,,,8357.0,VALBERG
914337,1860,VESTVÅGØY,189610610,0,111.0,Enebolig,BR,Bygning revet/brent,10101,10101,10101,0.0,,,,,,,,,,
914338,1860,VESTVÅGØY,189613520,0,181.0,Garasjeuthus anneks til bolig,TB,Tatt i bruk,10101,10101,19830101,47.0,,,,,,,,,,
914339,1860,VESTVÅGØY,189610602,0,111.0,Enebolig,TB,Tatt i bruk,10101,10101,10101,55.0,,,56493735.0,Haverringen,8110.0,1216.0,,,8360.0,BØSTAD
914340,1860,VESTVÅGØY,189613512,0,181.0,Garasjeuthus anneks til bolig,TB,Tatt i bruk,10101,10101,10101,31.0,,,,,,,,,,
914341,1860,VESTVÅGØY,189610599,0,183.0,Naust båthus sjøbu,BR,Bygning revet/brent,10101,10101,10101,0.0,,,,,,,,,,
914342,1860,VESTVÅGØY,189613504,0,181.0,Garasjeuthus anneks til bolig,BR,Bygning revet/brent,10101,10101,10101,102.0,,,,,,,,,,
914343,1860,VESTVÅGØY,189610580,0,183.0,Naust båthus sjøbu,TB,Tatt i bruk,10101,10101,10101,22.0,,,,,,,,,,
914344,1860,VESTVÅGØY,189610572,0,183.0,Naust båthus sjøbu,BR,Bygning revet/brent,10101,10101,10101,51.0,,,,,,,,,,
914345,1860,VESTVÅGØY,189613490,0,181.0,Garasjeuthus anneks til bolig,TB,Tatt i bruk,19711021,19711121,19720101,15.0,,,,,,,,,,
914346,1860,VESTVÅGØY,189610564,0,161.0,Fritidsbygg(hyttersommerh. ol,BU,Bygningsnummer utgått,10101,10101,10101,0.0,,,56494308.0,Grundstadveien,8201.0,640.0,,,8360.0,BØSTAD
914347,1860,VESTVÅGØY,189613482,0,111.0,Enebolig,TB,Tatt i bruk,10101,10101,10101,180.0,,,56492376.0,Valbergsveien,7007.0,2985.0,,,8357.0,VALBERG
914348,1860,VESTVÅGØY,189613741,0,181.0,Garasjeuthus anneks til bolig,BU,Bygningsnummer utgått,10101,10101,10101,0.0,,,,,,,,,,
914349,1860,VESTVÅGØY,189610882,0,111.0,Enebolig,TB,Tatt i bruk,10101,10101,19380101,118.0,,,56494336.0,Grundstadveien,8201.0,847.0,,,8360.0,BØSTAD
914350,1860,VESTVÅGØY,189613733,0,111.0,Enebolig,TB,Tatt i bruk,10101,10101,10101,109.0,,,56490006.0,Hovdveien,5008.0,45.0,,,8360.0,BØSTAD
914351,1860,VESTVÅGØY,189610874,0,181.0,Garasjeuthus anneks til bolig,TB,Tatt i bruk,10101,10101,19500101,81.0,,,,,,,,,,
914352,1860,VESTVÅGØY,189613725,0,181.0,Garasjeuthus anneks til bolig,TB,Tatt i bruk,10101,10101,10101,51.0,,,,,,,,,,
914353,1860,VESTVÅGØY,189610866,0,183.0,Naust båthus sjøbu,TB,Tatt i bruk,10101,10101,10101,35.0,,,,,,,,,,
914354,1860,VESTVÅGØY,189613717,0,111.0,Enebolig,TB,Tatt i bruk,10101,10101,10101,130.0,,,56492450.0,Mærvollveien,8009.0,155.0,,,8360.0,BØSTAD
914355,1860,VESTVÅGØY,189610858,0,183.0,Naust båthus sjøbu,TB,Tatt i bruk,10101,10101,19000101,16.0,,,,,,,,,,
914356,1860,VESTVÅGØY,189613709,0,111.0,Enebolig,TB,Tatt i bruk,10101,10101,10101,52.0,,,56489389.0,Leknesveien,3056.0,385.0,,,8370.0,LEKNES
914357,1860,VESTVÅGØY,189610831,0,212.0,Verkstedbygning,TB,Tatt i bruk,10101,10101,10101,48.0,,,,,,,,,,
914358,1860,VESTVÅGØY,189613695,0,249.0,Annen landbruksbygning,TB,Tatt i bruk,10101,10101,10101,26.0,,,,,,,,,,
914359,1860,VESTVÅGØY,189610823,0,181.0,Garasjeuthus anneks til bolig,TB,Tatt i bruk,10101,10101,10101,23.0,,,,,,,,,,
914360,1860,VESTVÅGØY,189613687,0,181.0,Garasjeuthus anneks til bolig,TB,Tatt i bruk,10101,10101,10101,34.0,,,,,,,,,,
914361,1860,VESTVÅGØY,189610815,0,111.0,Enebolig,TB,Tatt i bruk,10101,10101,10101,103.0,,,56494405.0,Grundstadveien,8201.0,826.0,,,8360.0,BØSTAD
914362,1860,VESTVÅGØY,189610807,0,111.0,Enebolig,TB,Tatt i bruk,10101,10101,19590101,150.0,,,56494335.0,Grundstadveien,8201.0,824.0,,,8360.0,BØSTAD
914363,1860,VESTVÅGØY,189613679,1,111.0,Enebolig,TB,Tatt i bruk,20040615,20040701,20050504,92.0,,,56488590.0,Myrstien,3037.0,10.0,,,8370.0,LEKNES
914364,1860,VESTVÅGØY,189613679,0,111.0,Enebolig,TB,Tatt i bruk,10101,10101,19650101,125.0,,,56488590.0,Myrstien,3037.0,10.0,,,8370.0,LEKNES
914365,1860,VESTVÅGØY,189610793,1,111.0,Enebolig,TB,Tatt i bruk,19960716,19960816,19980723,80.0,,,56494407.0,Grundstadveien,8201.0,725.0,,,8360.0,BØSTAD
914366,1860,VESTVÅGØY,189610793,0,111.0,Enebolig,TB,Tatt i bruk,10101,10101,10101,75.0,,,56494407.0,Grundstadveien,8201.0,725.0,,,8360.0,BØSTAD
914367,1860,VESTVÅGØY,189613660,1,112.0,Enebolig m/hybel/sokkelleil.,TB,Tatt i bruk,20031202,20040201,20050121,69.0,,,56486124.0,Villaveien,3030.0,6.0,,,8370.0,LEKNES
914368,1860,VESTVÅGØY,189610785,0,181.0,Garasjeuthus anneks til bolig,TB,Tatt i bruk,10101,10101,10101,12.0,,,,,,,,,,
914369,1860,VESTVÅGØY,189613660,0,112.0,Enebolig m/hybel/sokkelleil.,TB,Tatt i bruk,10101,10101,19770609,164.0,,,56486124.0,Villaveien,3030.0,6.0,,,8370.0,LEKNES
914370,1860,VESTVÅGØY,189610777,0,181.0,Garasjeuthus anneks til bolig,TB,Tatt i bruk,10101,10101,10101,42.0,,,,,,,,,,
914371,1860,VESTVÅGØY,189613644,0,181.0,Garasjeuthus anneks til bolig,TB,Tatt i bruk,10101,10101,10101,10.0,,,,,,,,,,
914372,1860,VESTVÅGØY,189610769,0,181.0,Garasjeuthus anneks til bolig,BR,Bygning revet/brent,10101,10101,10101,0.0,,,,,,,,,,
914373,1860,VESTVÅGØY,189613636,0,111.0,Enebolig,TB,Tatt i bruk,10101,10101,19600101,164.0,,,56486423.0,Stuemyra,3034.0,3.0,,,8370.0,LEKNES
914374,1860,VESTVÅGØY,189610750,0,111.0,Enebolig,TB,Tatt i bruk,10101,10101,10101,111.0,,,56494408.0,Grundstadveien,8201.0,689.0,,,8360.0,BØSTAD
914375,1860,VESTVÅGØY,189613628,0,111.0,Enebolig,TB,Tatt i bruk,10101,10101,19781019,206.0,,,56486422.0,Stuemyra,3034.0,2.0,,,8370.0,LEKNES
914376,1860,VESTVÅGØY,189610742,0,111.0,Enebolig,TB,Tatt i bruk,10101,10101,10101,128.0,,,56494333.0,Grundstadveien,8201.0,681.0,,,8360.0,BØSTAD
914377,1860,VESTVÅGØY,189610424,0,111.0,Enebolig,TB,Tatt i bruk,10101,10101,10101,112.0,,,56494303.0,Grundstadveien,8201.0,619.0,,,8360.0,BØSTAD
914378,1860,VESTVÅGØY,189613350,0,163.0,Våningh. benyttes som fritidsb,TB,Tatt i bruk,10101,10101,19180101,123.0,,,56493740.0,Haverringen,8110.0,1296.0,,,8360.0,BØSTAD
914379,1860,VESTVÅGØY,189610416,0,181.0,Garasjeuthus anneks til bolig,TB,Tatt i bruk,10101,10101,10101,71.0,,,,,,,,,,
914380,1860,VESTVÅGØY,189613342,0,181.0,Garasjeuthus anneks til bolig,TB,Tatt i bruk,10101,10101,19180101,79.0,,,,,,,,,,
914381,1860,VESTVÅGØY,189610408,0,181.0,Garasjeuthus anneks til bolig,BR,Bygning revet/brent,10101,10101,10101,106.0,,,,,,,,,,
914382,1860,VESTVÅGØY,189613334,0,181.0,Garasjeuthus anneks til bolig,TB,Tatt i bruk,10101,10101,10101,8.0,,,,,,,,,,
914383,1860,VESTVÅGØY,189610394,0,181.0,Garasjeuthus anneks til bolig,TB,Tatt i bruk,10101,10101,10101,127.0,,,,,,,,,,
914384,1860,VESTVÅGØY,189610378,0,111.0,Enebolig,TB,Tatt i bruk,10101,10101,10101,110.0,,,56494298.0,Grundstadveien,8201.0,582.0,,,8360.0,BØSTAD
914385,1860,VESTVÅGØY,189610351,0,181.0,Garasjeuthus anneks til bolig,BR,Bygning revet/brent,10101,10101,10101,0.0,,,,,,,,,,
914386,1860,VESTVÅGØY,189610343,0,183.0,Naust båthus sjøbu,TB,Tatt i bruk,10101,10101,10101,0.0,,,,,,,,,,
914387,1860,VESTVÅGØY,189610335,0,161.0,Fritidsbygg(hyttersommerh. ol,TB,Tatt i bruk,10101,10101,10101,53.0,,,56495007.0,,,,,0.0,8360.0,BØSTAD
914388,1860,VESTVÅGØY,189610327,0,161.0,Fritidsbygg(hyttersommerh. ol,TB,Tatt i bruk,10101,10101,10101,109.0,,,56494297.0,Grundstadveien,8201.0,580.0,,,8360.0,BØSTAD
914389,1860,VESTVÅGØY,189610319,1,111.0,Enebolig,TB,Tatt i bruk,10101,10101,19890502,14.0,,,,,,,,,,
914390,1860,VESTVÅGØY,189610319,0,111.0,Enebolig,TB,Tatt i bruk,19790301,19790401,19801222,154.0,,,56494295.0,Grundstadveien,8201.0,562.0,,,8360.0,BØSTAD
914391,1860,VESTVÅGØY,189610300,0,322.0,Butikk/forretningsbygning,TB,Tatt i bruk,19750916,19751016,19760803,228.0,,,56494319.0,Grundstadveien,8201.0,564.0,,,8360.0,BØSTAD
914392,1860,VESTVÅGØY,189610297,0,181.0,Garasjeuthus anneks til bolig,TB,Tatt i bruk,10101,10101,10101,22.0,,,,,,,,,,
914393,1860,VESTVÅGØY,189610556,0,181.0,Garasjeuthus anneks til bolig,BR,Bygning revet/brent,10101,10101,10101,0.0,,,,,,,,,,
914394,1860,VESTVÅGØY,189613474,0,111.0,Enebolig,TB,Tatt i bruk,10101,10101,10101,104.0,,,56492373.0,Valbergsveien,7007.0,2835.0,,,8357.0,VALBERG
914395,1860,VESTVÅGØY,189610548,0,181.0,Garasjeuthus anneks til bolig,TB,Tatt i bruk,10101,10101,10101,23.0,,,,,,,,,,
914396,1860,VESTVÅGØY,189610521,0,181.0,Garasjeuthus anneks til bolig,TB,Tatt i bruk,10101,10101,10101,80.0,,,,,,,,,,
914397,1860,VESTVÅGØY,189613466,0,181.0,Garasjeuthus anneks til bolig,TB,Tatt i bruk,19830328,19830428,19880114,18.0,,,,,,,,,,
914398,1860,VESTVÅGØY,189610513,0,181.0,Garasjeuthus anneks til bolig,TB,Tatt i bruk,10101,10101,10101,21.0,,,,,,,,,,
914399,1860,VESTVÅGØY,189613458,0,181.0,Garasjeuthus anneks til bolig,TB,Tatt i bruk,10101,10101,10101,32.0,,,,,,,,,,
914400,1860,VESTVÅGØY,189610505,0,111.0,Enebolig,TB,Tatt i bruk,10101,10101,10101,109.0,,,56494332.0,Grundstadveien,8201.0,663.0,,,8360.0,BØSTAD
914401,1860,VESTVÅGØY,189613431,0,182.0,Garasjeuth.anneks til fritidb,TB,Tatt i bruk,10101,10101,10101,10.0,,,,,,,,,,
914402,1860,VESTVÅGØY,189613423,0,181.0,Garasjeuthus anneks til bolig,TB,Tatt i bruk,10101,10101,10101,88.0,,,,,,,,,,
914403,1860,VESTVÅGØY,189610491,1,111.0,Enebolig,TB,Tatt i bruk,19780427,19780527,19790215,40.0,,,,,,,,,,
914404,1860,VESTVÅGØY,189613415,0,111.0,Enebolig,TB,Tatt i bruk,10101,10101,10101,168.0,,,56493737.0,Haverringen,8110.0,1267.0,,,8360.0,BØSTAD
914405,1860,VESTVÅGØY,189610491,0,111.0,Enebolig,TB,Tatt i bruk,10101,10101,19900101,108.0,,,56494331.0,Grundstadveien,8201.0,657.0,,,8360.0,BØSTAD
914406,1860,VESTVÅGØY,189613407,1,111.0,Enebolig,TB,Tatt i bruk,19831102,19831202,19840815,23.0,,,,,,,,,,
914407,1860,VESTVÅGØY,189610483,0,111.0,Enebolig,TB,Tatt i bruk,19691210,19691210,19701020,178.0,,,56494350.0,Hellarhaugen,8204.0,10.0,,,8360.0,BØSTAD
914408,1860,VESTVÅGØY,189613407,0,111.0,Enebolig,TB,Tatt i bruk,10101,10101,19500101,114.0,,,56493756.0,Haverringen,8110.0,1281.0,,,8360.0,BØSTAD
914409,1860,VESTVÅGØY,189613393,0,181.0,Garasjeuthus anneks til bolig,TB,Tatt i bruk,10101,10101,19400101,70.0,,,,,,,,,,
914410,1860,VESTVÅGØY,189610475,0,111.0,Enebolig,TB,Tatt i bruk,19800902,19801002,19811120,190.0,,,56494307.0,Grundstadveien,8201.0,638.0,,,8360.0,BØSTAD
914411,1860,VESTVÅGØY,189613385,0,181.0,Garasjeuthus anneks til bolig,TB,Tatt i bruk,10101,10101,19900101,37.0,,,,,,,,,,
914412,1860,VESTVÅGØY,189610467,0,111.0,Enebolig,TB,Tatt i bruk,10101,10101,10101,163.0,,,56494305.0,Grundstadveien,8201.0,627.0,,,8360.0,BØSTAD
914413,1860,VESTVÅGØY,189613377,0,241.0,Hus for dyr/landbr.lager/silo,TB,Tatt i bruk,10101,10101,10101,152.0,,,,,,,,,,
914414,1860,VESTVÅGØY,189610459,0,181.0,Garasjeuthus anneks til bolig,TB,Tatt i bruk,10101,10101,10101,48.0,,,,,,,,,,
914415,1860,VESTVÅGØY,189610440,0,181.0,Garasjeuthus anneks til bolig,BR,Bygning revet/brent,10101,10101,10101,36.0,,,,,,,,,,
914416,1860,VESTVÅGØY,189613369,1,111.0,Enebolig,TB,Tatt i bruk,19781011,19781211,19790828,36.0,,,,,,,,,,
914417,1860,VESTVÅGØY,189610432,0,111.0,Enebolig,TB,Tatt i bruk,10101,10101,10101,139.0,,,56494304.0,Grundstadveien,8201.0,625.0,,,8360.0,BØSTAD
914418,1860,VESTVÅGØY,189613369,0,111.0,Enebolig,TB,Tatt i bruk,10101,10101,10101,80.0,,,56493738.0,Haverringen,8110.0,1289.0,,,8360.0,BØSTAD
914419,1860,VESTVÅGØY,189614276,0,181.0,Garasjeuthus anneks til bolig,TB,Tatt i bruk,10101,10101,10101,51.0,,,,,,,,,,
914420,1860,VESTVÅGØY,189614268,0,181.0,Garasjeuthus anneks til bolig,BR,Bygning revet/brent,10101,10101,10101,0.0,,,,,,,,,,
914421,1860,VESTVÅGØY,189614241,1,121.0,"Tomannsbolig, vertikaldelt",TB,Tatt i bruk,19950701,19950701,19971030,15.0,,,56489271.0,Bolleveien,3018.0,15.0,,,8370.0,LEKNES
914422,1860,VESTVÅGØY,189614241,0,121.0,"Tomannsbolig, vertikaldelt",TB,Tatt i bruk,10101,10101,10101,138.0,,,56489271.0,Bolleveien,3018.0,15.0,,,8370.0,LEKNES
914423,1860,VESTVÅGØY,189614233,0,181.0,Garasjeuthus anneks til bolig,BR,Bygning revet/brent,10101,10101,10101,0.0,,,,,,,,,,
914424,1860,VESTVÅGØY,189614225,0,249.0,Annen landbruksbygning,TB,Tatt i bruk,10101,10101,10101,24.0,,,,,,,,,,
914425,1860,VESTVÅGØY,189614217,0,161.0,Fritidsbygg(hyttersommerh. ol,BR,Bygning revet/brent,10101,10101,10101,0.0,,,,,,,,,,
914426,1860,VESTVÅGØY,189614209,0,111.0,Enebolig,TB,Tatt i bruk,10101,10101,19600101,206.0,,,,,,,,,,
914427,1860,VESTVÅGØY,189614195,0,111.0,Enebolig,TB,Tatt i bruk,10101,10101,10101,227.0,,,56488134.0,Skottnesveien,1040.0,91.0,,,8373.0,BALLSTAD
914428,1860,VESTVÅGØY,189614187,0,111.0,Enebolig,TB,Tatt i bruk,10101,10101,10101,242.0,,,56490982.0,Mortsundveien,6005.0,12.0,,,8370.0,LEKNES
914429,1860,VESTVÅGØY,189614179,0,183.0,Naust båthus sjøbu,TB,Tatt i bruk,10101,10101,10101,18.0,,,,,,,,,,
914430,1860,VESTVÅGØY,189614160,0,161.0,Fritidsbygg(hyttersommerh. ol,BR,Bygning revet/brent,10101,10101,10101,0.0,,,56494974.0,,,,,0.0,8373.0,BALLSTAD
914431,1860,VESTVÅGØY,189614152,0,181.0,Garasjeuthus anneks til bolig,BR,Bygning revet/brent,10101,10101,10101,0.0,,,,,,,,,,
914432,1860,VESTVÅGØY,189614144,0,241.0,Hus for dyr/landbr.lager/silo,TB,Tatt i bruk,10101,10101,10101,82.0,,,,,,,,,,
914433,1860,VESTVÅGØY,189614136,0,111.0,Enebolig,TB,Tatt i bruk,10101,10101,10101,150.0,,,56498392.0,Sundsveien,1038.0,239.0,,,8372.0,GRAVDAL
914434,1860,VESTVÅGØY,189614373,1,111.0,Enebolig,RA,Rammetillatelse,19990622,10101,10101,26.0,,,,,,,,,,
914435,1860,VESTVÅGØY,189614373,0,111.0,Enebolig,TB,Tatt i bruk,10101,10101,19811221,170.0,,,56495817.0,Steineveien,4043.0,256.0,,,8340.0,STAMSUND
914436,1860,VESTVÅGØY,189614365,0,161.0,Fritidsbygg(hyttersommerh. ol,TB,Tatt i bruk,10101,10101,10101,33.0,,,456656013.0,Hagskarveien,3052.0,343.0,,,8340.0,STAMSUND
914437,1860,VESTVÅGØY,189614357,0,111.0,Enebolig,TB,Tatt i bruk,10101,10101,10101,116.0,,,56486633.0,Hagskarveien,3052.0,112.0,,,8370.0,LEKNES
914438,1860,VESTVÅGØY,189614349,0,616.0,Videregående skole,TB,Tatt i bruk,10101,10101,10101,552.0,,,56492267.0,Ureveien,6010.0,316.0,,,8352.0,SENNESVIK
914439,1860,VESTVÅGØY,189614330,0,171.0,Seterhus sel rorbu o.l.,TB,Tatt i bruk,10101,10101,10101,69.0,,,,,,,,,,
914440,1860,VESTVÅGØY,189614322,0,524.0,Camping/utleiehytte,TB,Tatt i bruk,10101,10101,10101,324.0,,,6390366141.0,Sjøbergveien,6019.0,24.0,,,8352.0,SENNESVIK
914441,1860,VESTVÅGØY,189614314,0,111.0,Enebolig,TB,Tatt i bruk,10101,10101,10101,112.0,,,56492207.0,Ureveien,6010.0,53.0,,,8352.0,SENNESVIK
914442,1860,VESTVÅGØY,189614306,0,181.0,Garasjeuthus anneks til bolig,TB,Tatt i bruk,10101,10101,10101,35.0,,,,,,,,,,
914443,1860,VESTVÅGØY,189614292,0,111.0,Enebolig,TB,Tatt i bruk,10101,10101,10101,199.0,,,56494414.0,Rise,8306.0,102.0,,,8370.0,LEKNES
914444,1860,VESTVÅGØY,189614284,0,111.0,Enebolig,TB,Tatt i bruk,10101,10101,18980101,54.0,,,56495093.0,Bergsdalen,6017.0,19.0,,,8370.0,LEKNES
914445,1860,VESTVÅGØY,189613954,0,312.0,Bankbygning posthus,TB,Tatt i bruk,10101,10101,10101,655.0,,,56484646.0,Sundsveien,1038.0,4.0,,,8372.0,GRAVDAL
914446,1860,VESTVÅGØY,189611064,0,241.0,Hus for dyr/landbr.lager/silo,TB,Tatt i bruk,10101,10101,10101,151.0,,,,,,,,,,
914447,1860,VESTVÅGØY,189613938,0,322.0,Butikk/forretningsbygning,TB,Tatt i bruk,10101,10101,19640101,2850.0,,,56487490.0,J.M.Johansens vei,4040.0,21.0,,,8340.0,STAMSUND
914448,1860,VESTVÅGØY,189611056,0,181.0,Garasjeuthus anneks til bolig,TB,Tatt i bruk,10101,10101,10101,68.0,,,,,,,,,,
914449,1860,VESTVÅGØY,189613911,0,231.0,Lagerhall,BU,Bygningsnummer utgått,10101,10101,10101,0.0,,,,,,,,,,
914450,1860,VESTVÅGØY,189611048,0,111.0,Enebolig,TB,Tatt i bruk,10101,10101,10101,113.0,,,56494271.0,Grundstadveien,8201.0,201.0,,,8360.0,BØSTAD
914451,1860,VESTVÅGØY,189611021,0,181.0,Garasjeuthus anneks til bolig,TB,Tatt i bruk,10101,10101,10101,17.0,,,,,,,,,,
914452,1860,VESTVÅGØY,189613903,1,111.0,Enebolig,TB,Tatt i bruk,19901101,19901120,19920312,56.0,,,56487922.0,Stuemyra,3034.0,20.0,,,8370.0,LEKNES
914453,1860,VESTVÅGØY,189611013,0,183.0,Naust båthus sjøbu,TB,Tatt i bruk,10101,10101,10101,21.0,,,,,,,,,,
914454,1860,VESTVÅGØY,189613903,0,111.0,Enebolig,TB,Tatt i bruk,10101,10101,19810101,272.0,,,56487922.0,Stuemyra,3034.0,20.0,,,8370.0,LEKNES
914455,1860,VESTVÅGØY,189611005,0,181.0,Garasjeuthus anneks til bolig,TB,Tatt i bruk,10101,10101,10101,45.0,,,56498297.0,Grundstadveien,8201.0,810.0,,,8360.0,BØSTAD
914456,1860,VESTVÅGØY,189613881,0,111.0,Enebolig,TB,Tatt i bruk,10101,10101,19740101,206.0,,,56485541.0,Tufteveien,3003.0,1.0,,,8370.0,LEKNES
914457,1860,VESTVÅGØY,189610998,0,181.0,Garasjeuthus anneks til bolig,BR,Bygning revet/brent,10101,10101,10101,0.0,,,,,,,,,,
914458,1860,VESTVÅGØY,189613865,0,111.0,Enebolig,TB,Tatt i bruk,10101,10101,19741106,222.0,,,56485482.0,Lillevollveien,3001.0,57.0,,,8370.0,LEKNES
914459,1860,VESTVÅGØY,189610971,0,163.0,Våningh. benyttes som fritidsb,TB,Tatt i bruk,10101,10101,10101,89.7,,,56498297.0,Grundstadveien,8201.0,810.0,,,8360.0,BØSTAD
914460,1860,VESTVÅGØY,189613857,0,111.0,Enebolig,TB,Tatt i bruk,10101,10101,19800508,264.0,,,56485499.0,Sjøveien,3002.0,8.0,,,8370.0,LEKNES
914461,1860,VESTVÅGØY,189610963,0,111.0,Enebolig,TB,Tatt i bruk,10101,10101,10101,116.0,,,56494338.0,Grundstadveien,8201.0,1015.0,,,8360.0,BØSTAD
914462,1860,VESTVÅGØY,189613849,0,111.0,Enebolig,TB,Tatt i bruk,10101,10101,19690508,253.0,,,56486042.0,Leikarvollveien,3020.0,4.0,,,8370.0,LEKNES
914463,1860,VESTVÅGØY,189610955,0,161.0,Fritidsbygg(hyttersommerh. ol,BR,Bygning revet/brent,10101,10101,10101,0.0,,,,,,,,,,
914464,1860,VESTVÅGØY,189613814,0,181.0,Garasjeuthus anneks til bolig,TB,Tatt i bruk,10101,10101,10101,49.0,,,,,,,,,,
914465,1860,VESTVÅGØY,189610947,0,181.0,Garasjeuthus anneks til bolig,BR,Bygning revet/brent,10101,10101,10101,0.0,,,,,,,,,,
914466,1860,VESTVÅGØY,189613806,0,111.0,Enebolig,TB,Tatt i bruk,10101,10101,19490101,118.0,,,56487103.0,Strandveien,4024.0,9.0,,,8340.0,STAMSUND
914467,1860,VESTVÅGØY,189610939,0,181.0,Garasjeuthus anneks til bolig,BR,Bygning revet/brent,10101,10101,10101,0.0,,,,,,,,,,
914468,1860,VESTVÅGØY,189613792,0,111.0,Enebolig,TB,Tatt i bruk,10101,10101,19830321,181.0,,,56487123.0,Edvard Oddens vei,4026.0,19.0,,,8340.0,STAMSUND
914469,1860,VESTVÅGØY,189610920,0,182.0,Garasjeuth.anneks til fritidb,TB,Tatt i bruk,10101,10101,10101,26.0,,,,,,,,,,
914470,1860,VESTVÅGØY,189613784,0,249.0,Annen landbruksbygning,TB,Tatt i bruk,10101,10101,10101,92.0,,,,,,,,,,
914471,1860,VESTVÅGØY,189610912,0,182.0,Garasjeuth.anneks til fritidb,TB,Tatt i bruk,10101,10101,10101,9.0,,,,,,,,,,
914472,1860,VESTVÅGØY,189613776,0,111.0,Enebolig,TB,Tatt i bruk,10101,10101,19000101,154.0,,,56488719.0,Reineveien,2021.0,181.0,,,8373.0,BALLSTAD
914473,1860,VESTVÅGØY,189610904,0,161.0,Fritidsbygg(hyttersommerh. ol,TB,Tatt i bruk,10101,10101,10101,105.0,,,56494337.0,Grundstadveien,8201.0,849.0,,,8360.0,BØSTAD
914474,1860,VESTVÅGØY,189613768,0,162.0,Helårsb.benyttes som fritidsb.,TB,Tatt i bruk,10101,10101,10101,68.0,,,56490826.0,Eggumsveien,5013.0,879.0,,,8360.0,BØSTAD
914475,1860,VESTVÅGØY,189610890,0,181.0,Garasjeuthus anneks til bolig,TB,Tatt i bruk,10101,10101,19730101,37.0,,,56494403.0,Grundstadveien,8201.0,855.0,,,8360.0,BØSTAD
914476,1860,VESTVÅGØY,189614128,0,161.0,Fritidsbygg(hyttersommerh. ol,TB,Tatt i bruk,19890412,10101,19920415,105.0,,,56498393.0,Sundsveien,1038.0,241.0,,,8372.0,GRAVDAL
914477,1860,VESTVÅGØY,189614101,0,241.0,Hus for dyr/landbr.lager/silo,TB,Tatt i bruk,10101,10101,10101,303.0,,,,,,,,,,
914478,1860,VESTVÅGØY,189614098,0,111.0,Enebolig,TB,Tatt i bruk,10101,10101,19670101,179.0,,,56488538.0,Flesveien,1044.0,50.0,,,8372.0,GRAVDAL
914479,1860,VESTVÅGØY,189611188,0,111.0,Enebolig,TB,Tatt i bruk,10101,10101,10101,118.0,,,56498352.0,Reinhaugveien,8202.0,19.0,,,8360.0,BØSTAD
914480,1860,VESTVÅGØY,189614071,0,111.0,Enebolig,BR,Bygning revet/brent,10101,10101,10101,0.0,,,56488572.0,Flesveien,1044.0,52.0,,,8372.0,GRAVDAL
914481,1860,VESTVÅGØY,189611161,0,111.0,Enebolig,TB,Tatt i bruk,10101,10101,10101,118.0,,,56498353.0,Reinhaugveien,8202.0,25.0,,,8360.0,BØSTAD
914482,1860,VESTVÅGØY,189614063,0,111.0,Enebolig,TB,Tatt i bruk,10101,10101,10101,104.0,,,56488541.0,Flesveien,1044.0,53.0,,,8372.0,GRAVDAL
914483,1860,VESTVÅGØY,189611153,0,181.0,Garasjeuthus anneks til bolig,TB,Tatt i bruk,10101,10101,10101,68.0,,,,,,,,,,
914484,1860,VESTVÅGØY,189614055,0,181.0,Garasjeuthus anneks til bolig,TB,Tatt i bruk,10101,10101,10101,56.0,,,,,,,,,,
914485,1860,VESTVÅGØY,189611145,0,181.0,Garasjeuthus anneks til bolig,TB,Tatt i bruk,10101,10101,10101,29.0,,,,,,,,,,
914486,1860,VESTVÅGØY,189614047,0,181.0,Garasjeuthus anneks til bolig,TB,Tatt i bruk,10101,10101,10101,44.0,,,,,,,,,,
914487,1860,VESTVÅGØY,189611137,0,181.0,Garasjeuthus anneks til bolig,TB,Tatt i bruk,10101,10101,10101,18.0,,,,,,,,,,
914488,1860,VESTVÅGØY,189614039,0,111.0,Enebolig,TB,Tatt i bruk,10101,10101,10101,85.0,,,56492906.0,Skjerpveien,8003.0,87.0,,,8360.0,BØSTAD
914489,1860,VESTVÅGØY,189611129,0,181.0,Garasjeuthus anneks til bolig,TB,Tatt i bruk,10101,10101,10101,85.0,,,,,,,,,,
914490,1860,VESTVÅGØY,189614020,0,111.0,Enebolig,TB,Tatt i bruk,10101,10101,10101,219.0,,,56492960.0,Vikingveien,8011.0,343.0,,,8360.0,BØSTAD
914491,1860,VESTVÅGØY,189611110,0,111.0,Enebolig,TB,Tatt i bruk,10101,10101,19900101,112.0,,,56498356.0,Reinhaugveien,8202.0,90.0,,,8360.0,BØSTAD
914492,1860,VESTVÅGØY,189614012,0,219.0,Annen industribygning,TB,Tatt i bruk,10101,10101,19800101,3004.0,,,56497676.0,Moloveien,2011.0,75.0,,,8373.0,BALLSTAD
914493,1860,VESTVÅGØY,189614004,0,111.0,Enebolig,TB,Tatt i bruk,10101,10101,19620101,149.0,,,56488724.0,Reineveien,2021.0,187.0,,,8373.0,BALLSTAD
914494,1860,VESTVÅGØY,189611102,0,111.0,Enebolig,TB,Tatt i bruk,19810911,19811011,19821208,156.0,,,56498354.0,Reinhaugveien,8202.0,66.0,,,8360.0,BØSTAD
914495,1860,VESTVÅGØY,189613997,0,111.0,Enebolig,TB,Tatt i bruk,10101,10101,19340101,99.0,,,56488675.0,Ballstadodden,2019.0,4.0,,,8373.0,BALLSTAD
914496,1860,VESTVÅGØY,189611099,0,249.0,Annen landbruksbygning,TB,Tatt i bruk,19890627,19890727,19891001,104.0,,,,,,,,,,
914497,1860,VESTVÅGØY,189613970,0,111.0,Enebolig,BR,Bygning revet/brent,10101,10101,10101,0.0,,,,,,,,,,
914498,1860,VESTVÅGØY,189611080,0,181.0,Garasjeuthus anneks til bolig,TB,Tatt i bruk,10101,10101,10101,24.0,,,,,,,,,,
914499,1860,VESTVÅGØY,189613962,0,161.0,Fritidsbygg(hyttersommerh. ol,GR,Bygning godkjent for riving/brenning,10101,10101,10101,168.0,,,,,,,,,,
914500,1860,VESTVÅGØY,189611072,0,111.0,Enebolig,TB,Tatt i bruk,10101,10101,10101,130.0,,,56498355.0,Reinhaugveien,8202.0,70.0,,,8360.0,BØSTAD
914501,1860,VESTVÅGØY,189607717,0,181.0,Garasjeuthus anneks til bolig,TB,Tatt i bruk,10101,10101,10101,85.0,,,,,,,,,,
914502,1860,VESTVÅGØY,189607709,0,181.0,Garasjeuthus anneks til bolig,TB,Tatt i bruk,10101,10101,10101,21.0,,,,,,,,,,
914503,1860,VESTVÅGØY,189607695,1,111.0,Enebolig,TB,Tatt i bruk,19991220,20000120,20010901,19.0,,,56493691.0,Haverringen,8110.0,848.0,,,8360.0,BØSTAD
914504,1860,VESTVÅGØY,189607695,0,111.0,Enebolig,TB,Tatt i bruk,10101,10101,19200101,66.0,,,56493691.0,Haverringen,8110.0,848.0,,,8360.0,BØSTAD
914505,1860,VESTVÅGØY,189607687,0,111.0,Enebolig,TB,Tatt i bruk,10101,10101,10101,111.0,,,56493692.0,Haverringen,8110.0,853.0,,,8360.0,BØSTAD
914506,1860,VESTVÅGØY,189607679,0,111.0,Enebolig,TB,Tatt i bruk,10101,10101,19500101,124.0,,,56493693.0,Haverringen,8110.0,857.0,,,8360.0,BØSTAD
914507,1860,VESTVÅGØY,189607660,0,181.0,Garasjeuthus anneks til bolig,TB,Tatt i bruk,10101,10101,10101,93.0,,,,,,,,,,
914508,1860,VESTVÅGØY,189607652,0,181.0,Garasjeuthus anneks til bolig,TB,Tatt i bruk,10101,10101,19590101,21.0,,,,,,,,,,
914509,1860,VESTVÅGØY,189607644,0,181.0,Garasjeuthus anneks til bolig,TB,Tatt i bruk,10101,10101,19080101,156.0,,,,,,,,,,
914510,1860,VESTVÅGØY,189607636,0,161.0,Fritidsbygg(hyttersommerh. ol,TB,Tatt i bruk,10101,10101,19080101,123.0,,,56493696.0,Haverringen,8110.0,869.0,,,8360.0,BØSTAD
914511,1860,VESTVÅGØY,189607628,0,161.0,Fritidsbygg(hyttersommerh. ol,TB,Tatt i bruk,10101,10101,19400101,41.0,,,56493764.0,Haverringen,8110.0,877.0,,,8360.0,BØSTAD
914512,1860,VESTVÅGØY,189607601,0,182.0,Garasjeuth.anneks til fritidb,TB,Tatt i bruk,10101,10101,10101,36.0,,,,,,,,,,
914513,1860,VESTVÅGØY,189607598,0,182.0,Garasjeuth.anneks til fritidb,TB,Tatt i bruk,10101,10101,10101,61.0,,,,,,,,,,
914514,1860,VESTVÅGØY,189607571,0,161.0,Fritidsbygg(hyttersommerh. ol,TB,Tatt i bruk,10101,10101,19400101,111.0,,,56493695.0,Haverringen,8110.0,875.0,,,8360.0,BØSTAD
914515,1860,VESTVÅGØY,189607563,0,111.0,Enebolig,TB,Tatt i bruk,10101,10101,10101,149.0,,,56493694.0,Haverringen,8110.0,873.0,,,8360.0,BØSTAD
914516,1860,VESTVÅGØY,189607873,0,182.0,Garasjeuth.anneks til fritidb,TB,Tatt i bruk,10101,10101,10101,32.0,,,,,,,,,,
914517,1860,VESTVÅGØY,189607865,0,161.0,Fritidsbygg(hyttersommerh. ol,TB,Tatt i bruk,10101,10101,10101,101.0,,,56493683.0,Haverringen,8110.0,796.0,,,8360.0,BØSTAD
914518,1860,VESTVÅGØY,189607857,0,161.0,Fritidsbygg(hyttersommerh. ol,BR,Bygning revet/brent,10101,10101,10101,0.0,,,,,,,,,,
914519,1860,VESTVÅGØY,189607849,0,161.0,Fritidsbygg(hyttersommerh. ol,TB,Tatt i bruk,10101,10101,19400101,86.0,,,56493685.0,Haverringen,8110.0,809.0,,,8360.0,BØSTAD
914520,1860,VESTVÅGØY,189607830,0,162.0,Helårsb.benyttes som fritidsb.,TB,Tatt i bruk,10101,10101,19500101,229.0,,,56499052.0,Haverringen,8110.0,830.0,,,8360.0,BØSTAD
914521,1860,VESTVÅGØY,189607822,0,111.0,Enebolig,TB,Tatt i bruk,19720530,19720630,19760203,170.0,,,56493686.0,Haverringen,8110.0,825.0,,,8360.0,BØSTAD
914522,1860,VESTVÅGØY,189607814,0,181.0,Garasjeuthus anneks til bolig,TB,Tatt i bruk,10101,10101,10101,24.0,,,,,,,,,,
914523,1860,VESTVÅGØY,189607806,0,181.0,Garasjeuthus anneks til bolig,TB,Tatt i bruk,10101,10101,10101,91.0,,,,,,,,,,
914524,1860,VESTVÅGØY,189607792,0,181.0,Garasjeuthus anneks til bolig,TB,Tatt i bruk,10101,10101,10101,20.0,,,,,,,,,,
914525,1860,VESTVÅGØY,189607784,0,181.0,Garasjeuthus anneks til bolig,TB,Tatt i bruk,10101,10101,10101,64.0,,,,,,,,,,
914526,1860,VESTVÅGØY,189607776,0,111.0,Enebolig,TB,Tatt i bruk,10101,10101,19560101,170.0,,,56493690.0,Haverringen,8110.0,847.0,,,8360.0,BØSTAD
914527,1860,VESTVÅGØY,189607768,0,111.0,Enebolig,TB,Tatt i bruk,10101,10101,19200101,94.0,,,56493688.0,Haverringen,8110.0,844.0,,,8360.0,BØSTAD
914528,1860,VESTVÅGØY,189607741,0,181.0,Garasjeuthus anneks til bolig,TB,Tatt i bruk,10101,10101,10101,79.0,,,,,,,,,,
914529,1860,VESTVÅGØY,189607733,0,113.0,Våningshus,TB,Tatt i bruk,10101,10101,19250101,90.0,,,56493689.0,Haverringen,8110.0,846.0,,,8360.0,BØSTAD
914530,1860,VESTVÅGØY,189607725,0,182.0,Garasjeuth.anneks til fritidb,TB,Tatt i bruk,10101,10101,10101,73.0,,,,,,,,,,
914531,1860,VESTVÅGØY,189604793,0,181.0,Garasjeuthus anneks til bolig,TB,Tatt i bruk,10101,10101,10101,39.0,,,,,,,,,,
914532,1860,VESTVÅGØY,189607385,0,111.0,Enebolig,TB,Tatt i bruk,10101,10101,19500101,136.0,,,56493716.0,Haverringen,8110.0,926.0,,,8360.0,BØSTAD
914533,1860,VESTVÅGØY,189604785,0,111.0,Enebolig,TB,Tatt i bruk,10101,10101,19480101,163.0,,,56493620.0,Sandveien,8108.0,111.0,,,8360.0,BØSTAD
914534,1860,VESTVÅGØY,189607377,0,111.0,Enebolig,TB,Tatt i bruk,10101,10101,19460101,106.0,,,56493715.0,Haverringen,8110.0,916.0,,,8360.0,BØSTAD
914535,1860,VESTVÅGØY,189604777,0,111.0,Enebolig,TB,Tatt i bruk,10101,10101,19600101,129.0,,,56493619.0,Sandveien,8108.0,102.0,,,8360.0,BØSTAD
914536,1860,VESTVÅGØY,189607369,0,181.0,Garasjeuthus anneks til bolig,TB,Tatt i bruk,10101,10101,19570601,54.0,,,,,,,,,,
914537,1860,VESTVÅGØY,189604769,0,181.0,Garasjeuthus anneks til bolig,TB,Tatt i bruk,10101,10101,19480101,31.0,,,,,,,,,,
914538,1860,VESTVÅGØY,189607350,0,181.0,Garasjeuthus anneks til bolig,TB,Tatt i bruk,10101,10101,19460101,28.0,,,,,,,,,,
914539,1860,VESTVÅGØY,189604750,0,111.0,Enebolig,TB,Tatt i bruk,10101,10101,19480101,141.0,,,56493618.0,Sandveien,8108.0,98.0,,,8360.0,BØSTAD
914540,1860,VESTVÅGØY,189607342,0,181.0,Garasjeuthus anneks til bolig,TB,Tatt i bruk,10101,10101,10101,37.0,,,,,,,,,,
914541,1860,VESTVÅGØY,189604742,0,111.0,Enebolig,TB,Tatt i bruk,10101,10101,19500101,106.0,,,56493617.0,Sandveien,8108.0,94.0,,,8360.0,BØSTAD
914542,1860,VESTVÅGØY,189607334,0,111.0,Enebolig,TB,Tatt i bruk,10101,10101,10101,149.0,,,56493719.0,Haverringen,8110.0,950.0,,,8360.0,BØSTAD
914543,1860,VESTVÅGØY,189604734,0,181.0,Garasjeuthus anneks til bolig,TB,Tatt i bruk,10101,10101,10101,22.0,,,,,,,,,,
914544,1860,VESTVÅGØY,189607326,0,111.0,Enebolig,TB,Tatt i bruk,10101,10101,19600101,134.0,,,56493720.0,Haverringen,8110.0,958.0,,,8360.0,BØSTAD
914545,1860,VESTVÅGØY,189604726,0,181.0,Garasjeuthus anneks til bolig,TB,Tatt i bruk,10101,10101,10101,71.0,,,,,,,,,,
914546,1860,VESTVÅGØY,189607318,0,181.0,Garasjeuthus anneks til bolig,TB,Tatt i bruk,10101,10101,10101,47.0,,,,,,,,,,
914547,1860,VESTVÅGØY,189604718,0,181.0,Garasjeuthus anneks til bolig,BR,Bygning revet/brent,10101,10101,10101,0.0,,,,,,,,,,
914548,1860,VESTVÅGØY,189607296,0,161.0,Fritidsbygg(hyttersommerh. ol,TB,Tatt i bruk,10101,10101,19200101,118.0,,,56493721.0,Haverringen,8110.0,968.0,,,8360.0,BØSTAD
914549,1860,VESTVÅGØY,189604696,0,181.0,Garasjeuthus anneks til bolig,BR,Bygning revet/brent,10101,10101,10101,0.0,,,,,,,,,,
914550,1860,VESTVÅGØY,189607288,0,181.0,Garasjeuthus anneks til bolig,TB,Tatt i bruk,10101,10101,10101,50.0,,,,,,,,,,
914551,1860,VESTVÅGØY,189604688,0,111.0,Enebolig,TB,Tatt i bruk,10101,10101,10101,101.0,,,56493699.0,Haverringen,8110.0,438.0,,,8360.0,BØSTAD
914552,1860,VESTVÅGØY,189607261,0,111.0,Enebolig,TB,Tatt i bruk,10101,10101,19600101,24.0,,,56493763.0,Haverringen,8110.0,978.0,,,8360.0,BØSTAD
914553,1860,VESTVÅGØY,189604661,0,181.0,Garasjeuthus anneks til bolig,BR,Bygning revet/brent,10101,10101,10101,0.0,,,,,,,,,,
914554,1860,VESTVÅGØY,189607253,0,111.0,Enebolig,BU,Bygningsnummer utgått,10101,10101,10101,0.0,,,56493764.0,Haverringen,8110.0,877.0,,,8360.0,BØSTAD
914555,1860,VESTVÅGØY,189604653,0,181.0,Garasjeuthus anneks til bolig,TB,Tatt i bruk,10101,10101,10101,99.0,,,,,,,,,,
914556,1860,VESTVÅGØY,189607237,0,161.0,Fritidsbygg(hyttersommerh. ol,TB,Tatt i bruk,10101,10101,10101,68.0,,,475032440.0,Veinr. 8113,8113.0,50.0,,,8360.0,BØSTAD
914557,1860,VESTVÅGØY,189604645,0,162.0,Helårsb.benyttes som fritidsb.,TB,Tatt i bruk,10101,10101,10101,88.0,,,56493701.0,Haverringen,8110.0,432.0,,,8360.0,BØSTAD
914558,1860,VESTVÅGØY,189607229,0,183.0,Naust båthus sjøbu,BR,Bygning revet/brent,10101,10101,10101,0.0,,,,,,,,,,
914559,1860,VESTVÅGØY,189604637,0,111.0,Enebolig,TB,Tatt i bruk,10101,10101,10101,114.0,,,56493670.0,Haverringen,8110.0,434.0,,,8360.0,BØSTAD
914560,1860,VESTVÅGØY,189607210,0,183.0,Naust båthus sjøbu,TB,Tatt i bruk,10101,10101,10101,50.0,,,,,,,,,,
914561,1860,VESTVÅGØY,189604629,0,162.0,Helårsb.benyttes som fritidsb.,TB,Tatt i bruk,10101,10101,10101,55.0,,,56493700.0,Haverringen,8110.0,436.0,,,8360.0,BØSTAD
914562,1860,VESTVÅGØY,189607202,0,183.0,Naust båthus sjøbu,BR,Bygning revet/brent,10101,10101,10101,0.0,,,,,,,,,,
914563,1860,VESTVÅGØY,189607555,0,161.0,Fritidsbygg(hyttersommerh. ol,TB,Tatt i bruk,10101,10101,10101,104.0,,,56493765.0,Haverringen,8110.0,880.0,,,8360.0,BØSTAD
914564,1860,VESTVÅGØY,189607547,0,181.0,Garasjeuthus anneks til bolig,BR,Bygning revet/brent,10101,10101,10101,0.0,,,,,,,,,,
914565,1860,VESTVÅGØY,189607539,0,182.0,Garasjeuth.anneks til fritidb,TB,Tatt i bruk,10101,10101,10101,22.0,,,,,,,,,,
914566,1860,VESTVÅGØY,189607520,0,181.0,Garasjeuthus anneks til bolig,TB,Tatt i bruk,10101,10101,10101,99.0,,,,,,,,,,
914567,1860,VESTVÅGØY,189607512,0,111.0,Enebolig,TB,Tatt i bruk,10101,10101,10101,114.0,,,56493710.0,Haverringen,8110.0,884.0,,,8360.0,BØSTAD
914568,1860,VESTVÅGØY,189607504,0,111.0,Enebolig,TB,Tatt i bruk,10101,10101,19500101,144.0,,,56493711.0,Haverringen,8110.0,886.0,,,8360.0,BØSTAD
914569,1860,VESTVÅGØY,189607490,0,111.0,Enebolig,TB,Tatt i bruk,10101,10101,19300101,217.0,,,56493712.0,Haverringen,8110.0,887.0,,,8360.0,BØSTAD
914570,1860,VESTVÅGØY,189604890,0,181.0,Garasjeuthus anneks til bolig,BR,Bygning revet/brent,10101,10101,10101,110.0,,,,,,,,,,
914571,1860,VESTVÅGØY,189607482,0,181.0,Garasjeuthus anneks til bolig,TB,Tatt i bruk,10101,10101,10101,55.0,,,,,,,,,,
914572,1860,VESTVÅGØY,189604882,0,181.0,Garasjeuthus anneks til bolig,TB,Tatt i bruk,10101,10101,10101,21.0,,,,,,,,,,
914573,1860,VESTVÅGØY,189607474,0,161.0,Fritidsbygg(hyttersommerh. ol,TB,Tatt i bruk,10101,10101,10101,151.0,,,56493714.0,Haverringen,8110.0,892.0,,,8360.0,BØSTAD
914574,1860,VESTVÅGØY,189604874,0,212.0,Verkstedbygning,TB,Tatt i bruk,10101,10101,10101,132.0,,,,,,,,,,
914575,1860,VESTVÅGØY,189607466,0,161.0,Fritidsbygg(hyttersommerh. ol,TB,Tatt i bruk,10101,10101,10101,133.0,,,56488107.0,Haverringen,8110.0,896.0,,,8360.0,BØSTAD
914576,1860,VESTVÅGØY,189604866,0,181.0,Garasjeuthus anneks til bolig,TB,Tatt i bruk,10101,10101,10101,43.0,,,,,,,,,,
914577,1860,VESTVÅGØY,189607458,0,161.0,Fritidsbygg(hyttersommerh. ol,TB,Tatt i bruk,10101,10101,19300101,58.0,,,56497203.0,Haverringen,8110.0,902.0,,,8360.0,BØSTAD
914578,1860,VESTVÅGØY,189604858,0,111.0,Enebolig,TB,Tatt i bruk,10101,10101,19500101,120.0,,,56493622.0,Sandveien,8108.0,141.0,,,8360.0,BØSTAD
914579,1860,VESTVÅGØY,189607431,0,182.0,Garasjeuth.anneks til fritidb,TB,Tatt i bruk,10101,10101,10101,23.0,,,,,,,,,,
914580,1860,VESTVÅGØY,189604831,0,111.0,Enebolig,TB,Tatt i bruk,10101,10101,10101,163.0,,,56493621.0,Sandveien,8108.0,119.0,,,8360.0,BØSTAD
914581,1860,VESTVÅGØY,189607423,0,181.0,Garasjeuthus anneks til bolig,TB,Tatt i bruk,10101,10101,10101,21.0,,,,,,,,,,
914582,1860,VESTVÅGØY,189604823,0,183.0,Naust båthus sjøbu,TB,Tatt i bruk,10101,10101,10101,31.0,,,,,,,,,,
914583,1860,VESTVÅGØY,189607415,0,181.0,Garasjeuthus anneks til bolig,TB,Tatt i bruk,10101,10101,10101,67.0,,,,,,,,,,
914584,1860,VESTVÅGØY,189604815,0,181.0,Garasjeuthus anneks til bolig,TB,Tatt i bruk,10101,10101,10101,24.0,,,,,,,,,,
914585,1860,VESTVÅGØY,189607407,0,111.0,Enebolig,TB,Tatt i bruk,10101,10101,19500101,206.0,,,56496978.0,Haverringen,8110.0,912.0,,,8360.0,BØSTAD
914586,1860,VESTVÅGØY,189604807,0,181.0,Garasjeuthus anneks til bolig,TB,Tatt i bruk,10101,10101,10101,44.0,,,,,,,,,,
914587,1860,VESTVÅGØY,189607393,0,181.0,Garasjeuthus anneks til bolig,BR,Bygning revet/brent,10101,10101,10101,0.0,,,,,,,,,,
914588,1860,VESTVÅGØY,189610122,0,183.0,Naust båthus sjøbu,TB,Tatt i bruk,10101,10101,10101,22.0,,,,,,,,,,
914589,1860,VESTVÅGØY,189610289,1,111.0,Enebolig,TB,Tatt i bruk,19890627,19890727,19891001,18.0,,,,,,,,,,
914590,1860,VESTVÅGØY,189610289,0,111.0,Enebolig,TB,Tatt i bruk,10101,10101,19610101,109.0,,,56494302.0,Grundstadveien,8201.0,590.0,,,8360.0,BØSTAD
914591,1860,VESTVÅGØY,189610270,0,111.0,Enebolig,TB,Tatt i bruk,10101,10101,10101,142.0,,,56494301.0,Grundstadveien,8201.0,588.0,,,8360.0,BØSTAD
914592,1860,VESTVÅGØY,189610262,0,181.0,Garasjeuthus anneks til bolig,TB,Tatt i bruk,10101,10101,10101,23.0,,,,,,,,,,
914593,1860,VESTVÅGØY,189610246,0,181.0,Garasjeuthus anneks til bolig,TB,Tatt i bruk,10101,10101,10101,14.0,,,,,,,,,,
914594,1860,VESTVÅGØY,189610238,1,111.0,Enebolig,TB,Tatt i bruk,19990930,19991030,20000101,32.0,,,,,,,,,,
914595,1860,VESTVÅGØY,189610238,0,111.0,Enebolig,TB,Tatt i bruk,10101,10101,19900101,86.0,,,56498296.0,Myranveien,8203.0,8.0,,,8360.0,BØSTAD
914596,1860,VESTVÅGØY,189610211,0,111.0,Enebolig,TB,Tatt i bruk,10101,10101,10101,82.0,,,56494294.0,Grundstadveien,8201.0,560.0,,,8360.0,BØSTAD
914597,1860,VESTVÅGØY,189610203,0,111.0,Enebolig,TB,Tatt i bruk,10101,10101,19810304,222.0,,,56494320.0,Grundstadveien,8201.0,558.0,,,8360.0,BØSTAD
914598,1860,VESTVÅGØY,189610181,0,181.0,Garasjeuthus anneks til bolig,TB,Tatt i bruk,10101,10101,10101,69.0,,,,,,,,,,
914599,1860,VESTVÅGØY,189610173,0,181.0,Garasjeuthus anneks til bolig,TB,Tatt i bruk,10101,10101,10101,19.0,,,,,,,,,,
914600,1860,VESTVÅGØY,189610165,0,181.0,Garasjeuthus anneks til bolig,BR,Bygning revet/brent,10101,10101,10101,0.0,,,,,,,,,,
914601,1860,VESTVÅGØY,189610157,0,161.0,Fritidsbygg(hyttersommerh. ol,TB,Tatt i bruk,10101,10101,10101,64.0,,,56493634.0,Storøyveien,8109.0,209.0,,,8360.0,BØSTAD
914602,1860,VESTVÅGØY,189610149,0,161.0,Fritidsbygg(hyttersommerh. ol,TB,Tatt i bruk,10101,10101,10101,67.0,,,56493637.0,Storøyveien,8109.0,219.0,,,8360.0,BØSTAD
914603,1860,VESTVÅGØY,189610130,0,161.0,Fritidsbygg(hyttersommerh. ol,TB,Tatt i bruk,10101,10101,10101,68.0,,,56493633.0,Storøyveien,8109.0,202.0,,,8360.0,BØSTAD
914604,1860,VESTVÅGØY,189608012,0,163.0,Våningh. benyttes som fritidsb,TB,Tatt i bruk,10101,10101,10101,68.0,,,56497153.0,Høynes,8112.0,18.0,,,8360.0,BØSTAD
914605,1860,VESTVÅGØY,189608004,0,111.0,Enebolig,BR,Bygning revet/brent,10101,10101,10101,0.0,,,56493680.0,Haverringen,8110.0,630.0,,,8360.0,BØSTAD
914606,1860,VESTVÅGØY,189607997,0,181.0,Garasjeuthus anneks til bolig,BR,Bygning revet/brent,10101,10101,10101,0.0,,,,,,,,,,
914607,1860,VESTVÅGØY,189607989,0,111.0,Enebolig,TB,Tatt i bruk,10101,10101,19900101,124.0,,,56493697.0,Haverringen,8110.0,644.0,,,8360.0,BØSTAD
914608,1860,VESTVÅGØY,189607970,0,181.0,Garasjeuthus anneks til bolig,TB,Tatt i bruk,10101,10101,10101,28.0,,,,,,,,,,
914609,1860,VESTVÅGØY,189607962,0,241.0,Hus for dyr/landbr.lager/silo,TB,Tatt i bruk,10101,10101,10101,224.0,,,,,,,,,,
914610,1860,VESTVÅGØY,189607954,0,181.0,Garasjeuthus anneks til bolig,TB,Tatt i bruk,10101,10101,19450101,32.0,,,,,,,,,,
914611,1860,VESTVÅGØY,189607946,0,161.0,Fritidsbygg(hyttersommerh. ol,TB,Tatt i bruk,10101,10101,19000101,77.0,,,56497718.0,Haverringen,8110.0,662.0,,,8360.0,BØSTAD
914612,1860,VESTVÅGØY,189607938,0,111.0,Enebolig,TB,Tatt i bruk,10101,10101,19500101,124.0,,,56493682.0,Haverringen,8110.0,676.0,,,8360.0,BØSTAD
914613,1860,VESTVÅGØY,189607911,3,111.0,Enebolig,BU,Bygningsnummer utgått,10101,10101,10101,26.0,,,,,,,,,,
914614,1860,VESTVÅGØY,189607911,1,111.0,Enebolig,TB,Tatt i bruk,20050504,20050604,20051101,39.0,,,,,,,,,,
914615,1860,VESTVÅGØY,189607911,0,111.0,Enebolig,TB,Tatt i bruk,19990419,19990519,19991117,45.0,,,56493681.0,Haverringen,8110.0,661.0,,,8360.0,BØSTAD
914616,1860,VESTVÅGØY,189607903,0,181.0,Garasjeuthus anneks til bolig,BR,Bygning revet/brent,10101,10101,10101,0.0,,,,,,,,,,
914617,1860,VESTVÅGØY,189607881,0,182.0,Garasjeuth.anneks til fritidb,TB,Tatt i bruk,10101,10101,10101,60.0,,,,,,,,,,
914618,1860,VESTVÅGØY,189608098,0,181.0,Garasjeuthus anneks til bolig,TB,Tatt i bruk,19731106,19731107,19731130,15.0,,,,,,,,,,
914619,1860,VESTVÅGØY,189608071,1,241.0,Hus for dyr/landbr.lager/silo,TB,Tatt i bruk,19950608,19950708,19980824,76.0,,,,,,,,,,
914620,1860,VESTVÅGØY,189608071,0,241.0,Hus for dyr/landbr.lager/silo,TB,Tatt i bruk,10101,10101,19900101,40.0,,,,,,,,,,
914621,1860,VESTVÅGØY,189608063,0,181.0,Garasjeuthus anneks til bolig,TB,Tatt i bruk,10101,10101,10101,19.0,,,,,,,,,,
914622,1860,VESTVÅGØY,189608055,0,111.0,Enebolig,TB,Tatt i bruk,10101,10101,19861201,122.0,,,56491636.0,Valbergsveien,7007.0,1690.0,,,8357.0,VALBERG
914623,1860,VESTVÅGØY,189608047,0,111.0,Enebolig,TB,Tatt i bruk,19721102,19721103,19730103,170.0,,,56492214.0,Valbergsveien,7007.0,1700.0,,,8357.0,VALBERG
914624,1860,VESTVÅGØY,189608039,0,216.0,Bygn.for vannfors.bla. pumpest,TB,Tatt i bruk,10101,10101,10101,58.0,,,,,,,,,,
914625,1860,VESTVÅGØY,189608020,0,161.0,Fritidsbygg(hyttersommerh. ol,TB,Tatt i bruk,10101,10101,10101,75.0,,,56497152.0,Haverringen,8110.0,655.0,,,8360.0,BØSTAD
914626,1860,VESTVÅGØY,189603967,0,181.0,Garasjeuthus anneks til bolig,TB,Tatt i bruk,10101,10101,10101,55.0,,,,,,,,,,
914627,1860,VESTVÅGØY,189613296,1,111.0,Enebolig,TB,Tatt i bruk,19980827,19980927,19990507,21.0,,,,,,,,,,
914628,1860,VESTVÅGØY,189613296,0,111.0,Enebolig,TB,Tatt i bruk,10101,10101,19240101,118.0,,,56493741.0,Haverringen,8110.0,1303.0,,,8360.0,BØSTAD
914629,1860,VESTVÅGØY,189613288,0,181.0,Garasjeuthus anneks til bolig,TB,Tatt i bruk,10101,10101,10101,36.0,,,,,,,,,,
914630,1860,VESTVÅGØY,189613261,0,181.0,Garasjeuthus anneks til bolig,TB,Tatt i bruk,10101,10101,19200101,88.0,,,,,,,,,,
914631,1860,VESTVÅGØY,189613253,0,181.0,Garasjeuthus anneks til bolig,TB,Tatt i bruk,10101,10101,10101,23.0,,,,,,,,,,
914632,1860,VESTVÅGØY,189613245,0,181.0,Garasjeuthus anneks til bolig,TB,Tatt i bruk,10101,10101,10101,11.0,,,,,,,,,,
914633,1860,VESTVÅGØY,189613237,0,183.0,Naust båthus sjøbu,TB,Tatt i bruk,10101,10101,19000101,85.0,,,,,,,,,,
914634,1860,VESTVÅGØY,189613229,0,161.0,Fritidsbygg(hyttersommerh. ol,TB,Tatt i bruk,10101,10101,10101,141.0,,,56493755.0,Haverringen,8110.0,1309.0,,,8360.0,BØSTAD
914635,1860,VESTVÅGØY,189613210,0,181.0,Garasjeuthus anneks til bolig,TB,Tatt i bruk,10101,10101,10101,19.0,,,56493753.0,Haverringen,8110.0,1330.0,,,8360.0,BØSTAD
914636,1860,VESTVÅGØY,189613202,1,111.0,Enebolig,TB,Tatt i bruk,19951025,19951125,19980611,48.0,,,,,,,,,,
914637,1860,VESTVÅGØY,189613202,0,111.0,Enebolig,TB,Tatt i bruk,10101,10101,10101,118.0,,,56493754.0,Haverringen,8110.0,1329.0,,,8360.0,BØSTAD
914638,1860,VESTVÅGØY,189613199,0,181.0,Garasjeuthus anneks til bolig,TB,Tatt i bruk,10101,10101,10101,50.0,,,,,,,,,,
914639,1860,VESTVÅGØY,189613180,0,181.0,Garasjeuthus anneks til bolig,TB,Tatt i bruk,10101,10101,19590101,19.0,,,,,,,,,,
914640,1860,VESTVÅGØY,189613172,0,181.0,Garasjeuthus anneks til bolig,TB,Tatt i bruk,10101,10101,19550101,50.0,,,,,,,,,,
914641,1860,VESTVÅGØY,189613326,0,183.0,Naust båthus sjøbu,BR,Bygning revet/brent,10101,10101,10101,0.0,,,,,,,,,,
914642,1860,VESTVÅGØY,189613318,0,181.0,Garasjeuthus anneks til bolig,TB,Tatt i bruk,10101,10101,19550101,60.0,,,56493739.0,Haverringen,8110.0,1295.0,,,8360.0,BØSTAD
914643,1860,VESTVÅGØY,189604440,0,111.0,Enebolig,TB,Tatt i bruk,10101,10101,19300101,102.7,,,56493665.0,Haverringen,8110.0,308.0,,,8360.0,BØSTAD
914644,1860,VESTVÅGØY,189604432,0,111.0,Enebolig,TB,Tatt i bruk,10101,10101,10101,89.0,,,56493664.0,Haverringen,8110.0,294.0,,,8360.0,BØSTAD
914645,1860,VESTVÅGØY,189604424,0,181.0,Garasjeuthus anneks til bolig,TB,Tatt i bruk,10101,10101,10101,52.0,,,,,,,,,,
914646,1860,VESTVÅGØY,189604416,0,111.0,Enebolig,TB,Tatt i bruk,10101,10101,10101,166.0,,,56494269.0,Grundstadveien,8201.0,140.0,,,8360.0,BØSTAD
914647,1860,VESTVÅGØY,189604408,0,181.0,Garasjeuthus anneks til bolig,TB,Tatt i bruk,10101,10101,10101,91.0,,,,,,,,,,
914648,1860,VESTVÅGØY,189604394,0,182.0,Garasjeuth.anneks til fritidb,TB,Tatt i bruk,10101,10101,10101,142.0,,,,,,,,,,
914649,1860,VESTVÅGØY,189604386,0,161.0,Fritidsbygg(hyttersommerh. ol,TB,Tatt i bruk,10101,10101,10101,62.0,,,56494328.0,Grundstadveien,8201.0,138.0,,,8360.0,BØSTAD
914650,1860,VESTVÅGØY,189604378,0,182.0,Garasjeuth.anneks til fritidb,TB,Tatt i bruk,10101,10101,10101,27.0,,,,,,,,,,
914651,1860,VESTVÅGØY,189604351,0,182.0,Garasjeuth.anneks til fritidb,TB,Tatt i bruk,10101,10101,10101,31.0,,,,,,,,,,
914652,1860,VESTVÅGØY,189604343,0,182.0,Garasjeuth.anneks til fritidb,TB,Tatt i bruk,10101,10101,10101,14.0,,,,,,,,,,
914653,1860,VESTVÅGØY,189604335,0,161.0,Fritidsbygg(hyttersommerh. ol,TB,Tatt i bruk,10101,10101,10101,76.0,,,56494270.0,Grundstadveien,8201.0,170.0,,,8360.0,BØSTAD
914654,1860,VESTVÅGØY,189604327,0,161.0,Fritidsbygg(hyttersommerh. ol,TB,Tatt i bruk,10101,10101,10101,150.0,,,56498324.0,Grundstadveien,8201.0,63.0,,,8360.0,BØSTAD
914655,1860,VESTVÅGØY,189604319,1,161.0,Fritidsbygg(hyttersommerh. ol,IG,Igangsettingstillatelse,20060621,20060721,10101,49.0,,,,,,,,,,
914656,1860,VESTVÅGØY,189604319,0,161.0,Fritidsbygg(hyttersommerh. ol,TB,Tatt i bruk,10101,10101,10101,116.0,,,56498325.0,Grundstadveien,8201.0,61.0,,,8360.0,BØSTAD
914657,1860,VESTVÅGØY,189604300,0,111.0,Enebolig,TB,Tatt i bruk,10101,10101,10101,64.0,,,56498326.0,Grundstadveien,8201.0,59.0,,,8360.0,BØSTAD
914658,1860,VESTVÅGØY,189604610,0,181.0,Garasjeuthus anneks til bolig,BR,Bygning revet/brent,10101,10101,10101,0.0,,,,,,,,,,
914659,1860,VESTVÅGØY,189607199,0,183.0,Naust båthus sjøbu,TB,Tatt i bruk,10101,10101,10101,52.0,,,,,,,,,,
914660,1860,VESTVÅGØY,189604602,0,181.0,Garasjeuthus anneks til bolig,TB,Tatt i bruk,10101,10101,10101,32.0,,,,,,,,,,
914661,1860,VESTVÅGØY,189607180,0,529.0,Annen bygning for overnatting,TB,Tatt i bruk,10101,10101,10101,141.0,,,,,,,,,,
914662,1860,VESTVÅGØY,189604599,0,161.0,Fritidsbygg(hyttersommerh. ol,TB,Tatt i bruk,10101,10101,10101,97.0,,,56497716.0,Haverringen,8110.0,360.0,,,8360.0,BØSTAD
914663,1860,VESTVÅGØY,189607172,0,182.0,Garasjeuth.anneks til fritidb,TB,Tatt i bruk,10101,10101,10101,9.0,,,,,,,,,,
914664,1860,VESTVÅGØY,189604580,0,241.0,Hus for dyr/landbr.lager/silo,TB,Tatt i bruk,10101,10101,10101,145.0,,,,,,,,,,
914665,1860,VESTVÅGØY,189607164,0,161.0,Fritidsbygg(hyttersommerh. ol,BR,Bygning revet/brent,10101,10101,10101,0.0,,,,,,,,,,
914666,1860,VESTVÅGØY,189604572,0,111.0,Enebolig,TB,Tatt i bruk,10101,10101,10101,76.0,,,56493703.0,Haverringen,8110.0,417.0,,,8360.0,BØSTAD
914667,1860,VESTVÅGØY,189607156,0,161.0,Fritidsbygg(hyttersommerh. ol,BR,Bygning revet/brent,10101,10101,10101,0.0,,,,,,,,,,
914668,1860,VESTVÅGØY,189604564,0,162.0,Helårsb.benyttes som fritidsb.,TB,Tatt i bruk,10101,10101,19490101,64.0,,,56493667.0,Haverringen,8110.0,408.0,,,8360.0,BØSTAD
914669,1860,VESTVÅGØY,189607148,0,181.0,Garasjeuthus anneks til bolig,BR,Bygning revet/brent,10101,10101,10101,0.0,,,,,,,,,,
914670,1860,VESTVÅGØY,189604556,0,181.0,Garasjeuthus anneks til bolig,TB,Tatt i bruk,10101,10101,10101,16.0,,,,,,,,,,
914671,1860,VESTVÅGØY,189607121,0,181.0,Garasjeuthus anneks til bolig,BU,Bygningsnummer utgått,10101,10101,10101,0.0,,,,,,,,,,
914672,1860,VESTVÅGØY,189604548,0,181.0,Garasjeuthus anneks til bolig,TB,Tatt i bruk,10101,10101,10101,49.0,,,,,,,,,,
914673,1860,VESTVÅGØY,189607113,0,161.0,Fritidsbygg(hyttersommerh. ol,BU,Bygningsnummer utgått,10101,10101,10101,0.0,,,,,,,,,,
914674,1860,VESTVÅGØY,189604521,0,111.0,Enebolig,TB,Tatt i bruk,10101,10101,10101,35.0,,,56493706.0,Haverringen,8110.0,405.0,,,8360.0,BØSTAD
914675,1860,VESTVÅGØY,189607105,0,161.0,Fritidsbygg(hyttersommerh. ol,TB,Tatt i bruk,10101,10101,19300101,59.0,,,56493642.0,Sandveien,8108.0,452.0,,,8360.0,BØSTAD
914676,1860,VESTVÅGØY,189604513,0,162.0,Helårsb.benyttes som fritidsb.,TB,Tatt i bruk,10101,10101,19300101,65.0,,,56493705.0,Haverringen,8110.0,394.0,,,8360.0,BØSTAD
914677,1860,VESTVÅGØY,189607091,0,161.0,Fritidsbygg(hyttersommerh. ol,TB,Tatt i bruk,10101,10101,19200101,90.0,,,56493641.0,Sandveien,8108.0,442.0,,,8360.0,BØSTAD
914678,1860,VESTVÅGØY,189604505,0,181.0,Garasjeuthus anneks til bolig,BR,Bygning revet/brent,10101,10101,10101,0.0,,,,,,,,,,
914679,1860,VESTVÅGØY,189607083,0,181.0,Garasjeuthus anneks til bolig,TB,Tatt i bruk,10101,10101,19200101,34.0,,,,,,,,,,
914680,1860,VESTVÅGØY,189604491,0,181.0,Garasjeuthus anneks til bolig,BR,Bygning revet/brent,10101,10101,10101,0.0,,,,,,,,,,
914681,1860,VESTVÅGØY,189607075,0,181.0,Garasjeuthus anneks til bolig,TB,Tatt i bruk,10101,10101,10101,37.0,,,,,,,,,,
914682,1860,VESTVÅGØY,189604483,0,111.0,Enebolig,TB,Tatt i bruk,10101,10101,10101,36.0,,,56493704.0,Haverringen,8110.0,390.0,,,8360.0,BØSTAD
914683,1860,VESTVÅGØY,189607067,0,181.0,Garasjeuthus anneks til bolig,TB,Tatt i bruk,10101,10101,10101,34.0,,,,,,,,,,
914684,1860,VESTVÅGØY,189604475,0,163.0,Våningh. benyttes som fritidsb,TB,Tatt i bruk,10101,10101,19000101,88.1,,,56493666.0,Haverringen,8110.0,381.0,,,8360.0,BØSTAD
914685,1860,VESTVÅGØY,189607059,0,161.0,Fritidsbygg(hyttersommerh. ol,TB,Tatt i bruk,10101,10101,10101,64.0,,,56493630.0,Sandveien,8108.0,430.0,,,8360.0,BØSTAD
914686,1860,VESTVÅGØY,189604467,0,181.0,Garasjeuthus anneks til bolig,TB,Tatt i bruk,10101,10101,19000101,97.0,,,,,,,,,,
914687,1860,VESTVÅGØY,189607040,0,161.0,Fritidsbygg(hyttersommerh. ol,TB,Tatt i bruk,10101,10101,10101,65.0,,,56493628.0,Sandveien,8108.0,396.0,,,8360.0,BØSTAD
914688,1860,VESTVÅGØY,189604459,0,181.0,Garasjeuthus anneks til bolig,TB,Tatt i bruk,10101,10101,10101,33.0,,,,,,,,,,
914689,1860,VESTVÅGØY,189607032,0,161.0,Fritidsbygg(hyttersommerh. ol,TB,Tatt i bruk,10101,10101,10101,111.0,,,56493629.0,Sandveien,8108.0,415.0,,,8360.0,BØSTAD
914690,1860,VESTVÅGØY,189604130,0,111.0,Enebolig,TB,Tatt i bruk,10101,10101,19520101,76.0,,,56496974.0,Alstad,8106.0,39.0,,,8360.0,BØSTAD
914691,1860,VESTVÅGØY,189604114,0,111.0,Enebolig,BR,Bygning revet/brent,10101,10101,10101,90.0,,,56496975.0,Alstad,8106.0,49.0,,,8360.0,BØSTAD
914692,1860,VESTVÅGØY,189604106,0,181.0,Garasjeuthus anneks til bolig,TB,Tatt i bruk,10101,10101,10101,14.0,,,,,,,,,,
914693,1860,VESTVÅGØY,189604092,0,181.0,Garasjeuthus anneks til bolig,TB,Tatt i bruk,10101,10101,10101,26.0,,,,,,,,,,
914694,1860,VESTVÅGØY,189604076,0,181.0,Garasjeuthus anneks til bolig,BR,Bygning revet/brent,10101,10101,10101,0.0,,,,,,,,,,
914695,1860,VESTVÅGØY,189604068,0,183.0,Naust båthus sjøbu,TB,Tatt i bruk,10101,10101,19350101,27.0,,,,,,,,,,
914696,1860,VESTVÅGØY,189604041,1,111.0,Enebolig,TB,Tatt i bruk,19890627,19890727,19891001,20.0,,,,,,,,,,
914697,1860,VESTVÅGØY,189604041,0,111.0,Enebolig,TB,Tatt i bruk,10101,10101,19660101,104.0,,,56495080.0,Alstad,8106.0,55.0,,,8360.0,BØSTAD
914698,1860,VESTVÅGØY,189604033,0,162.0,Helårsb.benyttes som fritidsb.,TB,Tatt i bruk,10101,10101,19210101,168.0,,,56495078.0,Alstad,8106.0,59.0,,,8360.0,BØSTAD
914699,1860,VESTVÅGØY,189604025,0,181.0,Garasjeuthus anneks til bolig,TB,Tatt i bruk,10101,10101,10101,56.0,,,,,,,,,,
914700,1860,VESTVÅGØY,189604017,0,183.0,Naust båthus sjøbu,TB,Tatt i bruk,10101,10101,10101,28.0,,,,,,,,,,
914701,1860,VESTVÅGØY,189604009,0,161.0,Fritidsbygg(hyttersommerh. ol,TB,Tatt i bruk,10101,10101,19620915,134.0,,,56493599.0,Alstad,8106.0,65.0,,,8360.0,BØSTAD
914702,1860,VESTVÅGØY,189603991,0,181.0,Garasjeuthus anneks til bolig,BR,Bygning revet/brent,10101,10101,10101,0.0,,,,,,,,,,
914703,1860,VESTVÅGØY,189603983,0,181.0,Garasjeuthus anneks til bolig,BR,Bygning revet/brent,10101,10101,10101,0.0,,,,,,,,,,
914704,1860,VESTVÅGØY,189603975,0,181.0,Garasjeuthus anneks til bolig,BU,Bygningsnummer utgått,10101,10101,10101,0.0,,,,,,,,,,
914705,1860,VESTVÅGØY,189604297,1,111.0,Enebolig,TB,Tatt i bruk,19790427,19790430,19790529,57.0,,,,,,,,,,
914706,1860,VESTVÅGØY,189604297,0,111.0,Enebolig,TB,Tatt i bruk,10101,10101,10101,130.0,,,56493586.0,Alstad,8106.0,77.0,,,8360.0,BØSTAD
914707,1860,VESTVÅGØY,189604289,0,161.0,Fritidsbygg(hyttersommerh. ol,BR,Bygning revet/brent,10101,10101,19000101,37.0,,,,,,,,,,
914708,1860,VESTVÅGØY,189604270,0,181.0,Garasjeuthus anneks til bolig,TB,Tatt i bruk,10101,10101,10101,98.0,,,,,,,,,,
914709,1860,VESTVÅGØY,189604262,0,181.0,Garasjeuthus anneks til bolig,BR,Bygning revet/brent,10101,10101,10101,0.0,,,,,,,,,,
914710,1860,VESTVÅGØY,189604254,0,111.0,Enebolig,TB,Tatt i bruk,10101,10101,18600101,126.0,,,56493581.0,Alstad,8106.0,33.0,,,8360.0,BØSTAD
914711,1860,VESTVÅGØY,189604246,0,111.0,Enebolig,TB,Tatt i bruk,10101,10101,19600101,166.0,,,56495082.0,Alstad,8106.0,53.0,,,8360.0,BØSTAD
914712,1860,VESTVÅGØY,189604238,0,161.0,Fritidsbygg(hyttersommerh. ol,TB,Tatt i bruk,10101,10101,20020613,71.0,,,56495081.0,Alstad,8106.0,54.0,,,8360.0,BØSTAD
914713,1860,VESTVÅGØY,189604211,0,161.0,Fritidsbygg(hyttersommerh. ol,TB,Tatt i bruk,10101,10101,18900101,75.0,,,56493582.0,Alstad,8106.0,35.0,,,8360.0,BØSTAD
914714,1860,VESTVÅGØY,189604203,0,182.0,Garasjeuth.anneks til fritidb,TB,Tatt i bruk,10101,10101,10101,24.0,,,,,,,,,,
914715,1860,VESTVÅGØY,189604181,0,181.0,Garasjeuthus anneks til bolig,TB,Tatt i bruk,10101,10101,10101,50.0,,,,,,,,,,
914716,1860,VESTVÅGØY,189604173,0,241.0,Hus for dyr/landbr.lager/silo,TB,Tatt i bruk,10101,10101,10101,68.0,,,,,,,,,,
914717,1860,VESTVÅGØY,189604165,0,163.0,Våningh. benyttes som fritidsb,TB,Tatt i bruk,10101,10101,19500101,114.0,,,56493583.0,Alstad,8106.0,37.0,,,8360.0,BØSTAD
914718,1860,VESTVÅGØY,189604157,0,662.0,Samfunnshus grendehus,TB,Tatt i bruk,10101,10101,19500101,160.0,,,,,,,,,,
914719,1860,VESTVÅGØY,189604149,0,181.0,Garasjeuthus anneks til bolig,TB,Tatt i bruk,10101,10101,10101,12.0,,,,,,,,,,
914720,1860,VESTVÅGØY,189609426,0,181.0,Garasjeuthus anneks til bolig,TB,Tatt i bruk,10101,10101,10101,47.0,,,,,,,,,,
914721,1860,VESTVÅGØY,189612370,0,182.0,Garasjeuth.anneks til fritidb,TB,Tatt i bruk,10101,10101,10101,37.0,,,,,,,,,,
914722,1860,VESTVÅGØY,189612362,0,161.0,Fritidsbygg(hyttersommerh. ol,TB,Tatt i bruk,10101,10101,10101,77.0,,,56493726.0,Haverringen,8110.0,1121.0,,,8360.0,BØSTAD
914723,1860,VESTVÅGØY,189609418,1,241.0,Hus for dyr/landbr.lager/silo,IG,Igangsettingstillatelse,20030910,20031001,10101,117.0,,,,,,,,,,
914724,1860,VESTVÅGØY,189612354,0,161.0,Fritidsbygg(hyttersommerh. ol,TB,Tatt i bruk,10101,10101,10101,108.0,,,56493730.0,Haverringen,8110.0,1139.0,,,8360.0,BØSTAD
914725,1860,VESTVÅGØY,189609418,0,241.0,Hus for dyr/landbr.lager/silo,TB,Tatt i bruk,10101,10101,10101,256.0,,,,,,,,,,
914726,1860,VESTVÅGØY,189612346,0,182.0,Garasjeuth.anneks til fritidb,TB,Tatt i bruk,10101,10101,10101,48.0,,,,,,,,,,
914727,1860,VESTVÅGØY,189612338,0,182.0,Garasjeuth.anneks til fritidb,TB,Tatt i bruk,10101,10101,10101,65.0,,,,,,,,,,
914728,1860,VESTVÅGØY,189609396,0,111.0,Enebolig,TB,Tatt i bruk,19830530,19830630,19861112,145.0,,,56491656.0,Valbergsveien,7007.0,2174.0,,,8357.0,VALBERG
914729,1860,VESTVÅGØY,189612311,0,111.0,Enebolig,TB,Tatt i bruk,10101,10101,10101,59.0,,,56493731.0,Haverringen,8110.0,1143.0,,,8360.0,BØSTAD
914730,1860,VESTVÅGØY,189609388,0,111.0,Enebolig,TB,Tatt i bruk,10101,10101,18600101,116.0,,,56492203.0,Valbergsveien,7007.0,2180.0,,,8357.0,VALBERG
914731,1860,VESTVÅGØY,189612303,0,161.0,Fritidsbygg(hyttersommerh. ol,TB,Tatt i bruk,10101,10101,10101,89.0,,,56498292.0,Haverringen,8110.0,1148.0,,,8360.0,BØSTAD
914732,1860,VESTVÅGØY,189609361,0,161.0,Fritidsbygg(hyttersommerh. ol,BR,Bygning revet/brent,10101,10101,10101,0.0,,,,,,,,,,
914733,1860,VESTVÅGØY,189612281,0,161.0,Fritidsbygg(hyttersommerh. ol,BU,Bygningsnummer utgått,10101,10101,10101,0.0,,,,,,,,,,
914734,1860,VESTVÅGØY,189609353,0,181.0,Garasjeuthus anneks til bolig,TB,Tatt i bruk,10101,10101,10101,50.0,,,56491659.0,Valbergsveien,7007.0,2191.0,,,8357.0,VALBERG
914735,1860,VESTVÅGØY,189609345,0,181.0,Garasjeuthus anneks til bolig,TB,Tatt i bruk,10101,10101,10101,58.0,,,,,,,,,,
914736,1860,VESTVÅGØY,189609337,0,181.0,Garasjeuthus anneks til bolig,TB,Tatt i bruk,10101,10101,10101,25.0,,,,,,,,,,
914737,1860,VESTVÅGØY,189609329,0,111.0,Enebolig,TB,Tatt i bruk,10101,10101,19400101,83.0,,,56491655.0,Valbergsveien,7007.0,2172.0,,,8357.0,VALBERG
914738,1860,VESTVÅGØY,189609310,1,111.0,Enebolig,TB,Tatt i bruk,19980107,19980710,19980918,22.0,,,56491654.0,Valbergsveien,7007.0,2156.0,,,8357.0,VALBERG
914739,1860,VESTVÅGØY,189609310,0,111.0,Enebolig,TB,Tatt i bruk,10101,10101,19900101,102.0,,,56491654.0,Valbergsveien,7007.0,2156.0,,,8357.0,VALBERG
914740,1860,VESTVÅGØY,189609302,0,181.0,Garasjeuthus anneks til bolig,TB,Tatt i bruk,10101,10101,10101,33.0,,,,,,,,,,
914741,1860,VESTVÅGØY,189612494,0,183.0,Naust båthus sjøbu,BR,Bygning revet/brent,10101,10101,10101,0.0,,,,,,,,,,
914742,1860,VESTVÅGØY,189609574,0,181.0,Garasjeuthus anneks til bolig,TB,Tatt i bruk,19760617,19760717,19770101,26.0,,,,,,,,,,
914743,1860,VESTVÅGØY,189612486,0,183.0,Naust båthus sjøbu,TB,Tatt i bruk,10101,10101,10101,30.0,,,,,,,,,,
914744,1860,VESTVÅGØY,189609566,0,111.0,Enebolig,TB,Tatt i bruk,10101,10101,19500101,168.0,,,56491662.0,Valbergsveien,7007.0,2223.0,,,8357.0,VALBERG
914745,1860,VESTVÅGØY,189612478,0,182.0,Garasjeuth.anneks til fritidb,TB,Tatt i bruk,10101,10101,10101,65.0,,,,,,,,,,
914746,1860,VESTVÅGØY,189609558,0,161.0,Fritidsbygg(hyttersommerh. ol,TB,Tatt i bruk,10101,10101,19300101,84.0,,,56491672.0,Valbergsveien,7007.0,2196.0,,,8357.0,VALBERG
914747,1860,VESTVÅGØY,189612451,0,161.0,Fritidsbygg(hyttersommerh. ol,TB,Tatt i bruk,10101,10101,10101,141.0,,,56493725.0,Haverringen,8110.0,1115.0,,,8360.0,BØSTAD
914748,1860,VESTVÅGØY,189609531,0,182.0,Garasjeuth.anneks til fritidb,TB,Tatt i bruk,10101,10101,10101,41.0,,,,,,,,,,
914749,1860,VESTVÅGØY,189612443,0,181.0,Garasjeuthus anneks til bolig,TB,Tatt i bruk,10101,10101,10101,20.0,,,,,,,,,,
914750,1860,VESTVÅGØY,189609523,0,182.0,Garasjeuth.anneks til fritidb,TB,Tatt i bruk,10101,10101,10101,92.0,,,,,,,,,,
914751,1860,VESTVÅGØY,189609515,0,163.0,Våningh. benyttes som fritidsb,BR,Bygning revet/brent,10101,10101,18700101,67.0,,,,,,,,,,
914752,1860,VESTVÅGØY,189612435,2,241.0,Hus for dyr/landbr.lager/silo,TB,Tatt i bruk,20031222,20040201,20040501,66.0,,,,,,,,,,
914753,1860,VESTVÅGØY,189609507,0,161.0,Fritidsbygg(hyttersommerh. ol,TB,Tatt i bruk,10101,10101,19100101,124.0,,,56491669.0,Valbergsveien,7007.0,2204.0,,,8357.0,VALBERG
914754,1860,VESTVÅGØY,189609493,0,182.0,Garasjeuth.anneks til fritidb,TB,Tatt i bruk,10101,10101,10101,45.0,,,,,,,,,,
914755,1860,VESTVÅGØY,189612435,1,241.0,Hus for dyr/landbr.lager/silo,TB,Tatt i bruk,19960118,19960218,19961231,80.0,,,,,,,,,,
914756,1860,VESTVÅGØY,189609485,0,111.0,Enebolig,TB,Tatt i bruk,19890518,19890618,19890926,158.0,,,56491661.0,Valbergsveien,7007.0,2212.0,,,8357.0,VALBERG
914757,1860,VESTVÅGØY,189612435,0,241.0,Hus for dyr/landbr.lager/silo,TB,Tatt i bruk,19960118,19960218,19961030,166.0,,,,,,,,,,
914758,1860,VESTVÅGØY,189609477,0,181.0,Garasjeuthus anneks til bolig,BR,Bygning revet/brent,10101,10101,10101,0.0,,,,,,,,,,
914759,1860,VESTVÅGØY,189612427,0,181.0,Garasjeuthus anneks til bolig,TB,Tatt i bruk,10101,10101,10101,61.0,,,,,,,,,,
914760,1860,VESTVÅGØY,189609469,0,111.0,Enebolig,TB,Tatt i bruk,10101,10101,19500101,116.0,,,56491660.0,Valbergsveien,7007.0,2192.0,,,8357.0,VALBERG
914761,1860,VESTVÅGØY,189612419,0,181.0,Garasjeuthus anneks til bolig,TB,Tatt i bruk,10101,10101,10101,25.0,,,,,,,,,,
914762,1860,VESTVÅGØY,189609450,0,181.0,Garasjeuthus anneks til bolig,BR,Bygning revet/brent,10101,10101,10101,48.0,,,,,,,,,,
914763,1860,VESTVÅGØY,189612400,0,111.0,Enebolig,TB,Tatt i bruk,10101,10101,10101,120.0,,,56493727.0,Haverringen,8110.0,1123.0,,,8360.0,BØSTAD
914764,1860,VESTVÅGØY,189609442,0,161.0,Fritidsbygg(hyttersommerh. ol,TB,Tatt i bruk,10101,10101,19300101,72.0,,,56492201.0,Valbergsveien,7007.0,2186.0,,,8357.0,VALBERG
914765,1860,VESTVÅGØY,189612397,0,111.0,Enebolig,TB,Tatt i bruk,10101,10101,10101,118.0,,,56493729.0,Haverringen,8110.0,1135.0,,,8360.0,BØSTAD
914766,1860,VESTVÅGØY,189609434,0,182.0,Garasjeuth.anneks til fritidb,TB,Tatt i bruk,10101,10101,10101,11.0,,,,,,,,,,
914767,1860,VESTVÅGØY,189612389,0,181.0,Garasjeuthus anneks til bolig,TB,Tatt i bruk,10101,10101,10101,24.0,,,,,,,,,,
914768,1860,VESTVÅGØY,189609132,1,111.0,Enebolig,TB,Tatt i bruk,19850121,19850221,19871215,70.0,,,,,,,,,,
914769,1860,VESTVÅGØY,189609132,0,111.0,Enebolig,TB,Tatt i bruk,10101,10101,10101,155.0,,,56491551.0,Dalsveien,7006.0,24.0,,,8357.0,VALBERG
914770,1860,VESTVÅGØY,189609124,0,241.0,Hus for dyr/landbr.lager/silo,TB,Tatt i bruk,10101,10101,10101,132.0,,,,,,,,,,
914771,1860,VESTVÅGØY,189609116,0,111.0,Enebolig,TB,Tatt i bruk,10101,10101,19330101,114.0,,,56491546.0,Dalsveien,7006.0,75.0,,,8357.0,VALBERG
914772,1860,VESTVÅGØY,189609108,0,181.0,Garasjeuthus anneks til bolig,TB,Tatt i bruk,10101,10101,10101,75.0,,,,,,,,,,
914773,1860,VESTVÅGØY,189609094,0,181.0,Garasjeuthus anneks til bolig,TB,Tatt i bruk,10101,10101,10101,48.0,,,,,,,,,,
914774,1860,VESTVÅGØY,189609086,0,111.0,Enebolig,TB,Tatt i bruk,10101,10101,19300101,94.0,,,56491545.0,Dalsveien,7006.0,73.0,,,8357.0,VALBERG
914775,1860,VESTVÅGØY,189609078,0,111.0,Enebolig,TB,Tatt i bruk,10101,10101,19490101,115.0,,,56491543.0,Dalsveien,7006.0,49.0,,,8357.0,VALBERG
914776,1860,VESTVÅGØY,189609051,0,181.0,Garasjeuthus anneks til bolig,TB,Tatt i bruk,10101,10101,10101,58.0,,,,,,,,,,
914777,1860,VESTVÅGØY,189609299,0,182.0,Garasjeuth.anneks til fritidb,TB,Tatt i bruk,10101,10101,10101,11.0,,,,,,,,,,
914778,1860,VESTVÅGØY,189609280,0,111.0,Enebolig,TB,Tatt i bruk,19780216,19780316,19791203,72.0,,,56491540.0,Dalsveien,7006.0,11.0,,,8357.0,VALBERG
914779,1860,VESTVÅGØY,189609272,0,161.0,Fritidsbygg(hyttersommerh. ol,TB,Tatt i bruk,10101,10101,18900101,60.0,,,56491552.0,Dalsveien,7006.0,17.0,,,8357.0,VALBERG
914780,1860,VESTVÅGØY,189609264,0,161.0,Fritidsbygg(hyttersommerh. ol,TB,Tatt i bruk,10101,10101,19200101,27.0,,,56491549.0,Dalsveien,7006.0,21.0,,,8357.0,VALBERG
914781,1860,VESTVÅGØY,189609256,0,161.0,Fritidsbygg(hyttersommerh. ol,TB,Tatt i bruk,10101,10101,19500101,91.0,,,56491542.0,Dalsveien,7006.0,12.0,,,8357.0,VALBERG
914782,1860,VESTVÅGØY,189609248,0,182.0,Garasjeuth.anneks til fritidb,TB,Tatt i bruk,10101,10101,10101,25.0,,,,,,,,,,
914783,1860,VESTVÅGØY,189609221,0,182.0,Garasjeuth.anneks til fritidb,TB,Tatt i bruk,10101,10101,10101,37.0,,,,,,,,,,
914784,1860,VESTVÅGØY,189609213,0,182.0,Garasjeuth.anneks til fritidb,TB,Tatt i bruk,10101,10101,10101,58.0,,,,,,,,,,
914785,1860,VESTVÅGØY,189609205,0,111.0,Enebolig,TB,Tatt i bruk,10101,10101,19300101,325.0,,,56492209.0,Valbergsveien,7007.0,2098.0,,,8357.0,VALBERG
914786,1860,VESTVÅGØY,189609191,0,111.0,Enebolig,TB,Tatt i bruk,19730723,19730823,19740530,142.0,,,56491541.0,Dalsveien,7006.0,1.0,,,8357.0,VALBERG
914787,1860,VESTVÅGØY,189609183,0,182.0,Garasjeuth.anneks til fritidb,TB,Tatt i bruk,10101,10101,10101,23.0,,,,,,,,,,
914788,1860,VESTVÅGØY,189609175,0,161.0,Fritidsbygg(hyttersommerh. ol,TB,Tatt i bruk,10101,10101,19200101,82.0,,,56491651.0,Valbergsveien,7007.0,2108.0,,,8357.0,VALBERG
914789,1860,VESTVÅGØY,189609159,0,181.0,Garasjeuthus anneks til bolig,TB,Tatt i bruk,10101,10101,10101,110.0,,,,,,,,,,
914790,1860,VESTVÅGØY,189609140,0,111.0,Enebolig,TB,Tatt i bruk,10101,10101,19540101,91.0,,,56491652.0,Valbergsveien,7007.0,2109.0,,,8357.0,VALBERG
914791,1860,VESTVÅGØY,189610084,0,161.0,Fritidsbygg(hyttersommerh. ol,TB,Tatt i bruk,10101,10101,10101,92.0,,,56493632.0,Storøyveien,8109.0,104.0,,,8360.0,BØSTAD
914792,1860,VESTVÅGØY,189613016,0,161.0,Fritidsbygg(hyttersommerh. ol,TB,Tatt i bruk,10101,10101,10101,140.0,,,56493748.0,Haverringen,8110.0,1437.0,,,8360.0,BØSTAD
914793,1860,VESTVÅGØY,189610076,0,673.0,Kremat. gravkapell bårehus,TB,Tatt i bruk,10101,10101,10101,16.0,,,281307526.0,Storøyveien,8109.0,60.0,,,8360.0,BØSTAD
914794,1860,VESTVÅGØY,189613008,0,111.0,Enebolig,TB,Tatt i bruk,10101,10101,10101,115.0,,,56493766.0,Haverringen,8110.0,1443.0,,,8360.0,BØSTAD
914795,1860,VESTVÅGØY,189610068,0,161.0,Fritidsbygg(hyttersommerh. ol,TB,Tatt i bruk,10101,10101,19460101,55.0,,,56493640.0,Storøyveien,8109.0,66.0,,,8360.0,BØSTAD
914796,1860,VESTVÅGØY,189612990,0,181.0,Garasjeuthus anneks til bolig,TB,Tatt i bruk,10101,10101,10101,16.0,,,,,,,,,,
914797,1860,VESTVÅGØY,189610041,0,182.0,Garasjeuth.anneks til fritidb,TB,Tatt i bruk,10101,10101,19490101,47.0,,,,,,,,,,
914798,1860,VESTVÅGØY,189612982,0,111.0,Enebolig,TB,Tatt i bruk,10101,10101,10101,79.0,,,56499066.0,Haverringen,8110.0,1475.0,,,8360.0,BØSTAD
914799,1860,VESTVÅGØY,189610033,0,183.0,Naust båthus sjøbu,TB,Tatt i bruk,10101,10101,19200101,34.0,,,,,,,,,,
914800,1860,VESTVÅGØY,189612974,0,181.0,Garasjeuthus anneks til bolig,TB,Tatt i bruk,10101,10101,10101,31.0,,,,,,,,,,
914801,1860,VESTVÅGØY,189610025,0,181.0,Garasjeuthus anneks til bolig,TB,Tatt i bruk,10101,10101,19200101,40.0,,,,,,,,,,
914802,1860,VESTVÅGØY,189612966,0,111.0,Enebolig,TB,Tatt i bruk,10101,10101,10101,143.0,,,56494261.0,Haverringen,8110.0,1473.0,,,8360.0,BØSTAD
914803,1860,VESTVÅGØY,189610017,0,161.0,Fritidsbygg(hyttersommerh. ol,TB,Tatt i bruk,10101,10101,18500101,56.0,,,56493639.0,Storøyveien,8109.0,63.0,,,8360.0,BØSTAD
914804,1860,VESTVÅGØY,189612958,0,111.0,Enebolig,TB,Tatt i bruk,10101,10101,10101,92.0,,,56494259.0,Haverringen,8110.0,1498.0,,,8360.0,BØSTAD
914805,1860,VESTVÅGØY,189610009,0,161.0,Fritidsbygg(hyttersommerh. ol,TB,Tatt i bruk,10101,10101,19560101,110.0,,,56494256.0,Haverringen,8110.0,1524.0,,,8360.0,BØSTAD
914806,1860,VESTVÅGØY,189612931,0,111.0,Enebolig,TB,Tatt i bruk,10101,10101,10101,122.0,,,56493767.0,Haverringen,8110.0,1449.0,,,8360.0,BØSTAD
914807,1860,VESTVÅGØY,189609981,0,111.0,Enebolig,TB,Tatt i bruk,10101,10101,10101,124.0,,,56493776.0,Haverringen,8110.0,1529.0,,,8360.0,BØSTAD
914808,1860,VESTVÅGØY,189612923,0,111.0,Enebolig,TB,Tatt i bruk,10101,10101,10101,119.0,,,56494262.0,Haverringen,8110.0,1455.0,,,8360.0,BØSTAD
914809,1860,VESTVÅGØY,189609973,0,181.0,Garasjeuthus anneks til bolig,TB,Tatt i bruk,10101,10101,10101,51.0,,,,,,,,,,
914810,1860,VESTVÅGØY,189612915,0,111.0,Enebolig,TB,Tatt i bruk,10101,10101,10101,97.0,,,56494263.0,Haverringen,8110.0,1465.0,,,8360.0,BØSTAD
914811,1860,VESTVÅGØY,189609965,0,182.0,Garasjeuth.anneks til fritidb,TB,Tatt i bruk,10101,10101,19300101,99.0,,,,,,,,,,
914812,1860,VESTVÅGØY,189612907,0,181.0,Garasjeuthus anneks til bolig,TB,Tatt i bruk,10101,10101,10101,13.0,,,,,,,,,,
914813,1860,VESTVÅGØY,189609957,0,161.0,Fritidsbygg(hyttersommerh. ol,TB,Tatt i bruk,10101,10101,19300101,103.0,,,56493777.0,Haverringen,8110.0,1543.0,,,8360.0,BØSTAD
914814,1860,VESTVÅGØY,189612893,0,181.0,Garasjeuthus anneks til bolig,TB,Tatt i bruk,10101,10101,10101,91.0,,,,,,,,,,
914815,1860,VESTVÅGØY,189609949,0,111.0,Enebolig,TB,Tatt i bruk,10101,10101,19500101,110.0,,,56493778.0,Haverringen,8110.0,1548.0,,,8360.0,BØSTAD
914816,1860,VESTVÅGØY,189612885,0,181.0,Garasjeuthus anneks til bolig,TB,Tatt i bruk,10101,10101,10101,78.0,,,,,,,,,,
914817,1860,VESTVÅGØY,189609930,0,181.0,Garasjeuthus anneks til bolig,TB,Tatt i bruk,10101,10101,10101,14.0,,,,,,,,,,
914818,1860,VESTVÅGØY,189612877,0,161.0,Fritidsbygg(hyttersommerh. ol,TB,Tatt i bruk,10101,10101,10101,115.0,,,56493768.0,Haverringen,8110.0,1453.0,,,8360.0,BØSTAD
914819,1860,VESTVÅGØY,189609922,0,181.0,Garasjeuthus anneks til bolig,TB,Tatt i bruk,10101,10101,10101,111.0,,,,,,,,,,
914820,1860,VESTVÅGØY,189612869,0,181.0,Garasjeuthus anneks til bolig,TB,Tatt i bruk,10101,10101,19650101,29.0,,,,,,,,,,
914821,1860,VESTVÅGØY,189609914,0,111.0,Enebolig,TB,Tatt i bruk,10101,10101,10101,124.0,,,56493631.0,Storøyveien,8109.0,3.0,,,8360.0,BØSTAD
914822,1860,VESTVÅGØY,189612850,0,111.0,Enebolig,TB,Tatt i bruk,10101,10101,19500101,96.0,,,56493769.0,Haverringen,8110.0,1477.0,,,8360.0,BØSTAD
914823,1860,VESTVÅGØY,189613164,0,111.0,Enebolig,TB,Tatt i bruk,10101,10101,19510101,145.0,,,56493742.0,Haverringen,8110.0,1341.0,,,8360.0,BØSTAD
914824,1860,VESTVÅGØY,189613156,0,161.0,Fritidsbygg(hyttersommerh. ol,TB,Tatt i bruk,10101,10101,19530101,104.0,,,56493743.0,Haverringen,8110.0,1379.0,,,8360.0,BØSTAD
914825,1860,VESTVÅGØY,189613148,0,182.0,Garasjeuth.anneks til fritidb,TB,Tatt i bruk,10101,10101,10101,59.0,,,,,,,,,,
914826,1860,VESTVÅGØY,189613121,0,662.0,Samfunnshus grendehus,TB,Tatt i bruk,10101,10101,10101,196.0,,,56493750.0,Haverringen,8110.0,1419.0,,,8360.0,BØSTAD
914827,1860,VESTVÅGØY,189613113,0,161.0,Fritidsbygg(hyttersommerh. ol,TB,Tatt i bruk,10101,10101,10101,70.0,,,56493751.0,Haverringen,8110.0,1409.0,,,8360.0,BØSTAD
914828,1860,VESTVÅGØY,189613105,0,161.0,Fritidsbygg(hyttersommerh. ol,TB,Tatt i bruk,10101,10101,10101,63.0,,,56493744.0,Haverringen,8110.0,1391.0,,,8360.0,BØSTAD
914829,1860,VESTVÅGØY,189613091,0,181.0,Garasjeuthus anneks til bolig,BR,Bygning revet/brent,10101,10101,10101,0.0,,,,,,,,,,
914830,1860,VESTVÅGØY,189613083,0,182.0,Garasjeuth.anneks til fritidb,TB,Tatt i bruk,10101,10101,10101,32.0,,,,,,,,,,
914831,1860,VESTVÅGØY,189613075,0,161.0,Fritidsbygg(hyttersommerh. ol,TB,Tatt i bruk,10101,10101,10101,77.0,,,56493745.0,Haverringen,8110.0,1413.0,,,8360.0,BØSTAD
914832,1860,VESTVÅGØY,189613067,0,161.0,Fritidsbygg(hyttersommerh. ol,TB,Tatt i bruk,10101,10101,10101,29.0,,,56493749.0,Haverringen,8110.0,1421.0,,,8360.0,BØSTAD
914833,1860,VESTVÅGØY,189613059,0,111.0,Enebolig,TB,Tatt i bruk,10101,10101,10101,88.0,,,56493746.0,Haverringen,8110.0,1425.0,,,8360.0,BØSTAD
914834,1860,VESTVÅGØY,189613040,0,181.0,Garasjeuthus anneks til bolig,TB,Tatt i bruk,10101,10101,10101,85.0,,,,,,,,,,
914835,1860,VESTVÅGØY,189613032,0,181.0,Garasjeuthus anneks til bolig,TB,Tatt i bruk,10101,10101,19250101,9.0,,,,,,,,,,
914836,1860,VESTVÅGØY,189610114,0,181.0,Garasjeuthus anneks til bolig,TB,Tatt i bruk,10101,10101,10101,42.0,,,,,,,,,,
914837,1860,VESTVÅGØY,189610106,0,182.0,Garasjeuth.anneks til fritidb,TB,Tatt i bruk,10101,10101,10101,37.0,,,,,,,,,,
914838,1860,VESTVÅGØY,189613024,1,111.0,Enebolig,TB,Tatt i bruk,20031218,20040102,20040201,40.0,,,56493747.0,Haverringen,8110.0,1433.0,,,8360.0,BØSTAD
914839,1860,VESTVÅGØY,189610092,0,161.0,Fritidsbygg(hyttersommerh. ol,TB,Tatt i bruk,10101,10101,10101,32.0,,,56493638.0,Storøyveien,8109.0,130.0,,,8360.0,BØSTAD
914840,1860,VESTVÅGØY,189613024,0,111.0,Enebolig,TB,Tatt i bruk,10101,10101,19250101,115.0,,,56493747.0,Haverringen,8110.0,1433.0,,,8360.0,BØSTAD
914841,1860,VESTVÅGØY,189609736,0,182.0,Garasjeuth.anneks til fritidb,TB,Tatt i bruk,10101,10101,10101,31.0,,,,,,,,,,
914842,1860,VESTVÅGØY,189612664,0,161.0,Fritidsbygg(hyttersommerh. ol,TB,Tatt i bruk,10101,10101,10101,107.0,,,56493772.0,Haverringen,8110.0,1501.0,,,8360.0,BØSTAD
914843,1860,VESTVÅGØY,189609728,0,183.0,Naust båthus sjøbu,TB,Tatt i bruk,10101,10101,10101,30.0,,,,,,,,,,
914844,1860,VESTVÅGØY,189612656,0,182.0,Garasjeuth.anneks til fritidb,TB,Tatt i bruk,10101,10101,10101,16.0,,,,,,,,,,
914845,1860,VESTVÅGØY,189609701,0,161.0,Fritidsbygg(hyttersommerh. ol,BR,Bygning revet/brent,10101,10101,19200101,75.0,,,56492382.0,Malnes,7009.0,140.0,,,8357.0,VALBERG
914846,1860,VESTVÅGØY,189612648,0,182.0,Garasjeuth.anneks til fritidb,TB,Tatt i bruk,10101,10101,10101,11.0,,,,,,,,,,
914847,1860,VESTVÅGØY,189612621,0,182.0,Garasjeuth.anneks til fritidb,TB,Tatt i bruk,10101,10101,10101,73.0,,,,,,,,,,
914848,1860,VESTVÅGØY,189609698,1,161.0,Fritidsbygg(hyttersommerh. ol,TB,Tatt i bruk,19820908,19821008,19920406,26.0,,,,,,,,,,
914849,1860,VESTVÅGØY,189612613,0,249.0,Annen landbruksbygning,BR,Bygning revet/brent,10101,10101,10101,25.0,,,,,,,,,,
914850,1860,VESTVÅGØY,189609698,0,161.0,Fritidsbygg(hyttersommerh. ol,TB,Tatt i bruk,10101,10101,19900101,115.0,,,56492383.0,Malnes,7009.0,144.0,,,8357.0,VALBERG
914851,1860,VESTVÅGØY,189612605,0,241.0,Hus for dyr/landbr.lager/silo,GR,Bygning godkjent for riving/brenning,10101,10101,10101,119.0,,,,,,,,,,
914852,1860,VESTVÅGØY,189609671,0,183.0,Naust båthus sjøbu,TB,Tatt i bruk,10101,10101,10101,28.0,,,,,,,,,,
914853,1860,VESTVÅGØY,189612591,0,111.0,Enebolig,TB,Tatt i bruk,10101,10101,10101,106.0,,,56493773.0,Haverringen,8110.0,1509.0,,,8360.0,BØSTAD
914854,1860,VESTVÅGØY,189609663,0,111.0,Enebolig,TB,Tatt i bruk,10101,10101,18800101,142.0,,,56491668.0,Valbergsveien,7007.0,2238.0,,,8357.0,VALBERG
914855,1860,VESTVÅGØY,189612583,0,161.0,Fritidsbygg(hyttersommerh. ol,TB,Tatt i bruk,10101,10101,10101,366.0,,,56493762.0,Haverringen,8110.0,1012.0,,,8360.0,BØSTAD
914856,1860,VESTVÅGØY,189609655,0,162.0,Helårsb.benyttes som fritidsb.,TB,Tatt i bruk,10101,10101,19500101,97.0,,,56492205.0,Valbergsveien,7007.0,2131.0,,,8357.0,VALBERG
914857,1860,VESTVÅGØY,189612575,0,244.0,Driftsb. fiske/fangst/oppdr,BR,Bygning revet/brent,10101,10101,10101,0.0,,,,,,,,,,
914858,1860,VESTVÅGØY,189609647,0,161.0,Fritidsbygg(hyttersommerh. ol,TB,Tatt i bruk,10101,10101,10101,57.0,,,56499061.0,Valbergsveien,7007.0,2244.0,,,8357.0,VALBERG
914859,1860,VESTVÅGØY,189612567,0,171.0,Seterhus sel rorbu o.l.,TB,Tatt i bruk,10101,10101,19460101,46.0,,,,,,,,,,
914860,1860,VESTVÅGØY,189609639,0,182.0,Garasjeuth.anneks til fritidb,TB,Tatt i bruk,10101,10101,19090101,20.0,,,,,,,,,,
914861,1860,VESTVÅGØY,189612559,0,219.0,Annen industribygning,TB,Tatt i bruk,10101,10101,10101,437.0,,,,,,,,,,
914862,1860,VESTVÅGØY,189609620,0,181.0,Garasjeuthus anneks til bolig,BR,Bygning revet/brent,10101,10101,10101,0.0,,,,,,,,,,
914863,1860,VESTVÅGØY,189612540,0,181.0,Garasjeuthus anneks til bolig,TB,Tatt i bruk,10101,10101,10101,88.0,,,,,,,,,,
914864,1860,VESTVÅGØY,189609612,0,111.0,Enebolig,TB,Tatt i bruk,10101,10101,19090101,41.0,,,56491665.0,Valbergsveien,7007.0,2232.0,,,8357.0,VALBERG
914865,1860,VESTVÅGØY,189612532,0,181.0,Garasjeuthus anneks til bolig,TB,Tatt i bruk,10101,10101,10101,35.0,,,,,,,,,,
914866,1860,VESTVÅGØY,189609604,0,161.0,Fritidsbygg(hyttersommerh. ol,TB,Tatt i bruk,10101,10101,19500101,80.0,,,56491664.0,Valbergsveien,7007.0,2226.0,,,8357.0,VALBERG
914867,1860,VESTVÅGØY,189612524,0,111.0,Enebolig,TB,Tatt i bruk,10101,10101,10101,116.0,,,56493724.0,Haverringen,8110.0,1096.0,,,8360.0,BØSTAD
914868,1860,VESTVÅGØY,189609590,0,182.0,Garasjeuth.anneks til fritidb,TB,Tatt i bruk,10101,10101,10101,18.0,,,,,,,,,,
914869,1860,VESTVÅGØY,189612516,0,111.0,Enebolig,TB,Tatt i bruk,10101,10101,10101,110.0,,,56498291.0,Haverringen,8110.0,1100.0,,,8360.0,BØSTAD
914870,1860,VESTVÅGØY,189609582,0,182.0,Garasjeuth.anneks til fritidb,TB,Tatt i bruk,10101,10101,10101,44.0,,,,,,,,,,
914871,1860,VESTVÅGØY,189612508,0,181.0,Garasjeuthus anneks til bolig,TB,Tatt i bruk,10101,10101,10101,103.0,,,,,,,,,,
914872,1860,VESTVÅGØY,189609906,0,161.0,Fritidsbygg(hyttersommerh. ol,TB,Tatt i bruk,10101,10101,10101,134.0,,,56493780.0,Haverringen,8110.0,1565.0,,,8360.0,BØSTAD
914873,1860,VESTVÅGØY,189612842,0,181.0,Garasjeuthus anneks til bolig,TB,Tatt i bruk,10101,10101,19600101,72.0,,,,,,,,,,
914874,1860,VESTVÅGØY,189609892,0,181.0,Garasjeuthus anneks til bolig,TB,Tatt i bruk,10101,10101,10101,29.0,,,,,,,,,,
914875,1860,VESTVÅGØY,189612834,0,181.0,Garasjeuthus anneks til bolig,TB,Tatt i bruk,10101,10101,19500101,20.0,,,,,,,,,,
914876,1860,VESTVÅGØY,189609884,0,181.0,Garasjeuthus anneks til bolig,TB,Tatt i bruk,10101,10101,10101,75.0,,,,,,,,,,
914877,1860,VESTVÅGØY,189612826,0,182.0,Garasjeuth.anneks til fritidb,TB,Tatt i bruk,10101,10101,10101,18.0,,,,,,,,,,
914878,1860,VESTVÅGØY,189609876,0,111.0,Enebolig,TB,Tatt i bruk,10101,10101,10101,127.0,,,56493779.0,Haverringen,8110.0,1551.0,,,8360.0,BØSTAD
914879,1860,VESTVÅGØY,189612818,0,182.0,Garasjeuth.anneks til fritidb,TB,Tatt i bruk,10101,10101,10101,34.0,,,,,,,,,,
914880,1860,VESTVÅGØY,189609868,0,111.0,Enebolig,TB,Tatt i bruk,10101,10101,10101,139.0,,,56494255.0,Haverringen,8110.0,1582.0,,,8360.0,BØSTAD
914881,1860,VESTVÅGØY,189612796,0,161.0,Fritidsbygg(hyttersommerh. ol,TB,Tatt i bruk,10101,10101,10101,46.0,,,56493774.0,Haverringen,8110.0,1511.0,,,8360.0,BØSTAD
914882,1860,VESTVÅGØY,189609841,0,181.0,Garasjeuthus anneks til bolig,TB,Tatt i bruk,10101,10101,10101,84.0,,,,,,,,,,
914883,1860,VESTVÅGØY,189612788,0,111.0,Enebolig,TB,Tatt i bruk,10101,10101,10101,75.0,,,56493775.0,Haverringen,8110.0,1519.0,,,8360.0,BØSTAD
914884,1860,VESTVÅGØY,189609833,0,641.0,Museum kunstgalleri,TB,Tatt i bruk,10101,10101,19650101,90.0,,,56494254.0,Haverringen,8110.0,1599.0,,,8360.0,BØSTAD
914885,1860,VESTVÅGØY,189612761,0,161.0,Fritidsbygg(hyttersommerh. ol,TB,Tatt i bruk,10101,10101,10101,99.0,,,,,,,,,,
914886,1860,VESTVÅGØY,189609825,0,111.0,Enebolig,TB,Tatt i bruk,10101,10101,19520101,95.0,,,56492343.0,Valbergsveien,7007.0,2271.0,,,8357.0,VALBERG
914887,1860,VESTVÅGØY,189612753,0,181.0,Garasjeuthus anneks til bolig,TB,Tatt i bruk,10101,10101,10101,23.0,,,,,,,,,,
914888,1860,VESTVÅGØY,189609817,0,183.0,Naust båthus sjøbu,TB,Tatt i bruk,10101,10101,10101,38.0,,,,,,,,,,
914889,1860,VESTVÅGØY,189612745,0,181.0,Garasjeuthus anneks til bolig,TB,Tatt i bruk,10101,10101,10101,96.0,,,,,,,,,,
914890,1860,VESTVÅGØY,189609809,0,161.0,Fritidsbygg(hyttersommerh. ol,TB,Tatt i bruk,10101,10101,19200101,73.0,,,56492420.0,Malnes,7009.0,100.0,,,8357.0,VALBERG
914891,1860,VESTVÅGØY,189612737,0,181.0,Garasjeuthus anneks til bolig,TB,Tatt i bruk,10101,10101,10101,81.0,,,,,,,,,,
914892,1860,VESTVÅGØY,189609795,0,182.0,Garasjeuth.anneks til fritidb,TB,Tatt i bruk,10101,10101,10101,55.0,,,,,,,,,,
914893,1860,VESTVÅGØY,189612729,0,124.0,"Våningshus, tomannsb./horisont.",TB,Tatt i bruk,10101,10101,19080101,116.0,,,56493771.0,Haverringen,8110.0,1493.0,,,8360.0,BØSTAD
914894,1860,VESTVÅGØY,189609787,0,182.0,Garasjeuth.anneks til fritidb,TB,Tatt i bruk,10101,10101,10101,57.0,,,,,,,,,,
914895,1860,VESTVÅGØY,189612710,0,181.0,Garasjeuthus anneks til bolig,TB,Tatt i bruk,10101,10101,19590101,41.0,,,,,,,,,,
914896,1860,VESTVÅGØY,189609779,0,161.0,Fritidsbygg(hyttersommerh. ol,TB,Tatt i bruk,10101,10101,19130101,85.0,,,56492381.0,Malnes,7009.0,110.0,,,8357.0,VALBERG
914897,1860,VESTVÅGØY,189612702,0,662.0,Samfunnshus grendehus,TB,Tatt i bruk,10101,10101,10101,79.0,,,56494257.0,Haverringen,8110.0,1496.0,,,8360.0,BØSTAD
914898,1860,VESTVÅGØY,189609760,0,161.0,Fritidsbygg(hyttersommerh. ol,BR,Bygning revet/brent,10101,10101,10101,0.0,,,56492421.0,Malnes,7009.0,120.0,,,8357.0,VALBERG
914899,1860,VESTVÅGØY,189612699,0,181.0,Garasjeuthus anneks til bolig,TB,Tatt i bruk,10101,10101,10101,68.0,,,,,,,,,,
914900,1860,VESTVÅGØY,189609752,0,181.0,Garasjeuthus anneks til bolig,BR,Bygning revet/brent,10101,10101,10101,0.0,,,,,,,,,,
914901,1860,VESTVÅGØY,189612680,0,111.0,Enebolig,TB,Tatt i bruk,10101,10101,10101,129.0,,,56494258.0,Haverringen,8110.0,1497.0,,,8360.0,BØSTAD
914902,1860,VESTVÅGØY,189609744,0,182.0,Garasjeuth.anneks til fritidb,TB,Tatt i bruk,10101,10101,10101,33.0,,,,,,,,,,
914903,1860,VESTVÅGØY,189612672,0,181.0,Garasjeuthus anneks til bolig,TB,Tatt i bruk,10101,10101,10101,54.0,,,,,,,,,,
914904,1860,VESTVÅGØY,189606508,0,171.0,Seterhus sel rorbu o.l.,TB,Tatt i bruk,10101,10101,18900101,180.0,,,,,,,,,,
914905,1860,VESTVÅGØY,189606494,0,171.0,Seterhus sel rorbu o.l.,BR,Bygning revet/brent,10101,10101,10101,278.0,,,,,,,,,,
914906,1860,VESTVÅGØY,189606486,0,161.0,Fritidsbygg(hyttersommerh. ol,TB,Tatt i bruk,10101,10101,19750101,514.0,,,515315639.0,Sandveien,8108.0,56.0,A,,8360.0,BØSTAD
914907,1860,VESTVÅGØY,189606478,0,219.0,Annen industribygning,TB,Tatt i bruk,10101,10101,10101,210.6,,,56498922.0,Sandveien,8108.0,54.0,,,8360.0,BØSTAD
914908,1860,VESTVÅGØY,189606443,0,181.0,Garasjeuthus anneks til bolig,TB,Tatt i bruk,10101,10101,10101,253.0,,,,,,,,,,
914909,1860,VESTVÅGØY,189606435,0,111.0,Enebolig,TB,Tatt i bruk,19740814,19741214,19750516,116.0,,,56494264.0,Val,8111.0,53.0,,,8360.0,BØSTAD
914910,1860,VESTVÅGØY,189606427,0,111.0,Enebolig,TB,Tatt i bruk,10101,10101,10101,180.0,,,56494330.0,Val,8111.0,64.0,,,8360.0,BØSTAD
914911,1860,VESTVÅGØY,189606419,0,111.0,Enebolig,TB,Tatt i bruk,10101,10101,19310101,100.0,,,56494265.0,Val,8111.0,62.0,,,8360.0,BØSTAD
914912,1860,VESTVÅGØY,189606400,0,181.0,Garasjeuthus anneks til bolig,TB,Tatt i bruk,10101,10101,19300101,24.0,,,,,,,,,,
914913,1860,VESTVÅGØY,189606397,0,182.0,Garasjeuth.anneks til fritidb,TB,Tatt i bruk,10101,10101,10101,25.0,,,,,,,,,,
914914,1860,VESTVÅGØY,189606389,0,161.0,Fritidsbygg(hyttersommerh. ol,TB,Tatt i bruk,10101,10101,10101,72.0,,,56494249.0,Val,8111.0,50.0,,,8360.0,BØSTAD
914915,1860,VESTVÅGØY,189606370,0,111.0,Enebolig,TB,Tatt i bruk,10101,10101,18500101,46.0,,,56493800.0,Val,8111.0,12.0,,,8360.0,BØSTAD
914916,1860,VESTVÅGØY,189606362,0,111.0,Enebolig,BR,Bygning revet/brent,10101,10101,10101,71.0,,,,,,,,,,
914917,1860,VESTVÅGØY,189606354,0,162.0,Helårsb.benyttes som fritidsb.,TB,Tatt i bruk,10101,10101,10101,92.0,,,56493802.0,Val,8111.0,24.0,,,8360.0,BØSTAD
914918,1860,VESTVÅGØY,189606346,0,183.0,Naust båthus sjøbu,TB,Tatt i bruk,10101,10101,10101,21.0,,,,,,,,,,
914919,1860,VESTVÅGØY,189606664,0,111.0,Enebolig,TB,Tatt i bruk,19720905,19721005,19731023,92.0,,,56493646.0,Sandveien,8108.0,77.0,,,8360.0,BØSTAD
914920,1860,VESTVÅGØY,189606656,0,183.0,Naust båthus sjøbu,TB,Tatt i bruk,10101,10101,18900101,53.0,,,,,,,,,,
914921,1860,VESTVÅGØY,189606648,0,244.0,Driftsb. fiske/fangst/oppdr,TB,Tatt i bruk,10101,10101,10101,540.0,,,,,,,,,,
914922,1860,VESTVÅGØY,189606621,0,182.0,Garasjeuth.anneks til fritidb,TB,Tatt i bruk,10101,10101,10101,12.0,,,,,,,,,,
914923,1860,VESTVÅGØY,189606613,0,161.0,Fritidsbygg(hyttersommerh. ol,TB,Tatt i bruk,10101,10101,19300101,75.0,,,56493610.0,Sandveien,8108.0,53.0,,,8360.0,BØSTAD
914924,1860,VESTVÅGØY,189606605,0,161.0,Fritidsbygg(hyttersommerh. ol,BR,Bygning revet/brent,10101,10101,10101,0.0,,,,,,,,,,
914925,1860,VESTVÅGØY,189606591,0,181.0,Garasjeuthus anneks til bolig,TB,Tatt i bruk,10101,10101,10101,36.0,,,,,,,,,,
914926,1860,VESTVÅGØY,189606583,0,322.0,Butikk/forretningsbygning,TB,Tatt i bruk,10101,10101,10101,711.0,,,56498262.0,Sandveien,8108.0,35.0,,,8360.0,BØSTAD
914927,1860,VESTVÅGØY,189606575,0,111.0,Enebolig,TB,Tatt i bruk,10101,10101,19500101,81.0,,,56493608.0,Sandveien,8108.0,31.0,,,8360.0,BØSTAD
914928,1860,VESTVÅGØY,189606567,0,111.0,Enebolig,TB,Tatt i bruk,19780502,19780602,19790101,180.0,,,56493607.0,Sandveien,8108.0,29.0,,,8360.0,BØSTAD
914929,1860,VESTVÅGØY,189606559,0,161.0,Fritidsbygg(hyttersommerh. ol,TB,Tatt i bruk,10101,10101,18900101,112.0,,,56493611.0,Sandveien,8108.0,58.0,,,8360.0,BØSTAD
914930,1860,VESTVÅGØY,189606540,0,161.0,Fritidsbygg(hyttersommerh. ol,TB,Tatt i bruk,10101,10101,18900101,108.0,,,56497715.0,Sandveien,8108.0,50.0,,,8360.0,BØSTAD
914931,1860,VESTVÅGØY,189606532,0,241.0,Hus for dyr/landbr.lager/silo,BR,Bygning revet/brent,10101,10101,18840101,71.0,,,,,,,,,,
914932,1860,VESTVÅGØY,189606524,0,181.0,Garasjeuthus anneks til bolig,TB,Tatt i bruk,10101,10101,18840101,27.0,,,,,,,,,,
914933,1860,VESTVÅGØY,189606516,0,171.0,Seterhus sel rorbu o.l.,TB,Tatt i bruk,10101,10101,18900101,69.0,,,,,,,,,,
914934,1860,VESTVÅGØY,189606141,0,111.0,Enebolig,TB,Tatt i bruk,10101,10101,10101,118.0,,,56493799.0,Val,8111.0,2.0,,,8360.0,BØSTAD
914935,1860,VESTVÅGØY,189606133,0,111.0,Enebolig,TB,Tatt i bruk,10101,10101,19500101,127.0,,,56493661.0,Haverringen,8110.0,262.0,,,8360.0,BØSTAD
914936,1860,VESTVÅGØY,189606125,0,181.0,Garasjeuthus anneks til bolig,TB,Tatt i bruk,10101,10101,10101,89.0,,,,,,,,,,
914937,1860,VESTVÅGØY,189606117,0,161.0,Fritidsbygg(hyttersommerh. ol,TB,Tatt i bruk,10101,10101,19400101,37.0,,,56493663.0,Haverringen,8110.0,280.0,,,8360.0,BØSTAD
914938,1860,VESTVÅGØY,189606109,0,161.0,Fritidsbygg(hyttersommerh. ol,TB,Tatt i bruk,10101,10101,10101,54.0,,,56493568.0,Ramberg,8104.0,206.0,,,8360.0,BØSTAD
914939,1860,VESTVÅGØY,189606095,0,241.0,Hus for dyr/landbr.lager/silo,TB,Tatt i bruk,10101,10101,19520101,51.0,,,,,,,,,,
914940,1860,VESTVÅGØY,189606087,0,161.0,Fritidsbygg(hyttersommerh. ol,TB,Tatt i bruk,10101,10101,10101,114.0,,,56493567.0,Ramberg,8104.0,187.0,,,8360.0,BØSTAD
914941,1860,VESTVÅGØY,189606079,0,161.0,Fritidsbygg(hyttersommerh. ol,TB,Tatt i bruk,10101,10101,10101,90.0,,,56493562.0,Ramberg,8104.0,183.0,,,8360.0,BØSTAD
914942,1860,VESTVÅGØY,189606060,0,241.0,Hus for dyr/landbr.lager/silo,TB,Tatt i bruk,10101,10101,10101,94.0,,,,,,,,,,
914943,1860,VESTVÅGØY,189606052,1,161.0,Fritidsbygg(hyttersommerh. ol,FA,Ferdigattest,20050707,20050801,10101,7.0,,,,,,,,,,
914944,1860,VESTVÅGØY,189606052,0,161.0,Fritidsbygg(hyttersommerh. ol,TB,Tatt i bruk,10101,10101,10101,45.0,,,56493566.0,Ramberg,8104.0,181.0,,,8360.0,BØSTAD
914945,1860,VESTVÅGØY,189606044,0,161.0,Fritidsbygg(hyttersommerh. ol,TB,Tatt i bruk,10101,10101,18800101,47.0,,,56493595.0,Ramberg,8104.0,180.0,,,8360.0,BØSTAD
914946,1860,VESTVÅGØY,189606036,0,181.0,Garasjeuthus anneks til bolig,TB,Tatt i bruk,10101,10101,10101,17.0,,,,,,,,,,
914947,1860,VESTVÅGØY,189606028,0,111.0,Enebolig,TB,Tatt i bruk,10101,10101,10101,124.0,,,56493563.0,Ramberg,8104.0,171.0,,,8360.0,BØSTAD
914948,1860,VESTVÅGØY,189606001,0,111.0,Enebolig,TB,Tatt i bruk,10101,10101,10101,165.0,,,56493565.0,Ramberg,8104.0,175.0,,,8360.0,BØSTAD
914949,1860,VESTVÅGØY,189606338,0,111.0,Enebolig,TB,Tatt i bruk,10101,10101,19210101,61.0,,,56494242.0,Val,8111.0,30.0,,,8360.0,BØSTAD
914950,1860,VESTVÅGØY,189606311,0,181.0,Garasjeuthus anneks til bolig,TB,Tatt i bruk,10101,10101,19200101,54.0,,,,,,,,,,
914951,1860,VESTVÅGØY,189606303,0,183.0,Naust båthus sjøbu,TB,Tatt i bruk,10101,10101,19100101,26.0,,,,,,,,,,
914952,1860,VESTVÅGØY,189606281,0,161.0,Fritidsbygg(hyttersommerh. ol,TB,Tatt i bruk,10101,10101,10101,157.1,,,56494999.0,,,,,0.0,8360.0,BØSTAD
914953,1860,VESTVÅGØY,189606273,0,161.0,Fritidsbygg(hyttersommerh. ol,TB,Tatt i bruk,10101,10101,10101,58.0,,,56494248.0,Val,8111.0,42.0,,,8360.0,BØSTAD
914954,1860,VESTVÅGØY,189606265,0,182.0,Garasjeuth.anneks til fritidb,TB,Tatt i bruk,10101,10101,10101,29.0,,,,,,,,,,
914955,1860,VESTVÅGØY,189606257,0,181.0,Garasjeuthus anneks til bolig,TB,Tatt i bruk,10101,10101,19390101,74.0,,,,,,,,,,
914956,1860,VESTVÅGØY,189606249,0,162.0,Helårsb.benyttes som fritidsb.,TB,Tatt i bruk,10101,10101,10101,115.0,,,56494244.0,Val,8111.0,32.0,,,8360.0,BØSTAD
914957,1860,VESTVÅGØY,189606230,0,111.0,Enebolig,TB,Tatt i bruk,10101,10101,19560101,96.0,,,56494243.0,Val,8111.0,34.0,,,8360.0,BØSTAD
914958,1860,VESTVÅGØY,189606222,0,111.0,Enebolig,TB,Tatt i bruk,10101,10101,10101,69.0,,,56494245.0,Val,8111.0,36.0,,,8360.0,BØSTAD
914959,1860,VESTVÅGØY,189606214,0,181.0,Garasjeuthus anneks til bolig,TB,Tatt i bruk,10101,10101,10101,50.0,,,,,,,,,,
914960,1860,VESTVÅGØY,189606206,0,161.0,Fritidsbygg(hyttersommerh. ol,TB,Tatt i bruk,10101,10101,10101,45.0,,,56494247.0,Val,8111.0,40.0,,,8360.0,BØSTAD
914961,1860,VESTVÅGØY,189606192,0,181.0,Garasjeuthus anneks til bolig,TB,Tatt i bruk,10101,10101,10101,8.0,,,,,,,,,,
914962,1860,VESTVÅGØY,189606184,0,161.0,Fritidsbygg(hyttersommerh. ol,TB,Tatt i bruk,10101,10101,10101,98.0,,,56494246.0,Val,8111.0,38.0,,,8360.0,BØSTAD
914963,1860,VESTVÅGØY,189606176,0,161.0,Fritidsbygg(hyttersommerh. ol,TB,Tatt i bruk,10101,10101,10101,156.0,,,56493707.0,Haverringen,8110.0,172.0,,,8360.0,BØSTAD
914964,1860,VESTVÅGØY,189606168,0,181.0,Garasjeuthus anneks til bolig,TB,Tatt i bruk,10101,10101,10101,77.0,,,,,,,,,,
914965,1860,VESTVÅGØY,189607024,0,181.0,Garasjeuthus anneks til bolig,BR,Bygning revet/brent,10101,10101,10101,0.0,,,,,,,,,,
914966,1860,VESTVÅGØY,189607016,0,181.0,Garasjeuthus anneks til bolig,BR,Bygning revet/brent,10101,10101,10101,0.0,,,,,,,,,,
914967,1860,VESTVÅGØY,189607008,0,181.0,Garasjeuthus anneks til bolig,TB,Tatt i bruk,10101,10101,10101,21.0,,,,,,,,,,
914968,1860,VESTVÅGØY,189606990,0,181.0,Garasjeuthus anneks til bolig,TB,Tatt i bruk,10101,10101,10101,127.0,,,,,,,,,,
914969,1860,VESTVÅGØY,189606982,0,181.0,Garasjeuthus anneks til bolig,TB,Tatt i bruk,10101,10101,10101,58.0,,,,,,,,,,
914970,1860,VESTVÅGØY,189606826,0,161.0,Fritidsbygg(hyttersommerh. ol,TB,Tatt i bruk,10101,10101,19300101,91.0,,,56493597.0,Ellstadveien,8105.0,168.0,,,8360.0,BØSTAD
914971,1860,VESTVÅGØY,189606818,0,161.0,Fritidsbygg(hyttersommerh. ol,TB,Tatt i bruk,10101,10101,18500101,48.0,,,56493578.0,Ellstadveien,8105.0,171.0,,,8360.0,BØSTAD
914972,1860,VESTVÅGØY,189606796,0,171.0,Seterhus sel rorbu o.l.,TB,Tatt i bruk,10101,10101,10101,33.0,,,,,,,,,,
914973,1860,VESTVÅGØY,189606788,0,244.0,Driftsb. fiske/fangst/oppdr,TB,Tatt i bruk,10101,10101,10101,166.0,,,,,,,,,,
914974,1860,VESTVÅGØY,189606761,0,181.0,Garasjeuthus anneks til bolig,TB,Tatt i bruk,10101,10101,10101,40.0,,,,,,,,,,
914975,1860,VESTVÅGØY,189606753,0,111.0,Enebolig,TB,Tatt i bruk,10101,10101,10101,158.0,,,56493649.0,Sandveien,8108.0,15.0,,,8360.0,BØSTAD
914976,1860,VESTVÅGØY,189606745,0,111.0,Enebolig,TB,Tatt i bruk,10101,10101,19600101,181.0,,,56493612.0,Sandveien,8108.0,71.0,,,8360.0,BØSTAD
914977,1860,VESTVÅGØY,189606737,1,161.0,Fritidsbygg(hyttersommerh. ol,FA,Ferdigattest,20070911,20071011,10101,30.0,,,,,,,,,,
914978,1860,VESTVÅGØY,189606737,0,161.0,Fritidsbygg(hyttersommerh. ol,TB,Tatt i bruk,10101,10101,19200101,102.0,,,56493645.0,Sandveien,8108.0,86.0,,,8360.0,BØSTAD
914979,1860,VESTVÅGØY,189606729,0,111.0,Enebolig,TB,Tatt i bruk,10101,10101,19530101,81.0,,,56493615.0,Sandveien,8108.0,84.0,,,8360.0,BØSTAD
914980,1860,VESTVÅGØY,189606710,0,181.0,Garasjeuthus anneks til bolig,TB,Tatt i bruk,10101,10101,10101,17.0,,,,,,,,,,
914981,1860,VESTVÅGØY,189606702,0,181.0,Garasjeuthus anneks til bolig,TB,Tatt i bruk,10101,10101,10101,34.0,,,,,,,,,,
914982,1860,VESTVÅGØY,189606699,0,181.0,Garasjeuthus anneks til bolig,TB,Tatt i bruk,10101,10101,10101,46.0,,,,,,,,,,
914983,1860,VESTVÅGØY,189606680,0,111.0,Enebolig,TB,Tatt i bruk,10101,10101,10101,140.0,,,56493613.0,Sandveien,8108.0,76.0,,,8360.0,BØSTAD
914984,1860,VESTVÅGØY,189606672,0,111.0,Enebolig,TB,Tatt i bruk,10101,10101,19500101,103.0,,,56493614.0,Sandveien,8108.0,83.0,,,8360.0,BØSTAD
914985,1860,VESTVÅGØY,189606974,0,161.0,Fritidsbygg(hyttersommerh. ol,TB,Tatt i bruk,10101,10101,10101,85.0,,,56495000.0,,,,,0.0,8360.0,BØSTAD
914986,1860,VESTVÅGØY,189606966,0,163.0,Våningh. benyttes som fritidsb,TB,Tatt i bruk,10101,10101,10101,113.0,,,56497158.0,Høynes,8112.0,54.0,,,8360.0,BØSTAD
914987,1860,VESTVÅGØY,189606958,0,181.0,Garasjeuthus anneks til bolig,TB,Tatt i bruk,10101,10101,10101,30.0,,,,,,,,,,
914988,1860,VESTVÅGØY,189606931,0,181.0,Garasjeuthus anneks til bolig,TB,Tatt i bruk,10101,10101,10101,46.0,,,,,,,,,,
914989,1860,VESTVÅGØY,189606923,0,241.0,Hus for dyr/landbr.lager/silo,TB,Tatt i bruk,10101,10101,10101,189.0,,,,,,,,,,
914990,1860,VESTVÅGØY,189606915,0,111.0,Enebolig,TB,Tatt i bruk,10101,10101,10101,96.0,,,56497157.0,Høynes,8112.0,50.0,,,8360.0,BØSTAD
914991,1860,VESTVÅGØY,189606907,0,161.0,Fritidsbygg(hyttersommerh. ol,BR,Bygning revet/brent,10101,10101,10101,0.0,,,56497156.0,Høynes,8112.0,42.0,,,8360.0,BØSTAD
914992,1860,VESTVÅGØY,189606893,1,162.0,Helårsb.benyttes som fritidsb.,TB,Tatt i bruk,20040527,20040610,20050310,21.0,,,56497155.0,Høynes,8112.0,44.0,,,8360.0,BØSTAD
914993,1860,VESTVÅGØY,189606893,0,162.0,Helårsb.benyttes som fritidsb.,TB,Tatt i bruk,10101,10101,10101,76.0,,,56497155.0,Høynes,8112.0,44.0,,,8360.0,BØSTAD
914994,1860,VESTVÅGØY,189606885,0,181.0,Garasjeuthus anneks til bolig,BR,Bygning revet/brent,10101,10101,10101,0.0,,,,,,,,,,
914995,1860,VESTVÅGØY,189606877,0,181.0,Garasjeuthus anneks til bolig,TB,Tatt i bruk,10101,10101,10101,92.0,,,,,,,,,,
914996,1860,VESTVÅGØY,189606869,0,111.0,Enebolig,TB,Tatt i bruk,10101,10101,10101,120.0,,,56497154.0,Høynes,8112.0,35.0,,,8360.0,BØSTAD
914997,1860,VESTVÅGØY,189606850,0,182.0,Garasjeuth.anneks til fritidb,TB,Tatt i bruk,10101,10101,10101,25.0,,,,,,,,,,
914998,1860,VESTVÅGØY,189606842,0,182.0,Garasjeuth.anneks til fritidb,TB,Tatt i bruk,10101,10101,10101,113.0,,,,,,,,,,
914999,1860,VESTVÅGØY,189606834,0,182.0,Garasjeuth.anneks til fritidb,TB,Tatt i bruk,10101,10101,10101,133.0,,,,,,,,,,
915000,1860,VESTVÅGØY,189618603,0,111.0,Enebolig,TB,Tatt i bruk,10101,10101,10101,110.0,,,56488033.0,Haugsmyra,1035.0,49.0,,,8372.0,GRAVDAL
915001,1860,VESTVÅGØY,189621477,0,181.0,Garasjeuthus anneks til bolig,TB,Tatt i bruk,10101,10101,10101,23.0,,,,,,,,,,
915002,1860,VESTVÅGØY,189624476,0,181.0,Garasjeuthus anneks til bolig,TB,Tatt i bruk,10101,10101,19790101,13.0,,,,,,,,,,
915003,1860,VESTVÅGØY,189614756,0,183.0,Naust båthus sjøbu,TB,Tatt i bruk,10101,10101,10101,51.0,,,,,,,,,,
915004,1860,VESTVÅGØY,189621469,0,231.0,Lagerhall,TB,Tatt i bruk,10101,10101,10101,81.0,,,,,,,,,,
915005,1860,VESTVÅGØY,189624468,0,183.0,Naust båthus sjøbu,TB,Tatt i bruk,10101,10101,10101,28.0,,,,,,,,,,
915006,1860,VESTVÅGØY,189614748,0,249.0,Annen landbruksbygning,BR,Bygning revet/brent,10101,10101,10101,0.0,,,,,,,,,,
915007,1860,VESTVÅGØY,189618581,1,329.0,Annen forretningsbygning,TB,Tatt i bruk,20011121,20011201,20020501,82.0,,,56484490.0,Havnegata,1025.0,3.0,,,8372.0,GRAVDAL
915008,1860,VESTVÅGØY,189621450,0,181.0,Garasjeuthus anneks til bolig,TB,Tatt i bruk,10101,10101,10101,35.0,,,,,,,,,,
915009,1860,VESTVÅGØY,189624441,0,181.0,Garasjeuthus anneks til bolig,TB,Tatt i bruk,10101,10101,10101,15.0,,,,,,,,,,
915010,1860,VESTVÅGØY,189618581,0,329.0,Annen forretningsbygning,TB,Tatt i bruk,10101,10101,19800213,408.0,,,56484490.0,Havnegata,1025.0,3.0,,,8372.0,GRAVDAL
915011,1860,VESTVÅGØY,189621442,0,181.0,Garasjeuthus anneks til bolig,TB,Tatt i bruk,10101,10101,19500101,41.0,,,,,,,,,,
915012,1860,VESTVÅGØY,189624433,0,999.0,,TB,Tatt i bruk,10101,10101,10101,0.0,,,,,,,,,,
915013,1860,VESTVÅGØY,189614721,2,111.0,Enebolig,TB,Tatt i bruk,19990914,19991001,19991201,39.0,,,,,,,,,,
915014,1860,VESTVÅGØY,189618573,0,111.0,Enebolig,TB,Tatt i bruk,10101,10101,19780101,219.6,,,56484081.0,Risfaret,1015.0,3.0,,,8372.0,GRAVDAL
915015,1860,VESTVÅGØY,189621434,0,181.0,Garasjeuthus anneks til bolig,TB,Tatt i bruk,10101,10101,19500101,165.0,,,,,,,,,,
915016,1860,VESTVÅGØY,189624425,0,181.0,Garasjeuthus anneks til bolig,TB,Tatt i bruk,10101,10101,20060101,7.0,,,,,,,,,,
915017,1860,VESTVÅGØY,189618565,0,111.0,Enebolig,TB,Tatt i bruk,10101,10101,19800214,190.0,,,56484056.0,Skoleveien,1012.0,12.0,,,8372.0,GRAVDAL
915018,1860,VESTVÅGØY,189621426,0,241.0,Hus for dyr/landbr.lager/silo,BR,Bygning revet/brent,10101,10101,10101,0.0,,,,,,,,,,
915019,1860,VESTVÅGØY,189624417,0,181.0,Garasjeuthus anneks til bolig,TB,Tatt i bruk,10101,10101,20060101,10.0,,,,,,,,,,
915020,1860,VESTVÅGØY,189614721,1,111.0,Enebolig,TB,Tatt i bruk,19911003,19920601,19991022,31.0,,,,,,,,,,
915021,1860,VESTVÅGØY,189618557,0,111.0,Enebolig,TB,Tatt i bruk,10101,10101,19800311,173.0,,,56484048.0,Nesveien,1011.0,26.0,,,8372.0,GRAVDAL
915022,1860,VESTVÅGØY,189621418,0,181.0,Garasjeuthus anneks til bolig,TB,Tatt i bruk,10101,10101,10101,22.0,,,,,,,,,,
915023,1860,VESTVÅGØY,189624409,0,181.0,Garasjeuthus anneks til bolig,TB,Tatt i bruk,10101,10101,10101,14.0,,,,,,,,,,
915024,1860,VESTVÅGØY,189614721,0,111.0,Enebolig,TB,Tatt i bruk,10101,10101,19000101,102.0,,,56495696.0,Haugveien,1042.0,205.0,,,8372.0,GRAVDAL
915025,1860,VESTVÅGØY,189618549,0,111.0,Enebolig,TB,Tatt i bruk,10101,10101,19811110,185.0,,,56484015.0,Abelveien,1008.0,26.0,,,8372.0,GRAVDAL
915026,1860,VESTVÅGØY,189621396,0,111.0,Enebolig,TB,Tatt i bruk,10101,10101,19200101,182.8,,,56490948.0,Ramsvikveien,6004.0,186.0,,,8370.0,LEKNES
915027,1860,VESTVÅGØY,189624395,0,183.0,Naust båthus sjøbu,TB,Tatt i bruk,10101,10101,10101,41.0,,,,,,,,,,
915028,1860,VESTVÅGØY,189614713,0,183.0,Naust båthus sjøbu,BR,Bygning revet/brent,10101,10101,10101,0.0,,,,,,,,,,
915029,1860,VESTVÅGØY,189618530,0,111.0,Enebolig,GR,Bygning godkjent for riving/brenning,10101,10101,10101,39.0,,,56495722.0,Haugveien,1042.0,359.0,A,,8372.0,GRAVDAL
915030,1860,VESTVÅGØY,189621388,0,181.0,Garasjeuthus anneks til bolig,TB,Tatt i bruk,10101,10101,10101,12.0,,,,,,,,,,
915031,1860,VESTVÅGØY,189624387,0,999.0,,TB,Tatt i bruk,10101,10101,10101,0.0,,,,,,,,,,
915032,1860,VESTVÅGØY,189614705,0,241.0,Hus for dyr/landbr.lager/silo,BR,Bygning revet/brent,10101,10101,10101,0.0,,,,,,,,,,
915033,1860,VESTVÅGØY,189621361,0,181.0,Garasjeuthus anneks til bolig,TB,Tatt i bruk,10101,10101,10101,33.0,,,,,,,,,,
915034,1860,VESTVÅGØY,189624379,0,181.0,Garasjeuthus anneks til bolig,TB,Tatt i bruk,10101,10101,10101,12.0,,,,,,,,,,
915035,1860,VESTVÅGØY,189614691,0,241.0,Hus for dyr/landbr.lager/silo,BR,Bygning revet/brent,10101,10101,10101,0.0,,,,,,,,,,
915036,1860,VESTVÅGØY,189618514,1,111.0,Enebolig,TB,Tatt i bruk,20001204,20001205,20001206,15.0,,,,,,,,,,
915037,1860,VESTVÅGØY,189621353,0,181.0,Garasjeuthus anneks til bolig,TB,Tatt i bruk,10101,10101,10101,11.0,,,,,,,,,,
915038,1860,VESTVÅGØY,189624360,0,181.0,Garasjeuthus anneks til bolig,TB,Tatt i bruk,10101,10101,19900101,13.0,,,,,,,,,,
915039,1860,VESTVÅGØY,189614683,0,183.0,Naust båthus sjøbu,BR,Bygning revet/brent,10101,10101,10101,0.0,,,,,,,,,,
915040,1860,VESTVÅGØY,189618514,0,111.0,Enebolig,TB,Tatt i bruk,10101,10101,10101,183.0,,,56489979.0,Frøyveien,5004.0,15.0,,,8360.0,BØSTAD
915041,1860,VESTVÅGØY,189621345,0,181.0,Garasjeuthus anneks til bolig,TB,Tatt i bruk,10101,10101,10101,26.0,,,,,,,,,,
915042,1860,VESTVÅGØY,189624352,0,181.0,Garasjeuthus anneks til bolig,TB,Tatt i bruk,10101,10101,19900101,5.0,,,,,,,,,,
915043,1860,VESTVÅGØY,189614675,0,183.0,Naust båthus sjøbu,BR,Bygning revet/brent,10101,10101,10101,0.0,,,,,,,,,,
915044,1860,VESTVÅGØY,189621337,0,181.0,Garasjeuthus anneks til bolig,TB,Tatt i bruk,10101,10101,10101,21.0,,,,,,,,,,
915045,1860,VESTVÅGØY,189624344,0,183.0,Naust båthus sjøbu,TB,Tatt i bruk,10101,10101,19900101,20.0,,,,,,,,,,
915046,1860,VESTVÅGØY,189614667,0,163.0,Våningh. benyttes som fritidsb,BR,Bygning revet/brent,10101,10101,10101,0.0,,,,,,,,,,
915047,1860,VESTVÅGØY,189618506,1,111.0,Enebolig,TB,Tatt i bruk,20001003,20001020,20010901,40.0,,,56486592.0,Storeidmyra,3049.0,25.0,,,8370.0,LEKNES
915048,1860,VESTVÅGØY,189621329,1,111.0,Enebolig,TB,Tatt i bruk,10101,10101,19890222,42.0,,,,,,,,,,
915049,1860,VESTVÅGØY,189624336,0,183.0,Naust båthus sjøbu,TB,Tatt i bruk,10101,10101,10101,16.0,,,,,,,,,,
915050,1860,VESTVÅGØY,189614659,0,183.0,Naust båthus sjøbu,BR,Bygning revet/brent,10101,10101,10101,0.0,,,,,,,,,,
915051,1860,VESTVÅGØY,189618506,0,111.0,Enebolig,TB,Tatt i bruk,10101,10101,10101,60.0,,,56486592.0,Storeidmyra,3049.0,25.0,,,8370.0,LEKNES
915052,1860,VESTVÅGØY,189621329,0,111.0,Enebolig,TB,Tatt i bruk,10101,10101,19770308,161.0,,,56486622.0,Hagskarveien,3052.0,69.0,,,8370.0,LEKNES
915053,1860,VESTVÅGØY,189624328,0,181.0,Garasjeuthus anneks til bolig,BR,Bygning revet/brent,10101,10101,10101,11.0,,,,,,,,,,
915054,1860,VESTVÅGØY,189614640,0,241.0,Hus for dyr/landbr.lager/silo,BR,Bygning revet/brent,10101,10101,10101,0.0,,,,,,,,,,
915055,1860,VESTVÅGØY,189618492,0,241.0,Hus for dyr/landbr.lager/silo,BR,Bygning revet/brent,10101,10101,10101,0.0,,,,,,,,,,
915056,1860,VESTVÅGØY,189621310,0,111.0,Enebolig,TB,Tatt i bruk,10101,10101,10101,137.0,,,56486623.0,Hagskarveien,3052.0,70.0,,,8370.0,LEKNES
915057,1860,VESTVÅGØY,189624301,0,183.0,Naust båthus sjøbu,TB,Tatt i bruk,10101,10101,10101,51.0,,,,,,,,,,
915058,1860,VESTVÅGØY,189614632,0,113.0,Våningshus,BR,Bygning revet/brent,10101,10101,10101,0.0,,,,,,,,,,
915059,1860,VESTVÅGØY,189624654,0,181.0,Garasjeuthus anneks til bolig,TB,Tatt i bruk,10101,10101,10101,5.0,,,,,,,,,,
915060,1860,VESTVÅGØY,189614934,0,241.0,Hus for dyr/landbr.lager/silo,BR,Bygning revet/brent,10101,10101,10101,0.0,,,,,,,,,,
915061,1860,VESTVÅGØY,189621639,0,181.0,Garasjeuthus anneks til bolig,TB,Tatt i bruk,10101,10101,19850101,23.0,,,,,,,,,,
915062,1860,VESTVÅGØY,189624646,0,181.0,Garasjeuthus anneks til bolig,TB,Tatt i bruk,10101,10101,20020101,43.0,,,,,,,,,,
915063,1860,VESTVÅGØY,189614926,0,669.0,Annet kulturhus,TB,Tatt i bruk,10101,10101,18470101,114.0,,,,,,,,,,
915064,1860,VESTVÅGØY,189621620,0,181.0,Garasjeuthus anneks til bolig,BR,Bygning revet/brent,10101,10101,19800101,22.0,,,,,,,,,,
915065,1860,VESTVÅGØY,189624638,0,241.0,Hus for dyr/landbr.lager/silo,TB,Tatt i bruk,10101,10101,19450101,118.0,,,,,,,,,,
915066,1860,VESTVÅGØY,189614918,0,171.0,Seterhus sel rorbu o.l.,TB,Tatt i bruk,10101,10101,10101,60.0,,,,,,,,,,
915067,1860,VESTVÅGØY,189621612,0,111.0,Enebolig,TB,Tatt i bruk,10101,10101,19500101,102.0,,,56497189.0,Storvollveien,3036.0,127.0,,,8370.0,LEKNES
915068,1860,VESTVÅGØY,189624611,0,241.0,Hus for dyr/landbr.lager/silo,TB,Tatt i bruk,10101,10101,10101,92.0,,,,,,,,,,
915069,1860,VESTVÅGØY,189614896,0,183.0,Naust båthus sjøbu,BR,Bygning revet/brent,10101,10101,10101,0.0,,,,,,,,,,
915070,1860,VESTVÅGØY,189621604,0,181.0,Garasjeuthus anneks til bolig,TB,Tatt i bruk,10101,10101,19810101,31.0,,,,,,,,,,
915071,1860,VESTVÅGØY,189624603,0,241.0,Hus for dyr/landbr.lager/silo,TB,Tatt i bruk,10101,10101,10101,197.0,,,,,,,,,,
915072,1860,VESTVÅGØY,189614888,0,161.0,Fritidsbygg(hyttersommerh. ol,BR,Bygning revet/brent,10101,10101,10101,22.0,,,,,,,,,,
915073,1860,VESTVÅGØY,189621590,0,181.0,Garasjeuthus anneks til bolig,TB,Tatt i bruk,10101,10101,10101,11.0,,,,,,,,,,
915074,1860,VESTVÅGØY,189624581,0,181.0,Garasjeuthus anneks til bolig,TB,Tatt i bruk,10101,10101,19750101,39.0,,,,,,,,,,
915075,1860,VESTVÅGØY,189614861,0,212.0,Verkstedbygning,TB,Tatt i bruk,10101,10101,10101,0.0,,,,,,,,,,
915076,1860,VESTVÅGØY,189621582,0,181.0,Garasjeuthus anneks til bolig,TB,Tatt i bruk,10101,10101,19650101,35.0,,,,,,,,,,
915077,1860,VESTVÅGØY,189624573,0,181.0,Garasjeuthus anneks til bolig,TB,Tatt i bruk,10101,10101,10101,16.0,,,,,,,,,,
915078,1860,VESTVÅGØY,189614853,0,171.0,Seterhus sel rorbu o.l.,BR,Bygning revet/brent,10101,10101,10101,0.0,,,,,,,,,,
915079,1860,VESTVÅGØY,189618700,0,111.0,Enebolig,TB,Tatt i bruk,10101,10101,19500101,113.0,,,56488746.0,Ballstadlandet,2024.0,1.0,,,8373.0,BALLSTAD
915080,1860,VESTVÅGØY,189621574,0,181.0,Garasjeuthus anneks til bolig,TB,Tatt i bruk,10101,10101,19730101,15.0,,,,,,,,,,
915081,1860,VESTVÅGØY,189624565,0,181.0,Garasjeuthus anneks til bolig,TB,Tatt i bruk,10101,10101,10101,75.0,,,,,,,,,,
915082,1860,VESTVÅGØY,189614845,0,183.0,Naust båthus sjøbu,TB,Tatt i bruk,10101,10101,18600101,28.0,,,,,,,,,,
915083,1860,VESTVÅGØY,189618697,1,111.0,Enebolig,TB,Tatt i bruk,20031127,20031202,20040301,41.0,,,56485631.0,Granliveien,3008.0,15.0,,,8370.0,LEKNES
915084,1860,VESTVÅGØY,189621566,0,181.0,Garasjeuthus anneks til bolig,TB,Tatt i bruk,10101,10101,19900101,25.0,,,,,,,,,,
915085,1860,VESTVÅGØY,189624557,0,181.0,Garasjeuthus anneks til bolig,TB,Tatt i bruk,10101,10101,10101,18.0,,,,,,,,,,
915086,1860,VESTVÅGØY,189614837,0,111.0,Enebolig,TB,Tatt i bruk,10101,10101,19200101,48.0,,,56485019.0,Oppsåttveien,2007.0,8.0,,,8373.0,BALLSTAD
915087,1860,VESTVÅGØY,189618697,0,111.0,Enebolig,TB,Tatt i bruk,10101,10101,19450101,152.0,,,56485631.0,Granliveien,3008.0,15.0,,,8370.0,LEKNES
915088,1860,VESTVÅGØY,189621558,0,181.0,Garasjeuthus anneks til bolig,TB,Tatt i bruk,10101,10101,19850101,32.0,,,,,,,,,,
915089,1860,VESTVÅGØY,189624549,0,183.0,Naust båthus sjøbu,TB,Tatt i bruk,10101,10101,10101,41.0,,,,,,,,,,
915090,1860,VESTVÅGØY,189614829,0,182.0,Garasjeuth.anneks til fritidb,BR,Bygning revet/brent,10101,10101,10101,0.0,,,,,,,,,,
915091,1860,VESTVÅGØY,189618689,0,111.0,Enebolig,TB,Tatt i bruk,10101,10101,19801223,86.0,,,56485578.0,Hagebyveien,3004.0,19.0,,,8370.0,LEKNES
915092,1860,VESTVÅGØY,189621531,0,181.0,Garasjeuthus anneks til bolig,TB,Tatt i bruk,10101,10101,10101,15.0,,,,,,,,,,
915093,1860,VESTVÅGØY,189624530,0,181.0,Garasjeuthus anneks til bolig,TB,Tatt i bruk,10101,10101,10101,43.0,,,,,,,,,,
915094,1860,VESTVÅGØY,189614810,0,249.0,Annen landbruksbygning,TB,Tatt i bruk,10101,10101,10101,14.0,,,,,,,,,,
915095,1860,VESTVÅGØY,189618670,0,111.0,Enebolig,TB,Tatt i bruk,10101,10101,10101,189.0,,,56485570.0,Hagebyveien,3004.0,9.0,,,8370.0,LEKNES
915096,1860,VESTVÅGØY,189621523,0,181.0,Garasjeuthus anneks til bolig,TB,Tatt i bruk,10101,10101,10101,144.0,,,,,,,,,,
915097,1860,VESTVÅGØY,189624522,0,181.0,Garasjeuthus anneks til bolig,TB,Tatt i bruk,10101,10101,10101,22.0,,,,,,,,,,
915098,1860,VESTVÅGØY,189614802,0,241.0,Hus for dyr/landbr.lager/silo,BR,Bygning revet/brent,10101,10101,10101,0.0,,,,,,,,,,
915099,1860,VESTVÅGØY,189618662,0,111.0,Enebolig,TB,Tatt i bruk,10101,10101,19831228,234.0,,,56488738.0,Øver-Gjerstad,2023.0,4.0,,,8373.0,BALLSTAD
915100,1860,VESTVÅGØY,189621515,0,181.0,Garasjeuthus anneks til bolig,TB,Tatt i bruk,10101,10101,10101,103.0,,,,,,,,,,
915101,1860,VESTVÅGØY,189624514,0,181.0,Garasjeuthus anneks til bolig,TB,Tatt i bruk,10101,10101,20060101,8.0,,,,,,,,,,
915102,1860,VESTVÅGØY,189614799,0,183.0,Naust båthus sjøbu,BR,Bygning revet/brent,10101,10101,10101,0.0,,,,,,,,,,
915103,1860,VESTVÅGØY,189618654,0,111.0,Enebolig,TB,Tatt i bruk,10101,10101,19680101,181.0,,,56488522.0,Skottnesveien,1040.0,256.0,,,8373.0,BALLSTAD
915104,1860,VESTVÅGØY,189621507,0,231.0,Lagerhall,BR,Bygning revet/brent,10101,10101,10101,54.0,,,,,,,,,,
915105,1860,VESTVÅGØY,189624506,0,181.0,Garasjeuthus anneks til bolig,TB,Tatt i bruk,10101,10101,10101,5.0,,,,,,,,,,
915106,1860,VESTVÅGØY,189614780,0,181.0,Garasjeuthus anneks til bolig,TB,Tatt i bruk,10101,10101,10101,15.0,,,,,,,,,,
915107,1860,VESTVÅGØY,189618646,0,111.0,Enebolig,TB,Tatt i bruk,10101,10101,19500101,100.0,,,56488521.0,Skottnesveien,1040.0,252.0,,,8373.0,BALLSTAD
915108,1860,VESTVÅGØY,189621493,0,181.0,Garasjeuthus anneks til bolig,TB,Tatt i bruk,10101,10101,10101,12.0,,,,,,,,,,
915109,1860,VESTVÅGØY,189624492,0,171.0,Seterhus sel rorbu o.l.,TB,Tatt i bruk,10101,10101,10101,40.0,,,,,,,,,,
915110,1860,VESTVÅGØY,189614772,0,183.0,Naust båthus sjøbu,BR,Bygning revet/brent,10101,10101,10101,0.0,,,,,,,,,,
915111,1860,VESTVÅGØY,189618638,0,111.0,Enebolig,TB,Tatt i bruk,10101,10101,19590313,114.0,,,56488535.0,Skottnesveien,1040.0,250.0,,,8373.0,BALLSTAD
915112,1860,VESTVÅGØY,189621485,0,181.0,Garasjeuthus anneks til bolig,TB,Tatt i bruk,10101,10101,20000101,53.0,,,,,,,,,,
915113,1860,VESTVÅGØY,189624484,0,161.0,Fritidsbygg(hyttersommerh. ol,TB,Tatt i bruk,10101,10101,10101,38.0,,,,,,,,,,
915114,1860,VESTVÅGØY,189614764,0,244.0,Driftsb. fiske/fangst/oppdr,BR,Bygning revet/brent,10101,10101,10101,0.0,,,,,,,,,,
915115,1860,VESTVÅGØY,189618301,0,241.0,Hus for dyr/landbr.lager/silo,BR,Bygning revet/brent,10101,10101,10101,0.0,,,,,,,,,,
915116,1860,VESTVÅGØY,189621094,0,181.0,Garasjeuthus anneks til bolig,TB,Tatt i bruk,10101,10101,10101,14.0,,,,,,,,,,
915117,1860,VESTVÅGØY,189618298,0,241.0,Hus for dyr/landbr.lager/silo,BR,Bygning revet/brent,10101,10101,10101,0.0,,,,,,,,,,
915118,1860,VESTVÅGØY,189621086,0,181.0,Garasjeuthus anneks til bolig,TB,Tatt i bruk,10101,10101,10101,21.0,,,,,,,,,,
915119,1860,VESTVÅGØY,189618271,0,113.0,Våningshus,BR,Bygning revet/brent,10101,10101,10101,0.0,,,,,,,,,,
915120,1860,VESTVÅGØY,189621078,0,181.0,Garasjeuthus anneks til bolig,TB,Tatt i bruk,10101,10101,10101,65.0,,,,,,,,,,
915121,1860,VESTVÅGØY,189618263,0,241.0,Hus for dyr/landbr.lager/silo,BR,Bygning revet/brent,10101,10101,10101,0.0,,,,,,,,,,
915122,1860,VESTVÅGØY,189621051,0,181.0,Garasjeuthus anneks til bolig,TB,Tatt i bruk,10101,10101,10101,44.0,,,,,,,,,,
915123,1860,VESTVÅGØY,189618255,0,113.0,Våningshus,BR,Bygning revet/brent,10101,10101,10101,0.0,,,,,,,,,,
915124,1860,VESTVÅGØY,189621043,0,181.0,Garasjeuthus anneks til bolig,TB,Tatt i bruk,10101,10101,10101,44.0,,,,,,,,,,
915125,1860,VESTVÅGØY,189618247,0,322.0,Butikk/forretningsbygning,BR,Bygning revet/brent,10101,10101,10101,0.0,,,,,,,,,,
915126,1860,VESTVÅGØY,189621035,0,181.0,Garasjeuthus anneks til bolig,TB,Tatt i bruk,10101,10101,10101,128.0,,,,,,,,,,
915127,1860,VESTVÅGØY,189618239,0,113.0,Våningshus,BR,Bygning revet/brent,10101,10101,10101,0.0,,,,,,,,,,
915128,1860,VESTVÅGØY,189621027,0,181.0,Garasjeuthus anneks til bolig,TB,Tatt i bruk,10101,10101,19871210,62.0,,,,,,,,,,
915129,1860,VESTVÅGØY,189618220,0,241.0,Hus for dyr/landbr.lager/silo,BR,Bygning revet/brent,10101,10101,10101,0.0,,,,,,,,,,
915130,1860,VESTVÅGØY,189621019,0,181.0,Garasjeuthus anneks til bolig,BR,Bygning revet/brent,10101,10101,19950101,34.0,,,,,,,,,,
915131,1860,VESTVÅGØY,189618212,0,241.0,Hus for dyr/landbr.lager/silo,BR,Bygning revet/brent,10101,10101,10101,0.0,,,,,,,,,,
915132,1860,VESTVÅGØY,189621000,0,181.0,Garasjeuthus anneks til bolig,TB,Tatt i bruk,10101,10101,10101,17.0,,,,,,,,,,
915133,1860,VESTVÅGØY,189618204,0,322.0,Butikk/forretningsbygning,BR,Bygning revet/brent,10101,10101,10101,0.0,,,,,,,,,,
915134,1860,VESTVÅGØY,189620993,0,181.0,Garasjeuthus anneks til bolig,TB,Tatt i bruk,10101,10101,19850101,46.0,,,,,,,,,,
915135,1860,VESTVÅGØY,189618190,0,249.0,Annen landbruksbygning,BR,Bygning revet/brent,10101,10101,10101,0.0,,,,,,,,,,
915136,1860,VESTVÅGØY,189620985,0,181.0,Garasjeuthus anneks til bolig,TB,Tatt i bruk,10101,10101,10101,15.0,,,,,,,,,,
915137,1860,VESTVÅGØY,189618182,0,182.0,Garasjeuth.anneks til fritidb,TB,Tatt i bruk,10101,10101,10101,60.0,,,,,,,,,,
915138,1860,VESTVÅGØY,189620977,0,181.0,Garasjeuthus anneks til bolig,TB,Tatt i bruk,10101,10101,10101,27.0,,,,,,,,,,
915139,1860,VESTVÅGØY,189618174,0,183.0,Naust båthus sjøbu,BR,Bygning revet/brent,10101,10101,10101,0.0,,,,,,,,,,
915140,1860,VESTVÅGØY,189620969,0,181.0,Garasjeuthus anneks til bolig,TB,Tatt i bruk,10101,10101,10101,16.0,,,,,,,,,,
915141,1860,VESTVÅGØY,189618166,0,113.0,Våningshus,BR,Bygning revet/brent,10101,10101,10101,0.0,,,,,,,,,,
915142,1860,VESTVÅGØY,189620950,0,181.0,Garasjeuthus anneks til bolig,TB,Tatt i bruk,10101,10101,10101,21.0,,,,,,,,,,
915143,1860,VESTVÅGØY,189618158,0,113.0,Våningshus,BR,Bygning revet/brent,10101,10101,10101,0.0,,,,,,,,,,
915144,1860,VESTVÅGØY,189620942,0,181.0,Garasjeuthus anneks til bolig,TB,Tatt i bruk,10101,10101,19930101,45.0,,,,,,,,,,
915145,1860,VESTVÅGØY,189618131,0,241.0,Hus for dyr/landbr.lager/silo,BR,Bygning revet/brent,10101,10101,10101,0.0,,,,,,,,,,
915146,1860,VESTVÅGØY,189620934,0,161.0,Fritidsbygg(hyttersommerh. ol,BU,Bygningsnummer utgått,10101,10101,10101,28.0,,,,,,,,,,
915147,1860,VESTVÅGØY,189618484,0,111.0,Enebolig,BR,Bygning revet/brent,10101,10101,10101,0.0,,,,,,,,,,
915148,1860,VESTVÅGØY,189621302,0,181.0,Garasjeuthus anneks til bolig,TB,Tatt i bruk,10101,10101,19920101,29.0,,,,,,,,,,
915149,1860,VESTVÅGØY,189624298,0,181.0,Garasjeuthus anneks til bolig,TB,Tatt i bruk,10101,10101,10101,26.0,,,,,,,,,,
915150,1860,VESTVÅGØY,189614624,0,241.0,Hus for dyr/landbr.lager/silo,BR,Bygning revet/brent,10101,10101,10101,0.0,,,,,,,,,,
915151,1860,VESTVÅGØY,189618476,0,249.0,Annen landbruksbygning,BR,Bygning revet/brent,10101,10101,10101,0.0,,,,,,,,,,
915152,1860,VESTVÅGØY,189621280,0,181.0,Garasjeuthus anneks til bolig,TB,Tatt i bruk,10101,10101,10101,42.0,,,,,,,,,,
915153,1860,VESTVÅGØY,189624271,0,183.0,Naust båthus sjøbu,TB,Tatt i bruk,10101,10101,10101,40.0,,,,,,,,,,
915154,1860,VESTVÅGØY,189614616,0,113.0,Våningshus,BR,Bygning revet/brent,10101,10101,10101,0.0,,,56497027.0,Flesveien,1044.0,480.0,,,8372.0,GRAVDAL
915155,1860,VESTVÅGØY,189618468,0,111.0,Enebolig,BR,Bygning revet/brent,10101,10101,10101,0.0,,,,,,,,,,
915156,1860,VESTVÅGØY,189621272,0,181.0,Garasjeuthus anneks til bolig,TB,Tatt i bruk,10101,10101,10101,35.0,,,,,,,,,,
915157,1860,VESTVÅGØY,189624263,0,181.0,Garasjeuthus anneks til bolig,TB,Tatt i bruk,10101,10101,10101,5.0,,,,,,,,,,
915158,1860,VESTVÅGØY,189614608,0,241.0,Hus for dyr/landbr.lager/silo,BR,Bygning revet/brent,10101,10101,10101,0.0,,,,,,,,,,
915159,1860,VESTVÅGØY,189618441,0,171.0,Seterhus sel rorbu o.l.,BR,Bygning revet/brent,10101,10101,10101,0.0,,,,,,,,,,
915160,1860,VESTVÅGØY,189621264,0,181.0,Garasjeuthus anneks til bolig,TB,Tatt i bruk,10101,10101,10101,23.0,,,,,,,,,,
915161,1860,VESTVÅGØY,189624255,0,183.0,Naust båthus sjøbu,TB,Tatt i bruk,10101,10101,10101,27.0,,,,,,,,,,
915162,1860,VESTVÅGØY,189614594,0,241.0,Hus for dyr/landbr.lager/silo,BR,Bygning revet/brent,10101,10101,10101,0.0,,,,,,,,,,
915163,1860,VESTVÅGØY,189618433,0,241.0,Hus for dyr/landbr.lager/silo,BR,Bygning revet/brent,10101,10101,10101,0.0,,,,,,,,,,
915164,1860,VESTVÅGØY,189621256,0,239.0,Annen lagerbygning,TB,Tatt i bruk,10101,10101,10101,122.0,,,,,,,,,,
915165,1860,VESTVÅGØY,189624247,0,181.0,Garasjeuthus anneks til bolig,TB,Tatt i bruk,10101,10101,10101,16.0,,,,,,,,,,
915166,1860,VESTVÅGØY,189614586,0,111.0,Enebolig,BR,Bygning revet/brent,10101,10101,10101,0.0,,,,,,,,,,
915167,1860,VESTVÅGØY,189618425,0,171.0,Seterhus sel rorbu o.l.,BR,Bygning revet/brent,10101,10101,10101,0.0,,,,,,,,,,
915168,1860,VESTVÅGØY,189621248,0,181.0,Garasjeuthus anneks til bolig,TB,Tatt i bruk,10101,10101,10101,50.0,,,,,,,,,,
915169,1860,VESTVÅGØY,189614578,0,181.0,Garasjeuthus anneks til bolig,TB,Tatt i bruk,10101,10101,10101,8.0,,,,,,,,,,
915170,1860,VESTVÅGØY,189618417,0,241.0,Hus for dyr/landbr.lager/silo,BR,Bygning revet/brent,10101,10101,10101,0.0,,,,,,,,,,
915171,1860,VESTVÅGØY,189621221,0,181.0,Garasjeuthus anneks til bolig,TB,Tatt i bruk,10101,10101,10101,22.0,,,,,,,,,,
915172,1860,VESTVÅGØY,189624239,0,181.0,Garasjeuthus anneks til bolig,TB,Tatt i bruk,19840510,19840610,19840925,58.0,,,,,,,,,,
915173,1860,VESTVÅGØY,189614551,0,241.0,Hus for dyr/landbr.lager/silo,BR,Bygning revet/brent,10101,10101,10101,0.0,,,,,,,,,,
915174,1860,VESTVÅGØY,189618409,0,113.0,Våningshus,BR,Bygning revet/brent,10101,10101,10101,0.0,,,,,,,,,,
915175,1860,VESTVÅGØY,189621205,0,181.0,Garasjeuthus anneks til bolig,TB,Tatt i bruk,10101,10101,10101,17.0,,,,,,,,,,
915176,1860,VESTVÅGØY,189624220,0,111.0,Enebolig,TB,Tatt i bruk,10101,10101,19610101,97.0,,,56499020.0,Haukland,8312.0,47.0,,,8370.0,LEKNES
915177,1860,VESTVÅGØY,189614543,0,111.0,Enebolig,BR,Bygning revet/brent,10101,10101,10101,0.0,,,56498942.0,Sundsveien,1038.0,354.0,,,8372.0,GRAVDAL
915178,1860,VESTVÅGØY,189618395,0,161.0,Fritidsbygg(hyttersommerh. ol,TB,Tatt i bruk,10101,10101,10101,62.0,,,,,,,,,,
915179,1860,VESTVÅGØY,189621191,0,181.0,Garasjeuthus anneks til bolig,TB,Tatt i bruk,10101,10101,10101,44.0,,,,,,,,,,
915180,1860,VESTVÅGØY,189624212,0,181.0,Garasjeuthus anneks til bolig,TB,Tatt i bruk,10101,10101,10101,15.0,,,,,,,,,,
915181,1860,VESTVÅGØY,189614535,0,241.0,Hus for dyr/landbr.lager/silo,TB,Tatt i bruk,10101,10101,10101,44.0,,,,,,,,,,
915182,1860,VESTVÅGØY,189618387,0,662.0,Samfunnshus grendehus,TB,Tatt i bruk,10101,10101,10101,75.0,,,56493684.0,Haverringen,8110.0,798.0,,,8360.0,BØSTAD
915183,1860,VESTVÅGØY,189621175,0,181.0,Garasjeuthus anneks til bolig,TB,Tatt i bruk,10101,10101,10101,33.0,,,,,,,,,,
915184,1860,VESTVÅGØY,189624204,0,181.0,Garasjeuthus anneks til bolig,TB,Tatt i bruk,10101,10101,10101,10.0,,,,,,,,,,
915185,1860,VESTVÅGØY,189614527,0,241.0,Hus for dyr/landbr.lager/silo,TB,Tatt i bruk,10101,10101,19300101,44.0,,,,,,,,,,
915186,1860,VESTVÅGØY,189618379,0,241.0,Hus for dyr/landbr.lager/silo,BR,Bygning revet/brent,10101,10101,10101,0.0,,,,,,,,,,
915187,1860,VESTVÅGØY,189621167,0,181.0,Garasjeuthus anneks til bolig,TB,Tatt i bruk,10101,10101,19870101,20.0,,,,,,,,,,
915188,1860,VESTVÅGØY,189624190,0,183.0,Naust båthus sjøbu,TB,Tatt i bruk,10101,10101,19700101,21.0,,,,,,,,,,
915189,1860,VESTVÅGØY,189618360,0,181.0,Garasjeuthus anneks til bolig,BR,Bygning revet/brent,10101,10101,10101,0.0,,,,,,,,,,
915190,1860,VESTVÅGØY,189621159,0,181.0,Garasjeuthus anneks til bolig,TB,Tatt i bruk,10101,10101,10101,22.0,,,,,,,,,,
915191,1860,VESTVÅGØY,189624182,0,181.0,Garasjeuthus anneks til bolig,TB,Tatt i bruk,10101,10101,20000801,19.0,,,,,,,,,,
915192,1860,VESTVÅGØY,189618352,0,171.0,Seterhus sel rorbu o.l.,BR,Bygning revet/brent,10101,10101,10101,0.0,,,,,,,,,,
915193,1860,VESTVÅGØY,189621140,0,181.0,Garasjeuthus anneks til bolig,TB,Tatt i bruk,10101,10101,10101,58.0,,,,,,,,,,
915194,1860,VESTVÅGØY,189618344,0,111.0,Enebolig,BR,Bygning revet/brent,10101,10101,10101,0.0,,,,,,,,,,
915195,1860,VESTVÅGØY,189621132,0,181.0,Garasjeuthus anneks til bolig,TB,Tatt i bruk,10101,10101,10101,14.0,,,,,,,,,,
915196,1860,VESTVÅGØY,189618336,0,111.0,Enebolig,BR,Bygning revet/brent,10101,10101,10101,0.0,,,,,,,,,,
915197,1860,VESTVÅGØY,189621124,0,181.0,Garasjeuthus anneks til bolig,BR,Bygning revet/brent,10101,10101,10101,22.0,,,,,,,,,,
915198,1860,VESTVÅGØY,189618328,0,241.0,Hus for dyr/landbr.lager/silo,BR,Bygning revet/brent,10101,10101,10101,0.0,,,,,,,,,,
915199,1860,VESTVÅGØY,189621116,0,181.0,Garasjeuthus anneks til bolig,BR,Bygning revet/brent,10101,10101,10101,39.0,,,,,,,,,,
915200,1860,VESTVÅGØY,189625146,0,181.0,Garasjeuthus anneks til bolig,TB,Tatt i bruk,10101,10101,19100101,10.0,,,,,,,,,,
915201,1860,VESTVÅGØY,189625138,0,181.0,Garasjeuthus anneks til bolig,TB,Tatt i bruk,10101,10101,10101,8.0,,,,,,,,,,
915202,1860,VESTVÅGØY,189625111,0,181.0,Garasjeuthus anneks til bolig,TB,Tatt i bruk,10101,10101,10101,23.0,,,,,,,,,,
915203,1860,VESTVÅGØY,189615434,0,171.0,Seterhus sel rorbu o.l.,BR,Bygning revet/brent,10101,10101,10101,0.0,,,,,,,,,,
915204,1860,VESTVÅGØY,189625103,0,183.0,Naust båthus sjøbu,TB,Tatt i bruk,10101,10101,19900101,18.0,,,,,,,,,,
915205,1860,VESTVÅGØY,189615426,0,113.0,Våningshus,BR,Bygning revet/brent,10101,10101,10101,0.0,,,,,,,,,,
915206,1860,VESTVÅGØY,189625081,0,183.0,Naust båthus sjøbu,TB,Tatt i bruk,10101,10101,10101,16.0,,,,,,,,,,
915207,1860,VESTVÅGØY,189615418,0,113.0,Våningshus,BR,Bygning revet/brent,10101,10101,10101,0.0,,,,,,,,,,
915208,1860,VESTVÅGØY,189625073,0,183.0,Naust båthus sjøbu,TB,Tatt i bruk,10101,10101,10101,18.0,,,,,,,,,,
915209,1860,VESTVÅGØY,189615396,0,613.0,Barneskole,BR,Bygning revet/brent,10101,10101,10101,0.0,,,,,,,,,,
915210,1860,VESTVÅGØY,189625065,0,183.0,Naust båthus sjøbu,TB,Tatt i bruk,10101,10101,10101,24.0,,,,,,,,,,
915211,1860,VESTVÅGØY,189615388,0,241.0,Hus for dyr/landbr.lager/silo,BR,Bygning revet/brent,10101,10101,10101,0.0,,,,,,,,,,
915212,1860,VESTVÅGØY,189625057,0,181.0,Garasjeuthus anneks til bolig,TB,Tatt i bruk,10101,10101,10101,11.0,,,,,,,,,,
915213,1860,VESTVÅGØY,189615361,0,113.0,Våningshus,BR,Bygning revet/brent,10101,10101,10101,0.0,,,,,,,,,,
915214,1860,VESTVÅGØY,189615353,0,183.0,Naust båthus sjøbu,BR,Bygning revet/brent,10101,10101,10101,0.0,,,,,,,,,,
915215,1860,VESTVÅGØY,189625049,0,524.0,Camping/utleiehytte,TB,Tatt i bruk,19840322,19840422,19840904,31.0,,,,,,,,,,
915216,1860,VESTVÅGØY,189615345,0,113.0,Våningshus,BR,Bygning revet/brent,10101,10101,10101,0.0,,,,,,,,,,
915217,1860,VESTVÅGØY,189615337,0,241.0,Hus for dyr/landbr.lager/silo,BR,Bygning revet/brent,10101,10101,10101,0.0,,,,,,,,,,
915218,1860,VESTVÅGØY,189625030,0,524.0,Camping/utleiehytte,TB,Tatt i bruk,19840322,19840422,19840904,31.0,,,,,,,,,,
915219,1860,VESTVÅGØY,189615329,0,241.0,Hus for dyr/landbr.lager/silo,TB,Tatt i bruk,10101,10101,10101,77.0,,,,,,,,,,
915220,1860,VESTVÅGØY,189615310,0,181.0,Garasjeuthus anneks til bolig,GR,Bygning godkjent for riving/brenning,10101,10101,19000101,51.0,,,,,,,,,,
915221,1860,VESTVÅGØY,189625022,0,524.0,Camping/utleiehytte,TB,Tatt i bruk,19840322,19840422,19840904,31.0,,,,,,,,,,
915222,1860,VESTVÅGØY,189615302,0,183.0,Naust båthus sjøbu,TB,Tatt i bruk,10101,10101,10101,19.0,,,,,,,,,,
915223,1860,VESTVÅGØY,189625014,0,181.0,Garasjeuthus anneks til bolig,TB,Tatt i bruk,10101,10101,10101,36.0,,,,,,,,,,
915224,1860,VESTVÅGØY,189615299,0,241.0,Hus for dyr/landbr.lager/silo,BR,Bygning revet/brent,10101,10101,10101,0.0,,,,,,,,,,
915225,1860,VESTVÅGØY,189615280,0,181.0,Garasjeuthus anneks til bolig,TB,Tatt i bruk,10101,10101,10101,10.0,,,,,,,,,,
915226,1860,VESTVÅGØY,189625286,0,181.0,Garasjeuthus anneks til bolig,TB,Tatt i bruk,10101,10101,10101,15.0,,,,,,,,,,
915227,1860,VESTVÅGØY,189625278,0,181.0,Garasjeuthus anneks til bolig,TB,Tatt i bruk,10101,10101,10101,13.0,,,,,,,,,,
915228,1860,VESTVÅGØY,189625251,0,181.0,Garasjeuthus anneks til bolig,TB,Tatt i bruk,10101,10101,10101,40.0,,,,,,,,,,
915229,1860,VESTVÅGØY,189625243,0,181.0,Garasjeuthus anneks til bolig,TB,Tatt i bruk,10101,10101,19490101,11.0,,,,,,,,,,
915230,1860,VESTVÅGØY,189625235,0,183.0,Naust båthus sjøbu,TB,Tatt i bruk,10101,10101,10101,26.0,,,,,,,,,,
915231,1860,VESTVÅGØY,189625227,0,181.0,Garasjeuthus anneks til bolig,BR,Bygning revet/brent,10101,10101,10101,8.0,,,,,,,,,,
915232,1860,VESTVÅGØY,189625219,0,181.0,Garasjeuthus anneks til bolig,TB,Tatt i bruk,10101,10101,10101,31.0,,,,,,,,,,
915233,1860,VESTVÅGØY,189625200,0,183.0,Naust båthus sjøbu,TB,Tatt i bruk,10101,10101,10101,19.0,,,,,,,,,,
915234,1860,VESTVÅGØY,189625197,0,181.0,Garasjeuthus anneks til bolig,TB,Tatt i bruk,10101,10101,10101,13.0,,,,,,,,,,
915235,1860,VESTVÅGØY,189625189,0,181.0,Garasjeuthus anneks til bolig,TB,Tatt i bruk,10101,10101,10101,18.0,,,,,,,,,,
915236,1860,VESTVÅGØY,189625170,0,181.0,Garasjeuthus anneks til bolig,TB,Tatt i bruk,10101,10101,10101,21.0,,,,,,,,,,
915237,1860,VESTVÅGØY,189625162,0,181.0,Garasjeuthus anneks til bolig,TB,Tatt i bruk,10101,10101,10101,8.0,,,,,,,,,,
915238,1860,VESTVÅGØY,189625154,0,181.0,Garasjeuthus anneks til bolig,TB,Tatt i bruk,19810827,10101,19820101,4.0,,,,,,,,,,
915239,1860,VESTVÅGØY,189624824,0,182.0,Garasjeuth.anneks til fritidb,TB,Tatt i bruk,10101,10101,10101,7.0,,,,,,,,,,
915240,1860,VESTVÅGØY,189615108,0,241.0,Hus for dyr/landbr.lager/silo,BR,Bygning revet/brent,10101,10101,10101,0.0,,,,,,,,,,
915241,1860,VESTVÅGØY,189621795,0,212.0,Verkstedbygning,TB,Tatt i bruk,10101,10101,19800101,338.0,,,,,,,,,,
915242,1860,VESTVÅGØY,189624816,0,182.0,Garasjeuth.anneks til fritidb,TB,Tatt i bruk,10101,10101,10101,20.0,,,,,,,,,,
915243,1860,VESTVÅGØY,189615094,0,241.0,Hus for dyr/landbr.lager/silo,BR,Bygning revet/brent,10101,10101,10101,0.0,,,,,,,,,,
915244,1860,VESTVÅGØY,189621787,0,181.0,Garasjeuthus anneks til bolig,TB,Tatt i bruk,10101,10101,10101,17.0,,,,,,,,,,
915245,1860,VESTVÅGØY,189624808,0,181.0,Garasjeuthus anneks til bolig,TB,Tatt i bruk,10101,10101,10101,8.0,,,,,,,,,,
915246,1860,VESTVÅGØY,189615086,0,183.0,Naust båthus sjøbu,BR,Bygning revet/brent,10101,10101,10101,0.0,,,,,,,,,,
915247,1860,VESTVÅGØY,189621779,0,181.0,Garasjeuthus anneks til bolig,TB,Tatt i bruk,10101,10101,10101,41.0,,,,,,,,,,
915248,1860,VESTVÅGØY,189624794,0,181.0,Garasjeuthus anneks til bolig,TB,Tatt i bruk,10101,10101,10101,5.0,,,,,,,,,,
915249,1860,VESTVÅGØY,189615078,0,183.0,Naust båthus sjøbu,BR,Bygning revet/brent,10101,10101,10101,0.0,,,,,,,,,,
915250,1860,VESTVÅGØY,189621760,0,181.0,Garasjeuthus anneks til bolig,BR,Bygning revet/brent,10101,10101,10101,21.0,,,,,,,,,,
915251,1860,VESTVÅGØY,189624786,0,999.0,,TB,Tatt i bruk,10101,10101,10101,0.0,,,,,,,,,,
915252,1860,VESTVÅGØY,189615051,0,183.0,Naust båthus sjøbu,BR,Bygning revet/brent,10101,10101,10101,0.0,,,,,,,,,,
915253,1860,VESTVÅGØY,189621752,0,181.0,Garasjeuthus anneks til bolig,TB,Tatt i bruk,10101,10101,10101,32.0,,,,,,,,,,
915254,1860,VESTVÅGØY,189624778,0,181.0,Garasjeuthus anneks til bolig,TB,Tatt i bruk,10101,10101,10101,15.0,,,,,,,,,,
915255,1860,VESTVÅGØY,189615043,0,615.0,Komb. barne- og ungdomsskole,TB,Tatt i bruk,10101,10101,18900101,176.0,,,,,,,,,,
915256,1860,VESTVÅGØY,189621744,0,231.0,Lagerhall,TB,Tatt i bruk,10101,10101,10101,168.0,,,,,,,,,,
915257,1860,VESTVÅGØY,189624751,0,181.0,Garasjeuthus anneks til bolig,TB,Tatt i bruk,10101,10101,10101,14.0,,,,,,,,,,
915258,1860,VESTVÅGØY,189615035,0,241.0,Hus for dyr/landbr.lager/silo,BR,Bygning revet/brent,10101,10101,10101,0.0,,,,,,,,,,
915259,1860,VESTVÅGØY,189621736,0,181.0,Garasjeuthus anneks til bolig,TB,Tatt i bruk,10101,10101,10101,17.0,,,,,,,,,,
915260,1860,VESTVÅGØY,189624743,0,181.0,Garasjeuthus anneks til bolig,TB,Tatt i bruk,10101,10101,10101,17.0,,,,,,,,,,
915261,1860,VESTVÅGØY,189615027,0,111.0,Enebolig,BR,Bygning revet/brent,10101,10101,10101,0.0,,,,,,,,,,
915262,1860,VESTVÅGØY,189621728,0,181.0,Garasjeuthus anneks til bolig,TB,Tatt i bruk,10101,10101,10101,59.0,,,,,,,,,,
915263,1860,VESTVÅGØY,189624735,0,524.0,Camping/utleiehytte,TB,Tatt i bruk,10101,10101,10101,37.0,,,,,,,,,,
915264,1860,VESTVÅGØY,189615019,0,181.0,Garasjeuthus anneks til bolig,BR,Bygning revet/brent,10101,10101,10101,104.0,,,,,,,,,,
915265,1860,VESTVÅGØY,189621701,0,181.0,Garasjeuthus anneks til bolig,TB,Tatt i bruk,10101,10101,19550101,101.0,,,,,,,,,,
915266,1860,VESTVÅGØY,189624727,0,524.0,Camping/utleiehytte,TB,Tatt i bruk,10101,10101,10101,37.0,,,,,,,,,,
915267,1860,VESTVÅGØY,189615000,0,183.0,Naust båthus sjøbu,BR,Bygning revet/brent,10101,10101,10101,0.0,,,,,,,,,,
915268,1860,VESTVÅGØY,189624719,0,524.0,Camping/utleiehytte,TB,Tatt i bruk,10101,10101,10101,37.0,,,,,,,,,,
915269,1860,VESTVÅGØY,189614993,0,241.0,Hus for dyr/landbr.lager/silo,BR,Bygning revet/brent,10101,10101,10101,0.0,,,,,,,,,,
915270,1860,VESTVÅGØY,189621698,0,181.0,Garasjeuthus anneks til bolig,TB,Tatt i bruk,19911201,19911215,19940111,56.0,,,,,,,,,,
915271,1860,VESTVÅGØY,189624700,0,181.0,Garasjeuthus anneks til bolig,TB,Tatt i bruk,10101,10101,10101,69.0,,,,,,,,,,
915272,1860,VESTVÅGØY,189614985,0,181.0,Garasjeuthus anneks til bolig,BR,Bygning revet/brent,10101,10101,10101,19.0,,,,,,,,,,
915273,1860,VESTVÅGØY,189621671,0,161.0,Fritidsbygg(hyttersommerh. ol,TB,Tatt i bruk,10101,10101,10101,120.0,,,,,,,,,,
915274,1860,VESTVÅGØY,189624697,0,181.0,Garasjeuthus anneks til bolig,TB,Tatt i bruk,10101,10101,10101,33.0,,,,,,,,,,
915275,1860,VESTVÅGØY,189614977,0,111.0,Enebolig,BR,Bygning revet/brent,10101,10101,10101,0.0,,,,,,,,,,
915276,1860,VESTVÅGØY,189624689,0,181.0,Garasjeuthus anneks til bolig,TB,Tatt i bruk,10101,10101,10101,5.0,,,,,,,,,,
915277,1860,VESTVÅGØY,189614969,0,183.0,Naust båthus sjøbu,BR,Bygning revet/brent,10101,10101,10101,0.0,,,,,,,,,,
915278,1860,VESTVÅGØY,189621663,0,136.0,Andre småhus m/3 boliger el fl,TB,Tatt i bruk,19821101,19821201,19830906,355.0,,,56497840.0,Granliveien,3008.0,23.0,B,,8370.0,LEKNES
915279,1860,VESTVÅGØY,189624670,0,181.0,Garasjeuthus anneks til bolig,TB,Tatt i bruk,10101,10101,10101,59.0,,,,,,,,,,
915280,1860,VESTVÅGØY,189614950,0,183.0,Naust båthus sjøbu,BR,Bygning revet/brent,10101,10101,10101,0.0,,,,,,,,,,
915281,1860,VESTVÅGØY,189624662,0,181.0,Garasjeuthus anneks til bolig,TB,Tatt i bruk,10101,10101,10101,26.0,,,,,,,,,,
915282,1860,VESTVÅGØY,189614942,0,161.0,Fritidsbygg(hyttersommerh. ol,TB,Tatt i bruk,10101,10101,10101,48.0,,,56496363.0,Kræmmervikveien,2017.0,44.0,,,8373.0,BALLSTAD
915283,1860,VESTVÅGØY,189621647,0,181.0,Garasjeuthus anneks til bolig,TB,Tatt i bruk,19861124,19871225,19890502,41.0,,,,,,,,,,
915284,1860,VESTVÅGØY,189625006,0,524.0,Camping/utleiehytte,TB,Tatt i bruk,19840322,19840422,19840904,31.0,,,,,,,,,,
915285,1860,VESTVÅGØY,189615272,0,241.0,Hus for dyr/landbr.lager/silo,BR,Bygning revet/brent,10101,10101,10101,0.0,,,,,,,,,,
915286,1860,VESTVÅGØY,189624999,0,181.0,Garasjeuthus anneks til bolig,TB,Tatt i bruk,10101,10101,10101,68.0,,,,,,,,,,
915287,1860,VESTVÅGØY,189615264,0,113.0,Våningshus,BR,Bygning revet/brent,10101,10101,10101,0.0,,,,,,,,,,
915288,1860,VESTVÅGØY,189624980,0,241.0,Hus for dyr/landbr.lager/silo,TB,Tatt i bruk,10101,10101,10101,335.0,,,,,,,,,,
915289,1860,VESTVÅGØY,189615256,0,241.0,Hus for dyr/landbr.lager/silo,BR,Bygning revet/brent,10101,10101,10101,0.0,,,,,,,,,,
915290,1860,VESTVÅGØY,189624972,0,183.0,Naust båthus sjøbu,TB,Tatt i bruk,10101,10101,19750101,25.0,,,,,,,,,,
915291,1860,VESTVÅGØY,189615248,0,241.0,Hus for dyr/landbr.lager/silo,BR,Bygning revet/brent,10101,10101,10101,0.0,,,,,,,,,,
915292,1860,VESTVÅGØY,189624964,0,181.0,Garasjeuthus anneks til bolig,TB,Tatt i bruk,10101,10101,10101,64.0,,,,,,,,,,
915293,1860,VESTVÅGØY,189615221,0,113.0,Våningshus,BR,Bygning revet/brent,10101,10101,10101,0.0,,,,,,,,,,
915294,1860,VESTVÅGØY,189621922,0,181.0,Garasjeuthus anneks til bolig,TB,Tatt i bruk,10101,10101,19860101,95.0,,,,,,,,,,
915295,1860,VESTVÅGØY,189624948,0,182.0,Garasjeuth.anneks til fritidb,TB,Tatt i bruk,10101,10101,19890101,15.0,,,,,,,,,,
915296,1860,VESTVÅGØY,189615213,0,241.0,Hus for dyr/landbr.lager/silo,BR,Bygning revet/brent,10101,10101,10101,0.0,,,,,,,,,,
915297,1860,VESTVÅGØY,189621914,0,181.0,Garasjeuthus anneks til bolig,TB,Tatt i bruk,10101,10101,19891206,32.0,,,,,,,,,,
915298,1860,VESTVÅGØY,189624921,0,161.0,Fritidsbygg(hyttersommerh. ol,TB,Tatt i bruk,10101,10101,19890101,37.0,,,,,,,,,,
915299,1860,VESTVÅGØY,189615205,0,241.0,Hus for dyr/landbr.lager/silo,BR,Bygning revet/brent,10101,10101,10101,0.0,,,,,,,,,,
915300,1860,VESTVÅGØY,189621906,0,181.0,Garasjeuthus anneks til bolig,TB,Tatt i bruk,10101,10101,19831125,42.0,,,,,,,,,,
915301,1860,VESTVÅGØY,189624913,0,241.0,Hus for dyr/landbr.lager/silo,TB,Tatt i bruk,10101,10101,19590101,21.0,,,,,,,,,,
915302,1860,VESTVÅGØY,189615191,0,183.0,Naust båthus sjøbu,TB,Tatt i bruk,10101,10101,10101,62.0,,,,,,,,,,
915303,1860,VESTVÅGØY,189621892,0,161.0,Fritidsbygg(hyttersommerh. ol,TB,Tatt i bruk,10101,10101,19500101,27.0,,,56498252.0,Storeidgrenda,1051.0,30.0,,,8372.0,GRAVDAL
915304,1860,VESTVÅGØY,189624905,0,181.0,Garasjeuthus anneks til bolig,TB,Tatt i bruk,10101,10101,19590101,18.0,,,,,,,,,,
915305,1860,VESTVÅGØY,189615183,0,183.0,Naust båthus sjøbu,TB,Tatt i bruk,10101,10101,10101,28.0,,,,,,,,,,
915306,1860,VESTVÅGØY,189621884,0,181.0,Garasjeuthus anneks til bolig,TB,Tatt i bruk,10101,10101,10101,32.0,,,,,,,,,,
915307,1860,VESTVÅGØY,189624891,0,181.0,Garasjeuthus anneks til bolig,TB,Tatt i bruk,10101,10101,10101,42.0,,,,,,,,,,
915308,1860,VESTVÅGØY,189615175,0,183.0,Naust båthus sjøbu,BR,Bygning revet/brent,10101,10101,10101,0.0,,,,,,,,,,
915309,1860,VESTVÅGØY,189621876,0,181.0,Garasjeuthus anneks til bolig,TB,Tatt i bruk,10101,10101,10101,30.0,,,,,,,,,,
915310,1860,VESTVÅGØY,189624883,0,182.0,Garasjeuth.anneks til fritidb,TB,Tatt i bruk,10101,10101,10101,8.0,,,,,,,,,,
915311,1860,VESTVÅGØY,189615167,0,113.0,Våningshus,BR,Bygning revet/brent,10101,10101,10101,0.0,,,,,,,,,,
915312,1860,VESTVÅGØY,189621868,0,183.0,Naust båthus sjøbu,TB,Tatt i bruk,10101,10101,10101,26.0,,,,,,,,,,
915313,1860,VESTVÅGØY,189624875,0,161.0,Fritidsbygg(hyttersommerh. ol,TB,Tatt i bruk,10101,10101,10101,41.0,,,56489920.0,Torbergjorda,4050.0,14.0,,,8340.0,STAMSUND
915314,1860,VESTVÅGØY,189615159,0,241.0,Hus for dyr/landbr.lager/silo,BR,Bygning revet/brent,10101,10101,10101,0.0,,,,,,,,,,
915315,1860,VESTVÅGØY,189621841,0,181.0,Garasjeuthus anneks til bolig,TB,Tatt i bruk,10101,10101,10101,35.0,,,,,,,,,,
915316,1860,VESTVÅGØY,189624867,0,182.0,Garasjeuth.anneks til fritidb,TB,Tatt i bruk,10101,10101,10101,17.0,,,,,,,,,,
915317,1860,VESTVÅGØY,189615140,0,182.0,Garasjeuth.anneks til fritidb,TB,Tatt i bruk,10101,10101,10101,36.0,,,,,,,,,,
915318,1860,VESTVÅGØY,189621833,0,241.0,Hus for dyr/landbr.lager/silo,GR,Bygning godkjent for riving/brenning,10101,10101,10101,37.0,,,,,,,,,,
915319,1860,VESTVÅGØY,189624859,0,182.0,Garasjeuth.anneks til fritidb,TB,Tatt i bruk,10101,10101,10101,9.0,,,,,,,,,,
915320,1860,VESTVÅGØY,189615132,0,111.0,Enebolig,TB,Tatt i bruk,10101,10101,10101,98.0,,,56491517.0,Kvalvika,6008.0,152.0,,,8370.0,LEKNES
915321,1860,VESTVÅGØY,189621825,1,181.0,Garasjeuthus anneks til bolig,TB,Tatt i bruk,10101,10101,19960101,37.0,,,,,,,,,,
915322,1860,VESTVÅGØY,189624840,0,182.0,Garasjeuth.anneks til fritidb,TB,Tatt i bruk,10101,10101,10101,11.0,,,,,,,,,,
915323,1860,VESTVÅGØY,189615124,0,241.0,Hus for dyr/landbr.lager/silo,TB,Tatt i bruk,10101,10101,10101,10.0,,,,,,,,,,
915324,1860,VESTVÅGØY,189621825,0,181.0,Garasjeuthus anneks til bolig,TB,Tatt i bruk,10101,10101,19740101,57.0,,,,,,,,,,
915325,1860,VESTVÅGØY,189624832,0,182.0,Garasjeuth.anneks til fritidb,TB,Tatt i bruk,10101,10101,10101,12.0,,,,,,,,,,
915326,1860,VESTVÅGØY,189615116,0,181.0,Garasjeuthus anneks til bolig,TB,Tatt i bruk,10101,10101,10101,23.0,,,,,,,,,,
915327,1860,VESTVÅGØY,189621809,0,181.0,Garasjeuthus anneks til bolig,TB,Tatt i bruk,10101,10101,19780101,28.0,,,,,,,,,,
915328,1860,VESTVÅGØY,189617941,0,111.0,Enebolig,BR,Bygning revet/brent,10101,10101,10101,0.0,,,,,,,,,,
915329,1860,VESTVÅGØY,189617933,0,111.0,Enebolig,BR,Bygning revet/brent,10101,10101,10101,0.0,,,,,,,,,,
915330,1860,VESTVÅGØY,189617925,0,241.0,Hus for dyr/landbr.lager/silo,BR,Bygning revet/brent,10101,10101,10101,0.0,,,,,,,,,,
915331,1860,VESTVÅGØY,189617917,0,183.0,Naust båthus sjøbu,BR,Bygning revet/brent,10101,10101,10101,0.0,,,,,,,,,,
915332,1860,VESTVÅGØY,189617909,0,113.0,Våningshus,BR,Bygning revet/brent,10101,10101,10101,0.0,,,,,,,,,,
915333,1860,VESTVÅGØY,189617895,0,183.0,Naust båthus sjøbu,BR,Bygning revet/brent,10101,10101,10101,0.0,,,,,,,,,,
915334,1860,VESTVÅGØY,189617887,0,249.0,Annen landbruksbygning,BR,Bygning revet/brent,10101,10101,10101,0.0,,,,,,,,,,
915335,1860,VESTVÅGØY,189617879,0,249.0,Annen landbruksbygning,BR,Bygning revet/brent,10101,10101,10101,0.0,,,,,,,,,,
915336,1860,VESTVÅGØY,189617860,0,241.0,Hus for dyr/landbr.lager/silo,BR,Bygning revet/brent,10101,10101,10101,0.0,,,,,,,,,,
915337,1860,VESTVÅGØY,189617852,0,183.0,Naust båthus sjøbu,TB,Tatt i bruk,10101,10101,10101,17.0,,,,,,,,,,
915338,1860,VESTVÅGØY,189617844,0,182.0,Garasjeuth.anneks til fritidb,TB,Tatt i bruk,10101,10101,10101,70.0,,,,,,,,,,
915339,1860,VESTVÅGØY,189617836,0,163.0,Våningh. benyttes som fritidsb,TB,Tatt i bruk,10101,10101,19200101,75.0,,,56493717.0,Haverringen,8110.0,936.0,,,8360.0,BØSTAD
915340,1860,VESTVÅGØY,189617828,0,241.0,Hus for dyr/landbr.lager/silo,BR,Bygning revet/brent,10101,10101,10101,0.0,,,,,,,,,,
915341,1860,VESTVÅGØY,189617801,0,181.0,Garasjeuthus anneks til bolig,TB,Tatt i bruk,10101,10101,19300101,26.0,,,,,,,,,,
915342,1860,VESTVÅGØY,189617798,0,113.0,Våningshus,BR,Bygning revet/brent,10101,10101,10101,0.0,,,,,,,,,,
915343,1860,VESTVÅGØY,189617771,0,241.0,Hus for dyr/landbr.lager/silo,BR,Bygning revet/brent,10101,10101,10101,0.0,,,,,,,,,,
915344,1860,VESTVÅGØY,189618123,0,241.0,Hus for dyr/landbr.lager/silo,BR,Bygning revet/brent,10101,10101,10101,0.0,,,,,,,,,,
915345,1860,VESTVÅGØY,189618115,0,244.0,Driftsb. fiske/fangst/oppdr,BR,Bygning revet/brent,10101,10101,10101,0.0,,,,,,,,,,
915346,1860,VESTVÅGØY,189620918,0,181.0,Garasjeuthus anneks til bolig,TB,Tatt i bruk,10101,10101,10101,25.0,,,,,,,,,,
915347,1860,VESTVÅGØY,189618107,0,183.0,Naust båthus sjøbu,BR,Bygning revet/brent,10101,10101,10101,0.0,,,,,,,,,,
915348,1860,VESTVÅGØY,189620896,0,249.0,Annen landbruksbygning,TB,Tatt i bruk,10101,10101,10101,49.0,,,,,,,,,,
915349,1860,VESTVÅGØY,189618093,0,183.0,Naust båthus sjøbu,BR,Bygning revet/brent,10101,10101,10101,0.0,,,,,,,,,,
915350,1860,VESTVÅGØY,189620888,0,181.0,Garasjeuthus anneks til bolig,TB,Tatt i bruk,10101,10101,10101,26.0,,,,,,,,,,
915351,1860,VESTVÅGØY,189618085,0,183.0,Naust båthus sjøbu,BR,Bygning revet/brent,10101,10101,10101,0.0,,,,,,,,,,
915352,1860,VESTVÅGØY,189620861,0,181.0,Garasjeuthus anneks til bolig,TB,Tatt i bruk,10101,10101,10101,20.0,,,,,,,,,,
915353,1860,VESTVÅGØY,189618077,0,241.0,Hus for dyr/landbr.lager/silo,BR,Bygning revet/brent,10101,10101,10101,0.0,,,,,,,,,,
915354,1860,VESTVÅGØY,189620853,0,181.0,Garasjeuthus anneks til bolig,TB,Tatt i bruk,10101,10101,10101,29.0,,,,,,,,,,
915355,1860,VESTVÅGØY,189618069,0,241.0,Hus for dyr/landbr.lager/silo,BR,Bygning revet/brent,10101,10101,10101,0.0,,,,,,,,,,
915356,1860,VESTVÅGØY,189620845,0,181.0,Garasjeuthus anneks til bolig,TB,Tatt i bruk,10101,10101,10101,30.0,,,,,,,,,,
915357,1860,VESTVÅGØY,189618050,0,241.0,Hus for dyr/landbr.lager/silo,BR,Bygning revet/brent,10101,10101,10101,0.0,,,,,,,,,,
915358,1860,VESTVÅGØY,189620837,0,181.0,Garasjeuthus anneks til bolig,TB,Tatt i bruk,10101,10101,10101,80.0,,,,,,,,,,
915359,1860,VESTVÅGØY,189618042,0,241.0,Hus for dyr/landbr.lager/silo,BR,Bygning revet/brent,10101,10101,10101,0.0,,,,,,,,,,
915360,1860,VESTVÅGØY,189620829,0,244.0,Driftsb. fiske/fangst/oppdr,BR,Bygning revet/brent,10101,10101,10101,66.0,,,56498472.0,Ballstadlandet,2024.0,70.0,,,8373.0,BALLSTAD
915361,1860,VESTVÅGØY,189618034,0,182.0,Garasjeuth.anneks til fritidb,TB,Tatt i bruk,10101,10101,10101,17.0,,,,,,,,,,
915362,1860,VESTVÅGØY,189620810,0,181.0,Garasjeuthus anneks til bolig,TB,Tatt i bruk,10101,10101,10101,22.0,,,,,,,,,,
915363,1860,VESTVÅGØY,189618026,0,241.0,Hus for dyr/landbr.lager/silo,BR,Bygning revet/brent,10101,10101,10101,0.0,,,,,,,,,,
915364,1860,VESTVÅGØY,189620802,0,183.0,Naust båthus sjøbu,TB,Tatt i bruk,10101,10101,10101,60.0,,,,,,,,,,
915365,1860,VESTVÅGØY,189618018,0,241.0,Hus for dyr/landbr.lager/silo,BR,Bygning revet/brent,10101,10101,10101,0.0,,,,,,,,,,
915366,1860,VESTVÅGØY,189620799,0,122.0,"Tomannsbolig, horisontaldelt",TB,Tatt i bruk,10101,10101,10101,310.0,,,74538208.0,Stuemyra,3034.0,21.0,,,8370.0,LEKNES
915367,1860,VESTVÅGØY,189617992,0,163.0,Våningh. benyttes som fritidsb,TB,Tatt i bruk,10101,10101,10101,32.0,,,56497030.0,Valbergsveien,7007.0,2107.0,,,8357.0,VALBERG
915368,1860,VESTVÅGØY,189617984,0,241.0,Hus for dyr/landbr.lager/silo,BR,Bygning revet/brent,10101,10101,10101,0.0,,,,,,,,,,
915369,1860,VESTVÅGØY,189617976,0,249.0,Annen landbruksbygning,BR,Bygning revet/brent,10101,10101,10101,0.0,,,,,,,,,,
915370,1860,VESTVÅGØY,189617968,0,113.0,Våningshus,BR,Bygning revet/brent,10101,10101,10101,0.0,,,,,,,,,,
915371,1860,VESTVÅGØY,189617763,0,241.0,Hus for dyr/landbr.lager/silo,BR,Bygning revet/brent,10101,10101,10101,0.0,,,,,,,,,,
915372,1860,VESTVÅGØY,189617755,0,171.0,Seterhus sel rorbu o.l.,BR,Bygning revet/brent,10101,10101,10101,0.0,,,,,,,,,,
915373,1860,VESTVÅGØY,189617747,0,113.0,Våningshus,BR,Bygning revet/brent,10101,10101,10101,0.0,,,,,,,,,,
915374,1860,VESTVÅGØY,189617739,0,241.0,Hus for dyr/landbr.lager/silo,BR,Bygning revet/brent,10101,10101,10101,0.0,,,,,,,,,,
915375,1860,VESTVÅGØY,189617720,0,241.0,Hus for dyr/landbr.lager/silo,BR,Bygning revet/brent,10101,10101,10101,0.0,,,,,,,,,,
915376,1860,VESTVÅGØY,189617712,0,111.0,Enebolig,BU,Bygningsnummer utgått,10101,10101,10101,0.0,,,,,,,,,,
915377,1860,VESTVÅGØY,189617704,0,171.0,Seterhus sel rorbu o.l.,BR,Bygning revet/brent,10101,10101,10101,0.0,,,,,,,,,,
915378,1860,VESTVÅGØY,189617690,0,244.0,Driftsb. fiske/fangst/oppdr,BR,Bygning revet/brent,10101,10101,10101,0.0,,,,,,,,,,
915379,1860,VESTVÅGØY,189617682,0,161.0,Fritidsbygg(hyttersommerh. ol,BR,Bygning revet/brent,10101,10101,10101,0.0,,,56497714.0,Sandveien,8108.0,484.0,,,8360.0,BØSTAD
915380,1860,VESTVÅGØY,189617674,0,161.0,Fritidsbygg(hyttersommerh. ol,TB,Tatt i bruk,10101,10101,18800101,48.0,,,56497029.0,Sandveien,8108.0,425.0,,,8360.0,BØSTAD
915381,1860,VESTVÅGØY,189617666,0,163.0,Våningh. benyttes som fritidsb,TB,Tatt i bruk,10101,10101,19200101,73.0,,,56497034.0,Sandveien,8108.0,474.0,,,8360.0,BØSTAD
915382,1860,VESTVÅGØY,189617658,0,241.0,Hus for dyr/landbr.lager/silo,BR,Bygning revet/brent,10101,10101,10101,0.0,,,,,,,,,,
915383,1860,VESTVÅGØY,189617631,0,613.0,Barneskole,BR,Bygning revet/brent,10101,10101,10101,0.0,,,,,,,,,,
915384,1860,VESTVÅGØY,189617623,0,183.0,Naust båthus sjøbu,BR,Bygning revet/brent,10101,10101,10101,0.0,,,,,,,,,,
915385,1860,VESTVÅGØY,189624174,0,181.0,Garasjeuthus anneks til bolig,TB,Tatt i bruk,10101,10101,19000101,26.0,,,,,,,,,,
915386,1860,VESTVÅGØY,189624166,0,181.0,Garasjeuthus anneks til bolig,TB,Tatt i bruk,10101,10101,10101,116.0,,,,,,,,,,
915387,1860,VESTVÅGØY,189624158,0,181.0,Garasjeuthus anneks til bolig,TB,Tatt i bruk,10101,10101,10101,9.0,,,,,,,,,,
915388,1860,VESTVÅGØY,189624131,0,121.0,"Tomannsbolig, vertikaldelt",TB,Tatt i bruk,10101,10101,19790101,158.0,,,56499013.0,Holandsveien,8317.0,100.0,,,8370.0,LEKNES
915389,1860,VESTVÅGØY,189624123,0,181.0,Garasjeuthus anneks til bolig,TB,Tatt i bruk,19790111,19790211,19790801,20.0,,,,,,,,,,
915390,1860,VESTVÅGØY,189624115,0,183.0,Naust båthus sjøbu,TB,Tatt i bruk,10101,10101,10101,20.0,,,,,,,,,,
915391,1860,VESTVÅGØY,189624107,0,181.0,Garasjeuthus anneks til bolig,TB,Tatt i bruk,10101,10101,19480101,30.0,,,,,,,,,,
915392,1860,VESTVÅGØY,189623992,1,241.0,Hus for dyr/landbr.lager/silo,TB,Tatt i bruk,20060511,20060512,20060609,104.0,,,,,,,,,,
915393,1860,VESTVÅGØY,189623992,0,241.0,Hus for dyr/landbr.lager/silo,TB,Tatt i bruk,10101,10101,19780101,314.0,,,,,,,,,,
915394,1860,VESTVÅGØY,189623984,0,214.0,Bygning for renseanlegg,TB,Tatt i bruk,10101,10101,19820101,100.0,,,56488681.0,Reineveien,2021.0,120.0,,,8373.0,BALLSTAD
915395,1860,VESTVÅGØY,189620780,0,181.0,Garasjeuthus anneks til bolig,TB,Tatt i bruk,10101,10101,10101,33.0,,,56488618.0,Buksnesveien,1047.0,526.0,,,8372.0,GRAVDAL
915396,1860,VESTVÅGØY,189623976,0,121.0,"Tomannsbolig, vertikaldelt",TB,Tatt i bruk,10101,10101,19500101,67.0,,,56488733.0,Ballstadlandet,2024.0,98.0,,,8373.0,BALLSTAD
915397,1860,VESTVÅGØY,189620772,0,111.0,Enebolig,TB,Tatt i bruk,10101,10101,19821215,165.0,,,56486616.0,Hagskarveien,3052.0,37.0,,,8370.0,LEKNES
915398,1860,VESTVÅGØY,189623968,0,111.0,Enebolig,TB,Tatt i bruk,10101,10101,19500101,95.0,,,56498987.0,Skarsjyveien,2020.0,145.0,,,8373.0,BALLSTAD
915399,1860,VESTVÅGØY,189620764,0,111.0,Enebolig,TB,Tatt i bruk,10101,10101,19700101,265.8,,,56495865.0,J.M.Johansens vei,4040.0,320.0,,,8340.0,STAMSUND
915400,1860,VESTVÅGØY,189623941,0,161.0,Fritidsbygg(hyttersommerh. ol,TB,Tatt i bruk,10101,10101,19500101,40.0,,,56499054.0,Skottnesveien,1040.0,235.0,,,8373.0,BALLSTAD
915401,1860,VESTVÅGØY,189620756,0,161.0,Fritidsbygg(hyttersommerh. ol,TB,Tatt i bruk,10101,10101,10101,29.0,,,56497051.0,Øyanveien,4038.0,23.0,,,8340.0,STAMSUND
915402,1860,VESTVÅGØY,189620748,0,161.0,Fritidsbygg(hyttersommerh. ol,TB,Tatt i bruk,10101,10101,10101,34.0,,,56496493.0,Hagskarveien,3052.0,325.0,,,8340.0,STAMSUND
915403,1860,VESTVÅGØY,189623933,0,111.0,Enebolig,TB,Tatt i bruk,19700401,19700501,19710106,169.0,,,56492903.0,Unstadveien,8010.0,130.0,,,8360.0,BØSTAD
915404,1860,VESTVÅGØY,189623925,0,181.0,Garasjeuthus anneks til bolig,BR,Bygning revet/brent,10101,10101,19500101,24.0,,,,,,,,,,
915405,1860,VESTVÅGØY,189620721,0,111.0,Enebolig,TB,Tatt i bruk,19980318,19990830,20000101,128.0,,,56497752.0,Busklia,3040.0,7.0,,,8370.0,LEKNES
915406,1860,VESTVÅGØY,189623917,0,181.0,Garasjeuthus anneks til bolig,TB,Tatt i bruk,10101,10101,19500101,36.0,,,,,,,,,,
915407,1860,VESTVÅGØY,189620713,0,319.0,Annen kontorbygning,TB,Tatt i bruk,10101,10101,19831101,73.0,,,,,,,,,,
915408,1860,VESTVÅGØY,189623909,0,181.0,Garasjeuthus anneks til bolig,BR,Bygning revet/brent,10101,10101,19690101,31.0,,,,,,,,,,
915409,1860,VESTVÅGØY,189620705,0,111.0,Enebolig,TB,Tatt i bruk,10101,10101,19500101,226.8,,,56486601.0,Storeidmyra,3049.0,62.0,,,8370.0,LEKNES
915410,1860,VESTVÅGØY,189623895,0,244.0,Driftsb. fiske/fangst/oppdr,TB,Tatt i bruk,10101,10101,19500101,140.0,,,,,,,,,,
915411,1860,VESTVÅGØY,189620691,0,999.0,,TB,Tatt i bruk,10101,10101,10101,0.0,,,56484133.0,Bekkefaret,1018.0,15.0,,,8372.0,GRAVDAL
915412,1860,VESTVÅGØY,189623887,0,181.0,Garasjeuthus anneks til bolig,BR,Bygning revet/brent,10101,10101,19500101,9.0,,,,,,,,,,
915413,1860,VESTVÅGØY,189620683,0,999.0,,TB,Tatt i bruk,10101,10101,10101,0.0,,,56484410.0,Sykehusbakken,1020.0,1.0,,,8372.0,GRAVDAL
915414,1860,VESTVÅGØY,189620675,0,161.0,Fritidsbygg(hyttersommerh. ol,TB,Tatt i bruk,10101,10101,19870511,35.0,,,56498368.0,Klokkervika,1028.0,26.0,,,8372.0,GRAVDAL
915415,1860,VESTVÅGØY,189623879,0,112.0,Enebolig m/hybel/sokkelleil.,TB,Tatt i bruk,19760408,19760508,19800101,180.0,,,56492245.0,Valbergsveien,7007.0,1406.0,,,8357.0,VALBERG
915416,1860,VESTVÅGØY,189620659,0,111.0,Enebolig,TB,Tatt i bruk,10101,10101,19800507,191.0,,,56485952.0,Idrettsgata,3012.0,95.0,,,8370.0,LEKNES
915417,1860,VESTVÅGØY,189623860,0,181.0,Garasjeuthus anneks til bolig,TB,Tatt i bruk,10101,10101,19800101,23.0,,,,,,,,,,
915418,1860,VESTVÅGØY,189624093,0,181.0,Garasjeuthus anneks til bolig,TB,Tatt i bruk,10101,10101,10101,24.0,,,,,,,,,,
915419,1860,VESTVÅGØY,189624085,0,181.0,Garasjeuthus anneks til bolig,TB,Tatt i bruk,19821214,19821215,19830126,18.0,,,,,,,,,,
915420,1860,VESTVÅGØY,189624077,0,241.0,Hus for dyr/landbr.lager/silo,TB,Tatt i bruk,10101,10101,10101,63.0,,,,,,,,,,
915421,1860,VESTVÅGØY,189624069,0,181.0,Garasjeuthus anneks til bolig,TB,Tatt i bruk,10101,10101,19300101,18.0,,,,,,,,,,
915422,1860,VESTVÅGØY,189624050,0,161.0,Fritidsbygg(hyttersommerh. ol,TB,Tatt i bruk,19780724,19780801,19780831,34.0,,,,,,,,,,
915423,1860,VESTVÅGØY,189624042,0,181.0,Garasjeuthus anneks til bolig,TB,Tatt i bruk,19740110,19740201,19741201,18.0,,,,,,,,,,
915424,1860,VESTVÅGØY,189624034,0,183.0,Naust båthus sjøbu,TB,Tatt i bruk,10101,10101,19880104,15.0,,,,,,,,,,
915425,1860,VESTVÅGØY,189624026,0,161.0,Fritidsbygg(hyttersommerh. ol,TB,Tatt i bruk,19800805,19800915,19890502,50.0,,,56499002.0,Grundstadveien,8201.0,853.0,,,8360.0,BØSTAD
915426,1860,VESTVÅGØY,189624018,1,999.0,,IG,Igangsettingstillatelse,20061012,20061112,10101,0.0,,,,,,,,,,
915427,1860,VESTVÅGØY,189624018,0,999.0,,TB,Tatt i bruk,10101,10101,19750101,0.0,,,,,,,,,,
915428,1860,VESTVÅGØY,189619979,0,181.0,Garasjeuthus anneks til bolig,TB,Tatt i bruk,10101,10101,19950101,40.0,,,,,,,,,,
915429,1860,VESTVÅGØY,189616791,0,113.0,Våningshus,BR,Bygning revet/brent,10101,10101,10101,0.0,,,,,,,,,,
915430,1860,VESTVÅGØY,189619960,0,231.0,Lagerhall,BR,Bygning revet/brent,10101,10101,10101,162.0,,,,,,,,,,
915431,1860,VESTVÅGØY,189616783,0,113.0,Våningshus,BR,Bygning revet/brent,10101,10101,10101,0.0,,,,,,,,,,
915432,1860,VESTVÅGØY,189619952,0,181.0,Garasjeuthus anneks til bolig,BR,Bygning revet/brent,10101,10101,10101,15.0,,,,,,,,,,
915433,1860,VESTVÅGØY,189623097,0,121.0,"Tomannsbolig, vertikaldelt",BU,Bygningsnummer utgått,19910601,19910601,19911201,161.0,,,56487630.0,Skogkanten,3032.0,11.0,,,8370.0,LEKNES
915434,1860,VESTVÅGØY,189616775,0,613.0,Barneskole,BR,Bygning revet/brent,10101,10101,10101,0.0,,,,,,,,,,
915435,1860,VESTVÅGØY,189619944,0,183.0,Naust båthus sjøbu,TB,Tatt i bruk,10101,10101,19900101,35.0,,,,,,,,,,
915436,1860,VESTVÅGØY,189616767,0,241.0,Hus for dyr/landbr.lager/silo,BR,Bygning revet/brent,10101,10101,10101,0.0,,,,,,,,,,
915437,1860,VESTVÅGØY,189619936,0,183.0,Naust båthus sjøbu,TB,Tatt i bruk,10101,10101,19900101,45.0,,,,,,,,,,
915438,1860,VESTVÅGØY,189623089,0,121.0,"Tomannsbolig, vertikaldelt",TB,Tatt i bruk,19961204,19970101,19970601,101.0,,,56494972.0,Rognbærstien,3033.0,9.0,B,,8370.0,LEKNES
915439,1860,VESTVÅGØY,189616759,0,241.0,Hus for dyr/landbr.lager/silo,BR,Bygning revet/brent,10101,10101,10101,0.0,,,,,,,,,,
915440,1860,VESTVÅGØY,189619928,0,183.0,Naust båthus sjøbu,TB,Tatt i bruk,10101,10101,19900101,43.0,,,,,,,,,,
915441,1860,VESTVÅGØY,189616740,0,241.0,Hus for dyr/landbr.lager/silo,BR,Bygning revet/brent,10101,10101,10101,0.0,,,,,,,,,,
915442,1860,VESTVÅGØY,189619901,0,183.0,Naust båthus sjøbu,TB,Tatt i bruk,10101,10101,19900101,43.0,,,,,,,,,,
915443,1860,VESTVÅGØY,189623070,0,131.0,Rekkehus,TB,Tatt i bruk,19911001,19920101,19920130,51.0,,,56487619.0,Busklia,3040.0,21.0,,,8370.0,LEKNES
915444,1860,VESTVÅGØY,189616732,0,241.0,Hus for dyr/landbr.lager/silo,BR,Bygning revet/brent,10101,10101,10101,0.0,,,,,,,,,,
915445,1860,VESTVÅGØY,189619898,0,183.0,Naust båthus sjøbu,TB,Tatt i bruk,10101,10101,19900101,43.0,,,,,,,,,,
915446,1860,VESTVÅGØY,189616724,0,183.0,Naust båthus sjøbu,TB,Tatt i bruk,10101,10101,10101,42.0,,,,,,,,,,
915447,1860,VESTVÅGØY,189619871,0,183.0,Naust båthus sjøbu,TB,Tatt i bruk,10101,10101,19900101,43.0,,,,,,,,,,
915448,1860,VESTVÅGØY,189623062,0,131.0,Rekkehus,TB,Tatt i bruk,19911001,19920101,19920130,51.0,,,56487618.0,Busklia,3040.0,19.0,,,8370.0,LEKNES
915449,1860,VESTVÅGØY,189616716,0,241.0,Hus for dyr/landbr.lager/silo,BR,Bygning revet/brent,10101,10101,10101,0.0,,,,,,,,,,
915450,1860,VESTVÅGØY,189619863,0,181.0,Garasjeuthus anneks til bolig,TB,Tatt i bruk,10101,10101,10101,18.0,,,,,,,,,,
915451,1860,VESTVÅGØY,189616708,0,161.0,Fritidsbygg(hyttersommerh. ol,BR,Bygning revet/brent,10101,10101,10101,0.0,,,56497723.0,Valbergsveien,7007.0,926.0,,,8357.0,VALBERG
915452,1860,VESTVÅGØY,189619855,0,181.0,Garasjeuthus anneks til bolig,TB,Tatt i bruk,10101,10101,19900101,23.0,,,,,,,,,,
915453,1860,VESTVÅGØY,189623054,0,131.0,Rekkehus,TB,Tatt i bruk,19911001,19920101,19920130,51.0,,,56487616.0,Busklia,3040.0,15.0,,,8370.0,LEKNES
915454,1860,VESTVÅGØY,189616694,0,249.0,Annen landbruksbygning,BR,Bygning revet/brent,10101,10101,10101,0.0,,,,,,,,,,
915455,1860,VESTVÅGØY,189619847,0,181.0,Garasjeuthus anneks til bolig,TB,Tatt i bruk,10101,10101,10101,20.0,,,,,,,,,,
915456,1860,VESTVÅGØY,189616686,0,241.0,Hus for dyr/landbr.lager/silo,BR,Bygning revet/brent,10101,10101,10101,0.0,,,,,,,,,,
915457,1860,VESTVÅGØY,189619839,0,181.0,Garasjeuthus anneks til bolig,TB,Tatt i bruk,10101,10101,19950101,26.0,,,,,,,,,,
915458,1860,VESTVÅGØY,189623046,0,131.0,Rekkehus,TB,Tatt i bruk,19911001,19920101,19920130,51.0,,,56487610.0,Busklia,3040.0,13.0,,,8370.0,LEKNES
915459,1860,VESTVÅGØY,189616678,0,181.0,Garasjeuthus anneks til bolig,TB,Tatt i bruk,10101,10101,10101,10.0,,,,,,,,,,
915460,1860,VESTVÅGØY,189619820,0,121.0,"Tomannsbolig, vertikaldelt",TB,Tatt i bruk,10101,10101,19500101,272.0,,,56486591.0,Storeidmyra,3049.0,23.0,,,8370.0,LEKNES
915461,1860,VESTVÅGØY,189616651,0,161.0,Fritidsbygg(hyttersommerh. ol,TB,Tatt i bruk,10101,10101,10101,160.6,,,476314469.0,Valbergsveien,7007.0,571.0,,,8357.0,VALBERG
915462,1860,VESTVÅGØY,189619812,0,181.0,Garasjeuthus anneks til bolig,TB,Tatt i bruk,10101,10101,10101,23.0,,,,,,,,,,
915463,1860,VESTVÅGØY,189623038,0,131.0,Rekkehus,TB,Tatt i bruk,19911001,19911001,19911201,52.0,,,56496576.0,Bjørkelunden,3031.0,9.0,,,8370.0,LEKNES
915464,1860,VESTVÅGØY,189616643,0,183.0,Naust båthus sjøbu,BR,Bygning revet/brent,10101,10101,10101,0.0,,,,,,,,,,
915465,1860,VESTVÅGØY,189619804,0,181.0,Garasjeuthus anneks til bolig,TB,Tatt i bruk,10101,10101,19780101,24.0,,,,,,,,,,
915466,1860,VESTVÅGØY,189616635,0,241.0,Hus for dyr/landbr.lager/silo,BR,Bygning revet/brent,10101,10101,10101,0.0,,,,,,,,,,
915467,1860,VESTVÅGØY,189616961,0,113.0,Våningshus,BR,Bygning revet/brent,10101,10101,10101,0.0,,,,,,,,,,
915468,1860,VESTVÅGØY,189623321,0,181.0,Garasjeuthus anneks til bolig,TB,Tatt i bruk,10101,10101,19600101,14.0,,,,,,,,,,
915469,1860,VESTVÅGØY,189620063,0,121.0,"Tomannsbolig, vertikaldelt",TB,Tatt i bruk,19950701,19960901,19970101,113.0,,,56488040.0,Haugsongelen,1050.0,24.0,,,8372.0,GRAVDAL
915470,1860,VESTVÅGØY,189616953,0,241.0,Hus for dyr/landbr.lager/silo,BR,Bygning revet/brent,10101,10101,10101,0.0,,,,,,,,,,
915471,1860,VESTVÅGØY,189623313,0,181.0,Garasjeuthus anneks til bolig,TB,Tatt i bruk,10101,10101,19500101,20.0,,,,,,,,,,
915472,1860,VESTVÅGØY,189616945,0,111.0,Enebolig,BR,Bygning revet/brent,10101,10101,10101,0.0,,,,,,,,,,
915473,1860,VESTVÅGØY,189623305,0,181.0,Garasjeuthus anneks til bolig,TB,Tatt i bruk,10101,10101,19500101,40.0,,,,,,,,,,
915474,1860,VESTVÅGØY,189620055,0,131.0,Rekkehus,TB,Tatt i bruk,19890901,19900401,19920302,80.0,,,56483999.0,Legdaveien,1007.0,42.0,,,8372.0,GRAVDAL
915475,1860,VESTVÅGØY,189616937,0,183.0,Naust båthus sjøbu,BR,Bygning revet/brent,10101,10101,10101,0.0,,,,,,,,,,
915476,1860,VESTVÅGØY,189623291,0,181.0,Garasjeuthus anneks til bolig,TB,Tatt i bruk,10101,10101,19500101,27.0,,,,,,,,,,
915477,1860,VESTVÅGØY,189616929,0,241.0,Hus for dyr/landbr.lager/silo,BR,Bygning revet/brent,10101,10101,10101,0.0,,,,,,,,,,
915478,1860,VESTVÅGØY,189623283,0,181.0,Garasjeuthus anneks til bolig,TB,Tatt i bruk,10101,10101,19500101,11.0,,,,,,,,,,
915479,1860,VESTVÅGØY,189620047,0,131.0,Rekkehus,TB,Tatt i bruk,19890901,19900401,19920302,80.0,,,56483974.0,Legdaveien,1007.0,12.0,,,8372.0,GRAVDAL
915480,1860,VESTVÅGØY,189616910,0,249.0,Annen landbruksbygning,BR,Bygning revet/brent,10101,10101,10101,0.0,,,,,,,,,,
915481,1860,VESTVÅGØY,189623275,0,181.0,Garasjeuthus anneks til bolig,TB,Tatt i bruk,10101,10101,19500101,16.0,,,,,,,,,,
915482,1860,VESTVÅGØY,189616902,0,111.0,Enebolig,BR,Bygning revet/brent,10101,10101,10101,0.0,,,,,,,,,,
915483,1860,VESTVÅGØY,189623267,0,181.0,Garasjeuthus anneks til bolig,TB,Tatt i bruk,10101,10101,19500101,10.0,,,,,,,,,,
915484,1860,VESTVÅGØY,189620039,0,131.0,Rekkehus,TB,Tatt i bruk,19890901,19900401,19920302,80.0,,,56483972.0,Legdaveien,1007.0,10.0,,,8372.0,GRAVDAL
915485,1860,VESTVÅGØY,189616899,0,241.0,Hus for dyr/landbr.lager/silo,BR,Bygning revet/brent,10101,10101,10101,0.0,,,,,,,,,,
915486,1860,VESTVÅGØY,189623259,0,181.0,Garasjeuthus anneks til bolig,TB,Tatt i bruk,10101,10101,19890101,19.0,,,,,,,,,,
915487,1860,VESTVÅGØY,189616880,0,241.0,Hus for dyr/landbr.lager/silo,BR,Bygning revet/brent,10101,10101,10101,0.0,,,,,,,,,,
915488,1860,VESTVÅGØY,189623143,0,161.0,Fritidsbygg(hyttersommerh. ol,TB,Tatt i bruk,10101,10101,10101,73.0,,,475032439.0,Veinr. 8113,8113.0,48.0,,,8360.0,BØSTAD
915489,1860,VESTVÅGØY,189620020,0,121.0,"Tomannsbolig, vertikaldelt",TB,Tatt i bruk,19920801,19930201,19930201,95.0,,,56487909.0,Legdaveien,1007.0,36.0,B,,8372.0,GRAVDAL
915490,1860,VESTVÅGØY,189616872,0,113.0,Våningshus,BR,Bygning revet/brent,10101,10101,10101,0.0,,,,,,,,,,
915491,1860,VESTVÅGØY,189623135,0,121.0,"Tomannsbolig, vertikaldelt",TB,Tatt i bruk,10101,10101,10101,76.0,,,56498321.0,Eggumsveien,5013.0,829.0,,,8360.0,BØSTAD
915492,1860,VESTVÅGØY,189616864,0,241.0,Hus for dyr/landbr.lager/silo,BR,Bygning revet/brent,10101,10101,10101,0.0,,,,,,,,,,
915493,1860,VESTVÅGØY,189623127,0,181.0,Garasjeuthus anneks til bolig,TB,Tatt i bruk,10101,10101,19500101,34.0,,,56498934.0,Solstranda,6006.0,66.0,,,8370.0,LEKNES
915494,1860,VESTVÅGØY,189620012,0,121.0,"Tomannsbolig, vertikaldelt",TB,Tatt i bruk,19940701,19940715,19950118,106.0,,,56483962.0,Brattbergveien,1006.0,13.0,,,8372.0,GRAVDAL
915495,1860,VESTVÅGØY,189616856,0,241.0,Hus for dyr/landbr.lager/silo,BR,Bygning revet/brent,10101,10101,10101,0.0,,,,,,,,,,
915496,1860,VESTVÅGØY,189620004,0,121.0,"Tomannsbolig, vertikaldelt",TB,Tatt i bruk,10101,10101,19880624,108.0,,,56483969.0,Legdaveien,1007.0,5.0,,,8372.0,GRAVDAL
915497,1860,VESTVÅGØY,189616848,0,241.0,Hus for dyr/landbr.lager/silo,BR,Bygning revet/brent,10101,10101,10101,0.0,,,,,,,,,,
915498,1860,VESTVÅGØY,189623119,0,181.0,Garasjeuthus anneks til bolig,TB,Tatt i bruk,19940825,19940925,19950113,21.0,,,,,,,,,,
915499,1860,VESTVÅGØY,189616821,0,181.0,Garasjeuthus anneks til bolig,TB,Tatt i bruk,10101,10101,10101,55.0,,,,,,,,,,
915500,1860,VESTVÅGØY,189619995,0,121.0,"Tomannsbolig, vertikaldelt",TB,Tatt i bruk,19870716,19870823,19881005,108.0,,,56483971.0,Legdaveien,1007.0,9.0,,,8372.0,GRAVDAL
915501,1860,VESTVÅGØY,189616813,0,181.0,Garasjeuthus anneks til bolig,BR,Bygning revet/brent,10101,10101,10101,0.0,,,,,,,,,,
915502,1860,VESTVÅGØY,189623100,1,121.0,"Tomannsbolig, vertikaldelt",TB,Tatt i bruk,20050302,20050402,20050901,6.0,,,,,,,,,,
915503,1860,VESTVÅGØY,189616805,0,244.0,Driftsb. fiske/fangst/oppdr,BR,Bygning revet/brent,10101,10101,10101,0.0,,,,,,,,,,
915504,1860,VESTVÅGØY,189623100,0,121.0,"Tomannsbolig, vertikaldelt",TB,Tatt i bruk,10101,10101,19670315,147.0,,,56492323.0,Steinfjordveien,8005.0,292.0,,,8360.0,BØSTAD
915505,1860,VESTVÅGØY,189619790,0,181.0,Garasjeuthus anneks til bolig,TB,Tatt i bruk,10101,10101,19870101,59.0,,,,,,,,,,
915506,1860,VESTVÅGØY,189623011,0,131.0,Rekkehus,TB,Tatt i bruk,19911001,19911001,19911201,52.0,,,56486145.0,Bjørkelunden,3031.0,7.0,,,8370.0,LEKNES
915507,1860,VESTVÅGØY,189616627,0,241.0,Hus for dyr/landbr.lager/silo,BR,Bygning revet/brent,10101,10101,10101,0.0,,,,,,,,,,
915508,1860,VESTVÅGØY,189619782,1,111.0,Enebolig,TB,Tatt i bruk,10101,10101,19870107,53.0,,,56494432.0,Rise,8306.0,199.0,,,8370.0,LEKNES
915509,1860,VESTVÅGØY,189616619,0,241.0,Hus for dyr/landbr.lager/silo,BR,Bygning revet/brent,10101,10101,10101,0.0,,,,,,,,,,
915510,1860,VESTVÅGØY,189619782,0,111.0,Enebolig,TB,Tatt i bruk,10101,10101,10101,95.0,,,56494432.0,Rise,8306.0,199.0,,,8370.0,LEKNES
915511,1860,VESTVÅGØY,189616600,0,241.0,Hus for dyr/landbr.lager/silo,BR,Bygning revet/brent,10101,10101,10101,0.0,,,,,,,,,,
915512,1860,VESTVÅGØY,189619774,0,181.0,Garasjeuthus anneks til bolig,TB,Tatt i bruk,10101,10101,19950101,41.0,,,,,,,,,,
915513,1860,VESTVÅGØY,189616597,0,241.0,Hus for dyr/landbr.lager/silo,BR,Bygning revet/brent,10101,10101,10101,0.0,,,,,,,,,,
915514,1860,VESTVÅGØY,189619766,0,181.0,Garasjeuthus anneks til bolig,TB,Tatt i bruk,10101,10101,10101,47.0,,,,,,,,,,
915515,1860,VESTVÅGØY,189616589,0,241.0,Hus for dyr/landbr.lager/silo,BR,Bygning revet/brent,10101,10101,10101,0.0,,,,,,,,,,
915516,1860,VESTVÅGØY,189619758,0,181.0,Garasjeuthus anneks til bolig,TB,Tatt i bruk,10101,10101,19920101,21.0,,,,,,,,,,
915517,1860,VESTVÅGØY,189616570,0,113.0,Våningshus,BR,Bygning revet/brent,10101,10101,10101,0.0,,,,,,,,,,
915518,1860,VESTVÅGØY,189619731,0,181.0,Garasjeuthus anneks til bolig,TB,Tatt i bruk,10101,10101,10101,54.0,,,,,,,,,,
915519,1860,VESTVÅGØY,189616562,0,181.0,Garasjeuthus anneks til bolig,TB,Tatt i bruk,10101,10101,10101,25.0,,,,,,,,,,
915520,1860,VESTVÅGØY,189619723,0,181.0,Garasjeuthus anneks til bolig,TB,Tatt i bruk,10101,10101,19880101,21.0,,,,,,,,,,
915521,1860,VESTVÅGØY,189616554,0,241.0,Hus for dyr/landbr.lager/silo,BR,Bygning revet/brent,10101,10101,10101,0.0,,,,,,,,,,
915522,1860,VESTVÅGØY,189619715,0,181.0,Garasjeuthus anneks til bolig,TB,Tatt i bruk,10101,10101,10101,26.0,,,,,,,,,,
915523,1860,VESTVÅGØY,189619707,0,181.0,Garasjeuthus anneks til bolig,TB,Tatt i bruk,10101,10101,10101,17.0,,,,,,,,,,
915524,1860,VESTVÅGØY,189620535,0,181.0,Garasjeuthus anneks til bolig,TB,Tatt i bruk,10101,10101,19850101,30.0,,,,,,,,,,
915525,1860,VESTVÅGØY,189617488,0,113.0,Våningshus,BR,Bygning revet/brent,10101,10101,10101,0.0,,,,,,,,,,
915526,1860,VESTVÅGØY,189620527,0,181.0,Garasjeuthus anneks til bolig,TB,Tatt i bruk,10101,10101,10101,48.0,,,,,,,,,,
915527,1860,VESTVÅGØY,189623712,0,183.0,Naust båthus sjøbu,BR,Bygning revet/brent,10101,10101,19500101,0.0,,,,,,,,,,
915528,1860,VESTVÅGØY,189617461,0,183.0,Naust båthus sjøbu,BR,Bygning revet/brent,10101,10101,10101,0.0,,,,,,,,,,
915529,1860,VESTVÅGØY,189620519,0,181.0,Garasjeuthus anneks til bolig,TB,Tatt i bruk,10101,10101,10101,28.0,,,,,,,,,,
915530,1860,VESTVÅGØY,189617453,0,181.0,Garasjeuthus anneks til bolig,TB,Tatt i bruk,10101,10101,10101,25.0,,,,,,,,,,
915531,1860,VESTVÅGØY,189623704,0,183.0,Naust båthus sjøbu,BR,Bygning revet/brent,10101,10101,19500101,0.0,,,,,,,,,,
915532,1860,VESTVÅGØY,189620500,0,181.0,Garasjeuthus anneks til bolig,TB,Tatt i bruk,10101,10101,10101,15.0,,,,,,,,,,
915533,1860,VESTVÅGØY,189617445,0,162.0,Helårsb.benyttes som fritidsb.,BR,Bygning revet/brent,10101,10101,10101,0.0,,,56497179.0,Ellstadveien,8105.0,130.0,,,8360.0,BØSTAD
915534,1860,VESTVÅGØY,189623690,0,161.0,Fritidsbygg(hyttersommerh. ol,TB,Tatt i bruk,10101,10101,19500101,34.0,,,56498486.0,Hagskarveien,3052.0,327.0,,,8340.0,STAMSUND
915535,1860,VESTVÅGØY,189620497,0,171.0,Seterhus sel rorbu o.l.,TB,Tatt i bruk,10101,10101,10101,44.0,,,251365063.0,Buøyveien,4046.0,13.0,,,8340.0,STAMSUND
915536,1860,VESTVÅGØY,189617437,0,241.0,Hus for dyr/landbr.lager/silo,BR,Bygning revet/brent,10101,10101,10101,0.0,,,,,,,,,,
915537,1860,VESTVÅGØY,189623682,0,181.0,Garasjeuthus anneks til bolig,TB,Tatt i bruk,10101,10101,19400101,30.0,,,,,,,,,,
915538,1860,VESTVÅGØY,189620489,0,181.0,Garasjeuthus anneks til bolig,TB,Tatt i bruk,10101,10101,19850101,38.0,,,,,,,,,,
915539,1860,VESTVÅGØY,189617429,0,241.0,Hus for dyr/landbr.lager/silo,BR,Bygning revet/brent,10101,10101,10101,0.0,,,,,,,,,,
915540,1860,VESTVÅGØY,189620470,0,181.0,Garasjeuthus anneks til bolig,TB,Tatt i bruk,10101,10101,10101,20.0,,,,,,,,,,
915541,1860,VESTVÅGØY,189617410,0,163.0,Våningh. benyttes som fritidsb,TB,Tatt i bruk,10101,10101,10101,42.0,,,56493650.0,Valåsen,8107.0,52.0,,,8360.0,BØSTAD
915542,1860,VESTVÅGØY,189623674,0,121.0,"Tomannsbolig, vertikaldelt",TB,Tatt i bruk,19971126,19990104,19990507,67.0,,,56496447.0,Solvoll,3071.0,5.0,,,8370.0,LEKNES
915543,1860,VESTVÅGØY,189620462,0,243.0,Veksthus,TB,Tatt i bruk,10101,10101,19890502,360.0,,,,,,,,,,
915544,1860,VESTVÅGØY,189617402,0,241.0,Hus for dyr/landbr.lager/silo,BR,Bygning revet/brent,10101,10101,10101,0.0,,,,,,,,,,
915545,1860,VESTVÅGØY,189620454,0,243.0,Veksthus,TB,Tatt i bruk,10101,10101,10101,85.0,,,,,,,,,,
915546,1860,VESTVÅGØY,189617399,0,241.0,Hus for dyr/landbr.lager/silo,BR,Bygning revet/brent,10101,10101,10101,0.0,,,,,,,,,,
915547,1860,VESTVÅGØY,189623666,0,121.0,"Tomannsbolig, vertikaldelt",TB,Tatt i bruk,19971126,19990104,19990507,67.0,,,56496449.0,Solvoll,3071.0,9.0,,,8370.0,LEKNES
915548,1860,VESTVÅGØY,189620446,0,243.0,Veksthus,TB,Tatt i bruk,10101,10101,10101,85.0,,,,,,,,,,
915549,1860,VESTVÅGØY,189617380,0,241.0,Hus for dyr/landbr.lager/silo,BR,Bygning revet/brent,10101,10101,10101,0.0,,,,,,,,,,
915550,1860,VESTVÅGØY,189620438,0,181.0,Garasjeuthus anneks til bolig,TB,Tatt i bruk,10101,10101,19881028,20.0,,,,,,,,,,
915551,1860,VESTVÅGØY,189617372,0,241.0,Hus for dyr/landbr.lager/silo,BR,Bygning revet/brent,10101,10101,10101,0.0,,,,,,,,,,
915552,1860,VESTVÅGØY,189623658,0,121.0,"Tomannsbolig, vertikaldelt",TB,Tatt i bruk,19971126,19971201,19980112,59.0,,,56496462.0,Solvoll,3071.0,26.0,,,8370.0,LEKNES
915553,1860,VESTVÅGØY,189620411,0,181.0,Garasjeuthus anneks til bolig,TB,Tatt i bruk,10101,10101,19710318,21.0,,,,,,,,,,
915554,1860,VESTVÅGØY,189617364,0,239.0,Annen lagerbygning,TB,Tatt i bruk,10101,10101,10101,245.0,,,,,,,,,,
915555,1860,VESTVÅGØY,189620403,0,181.0,Garasjeuthus anneks til bolig,TB,Tatt i bruk,10101,10101,19800101,17.0,,,,,,,,,,
915556,1860,VESTVÅGØY,189617356,0,181.0,Garasjeuthus anneks til bolig,TB,Tatt i bruk,10101,10101,10101,36.0,,,,,,,,,,
915557,1860,VESTVÅGØY,189623631,0,131.0,Rekkehus,TB,Tatt i bruk,19971126,19971201,19971201,67.0,,,56496456.0,Solvoll,3071.0,14.0,,,8370.0,LEKNES
915558,1860,VESTVÅGØY,189620381,0,181.0,Garasjeuthus anneks til bolig,TB,Tatt i bruk,10101,10101,10101,32.0,,,,,,,,,,
915559,1860,VESTVÅGØY,189617348,0,181.0,Garasjeuthus anneks til bolig,TB,Tatt i bruk,10101,10101,10101,46.0,,,,,,,,,,
915560,1860,VESTVÅGØY,189617321,0,163.0,Våningh. benyttes som fritidsb,TB,Tatt i bruk,10101,10101,19200101,59.0,,,56497035.0,Sandveien,8108.0,380.0,,,8360.0,BØSTAD
915561,1860,VESTVÅGØY,189623623,0,131.0,Rekkehus,TB,Tatt i bruk,19971126,19971201,19971201,67.0,,,56496455.0,Solvoll,3071.0,12.0,,,8370.0,LEKNES
915562,1860,VESTVÅGØY,189620365,0,121.0,"Tomannsbolig, vertikaldelt",TB,Tatt i bruk,10101,10101,10101,141.0,,,56487956.0,Halsan,4039.0,9.0,,,8340.0,STAMSUND
915563,1860,VESTVÅGØY,189617313,1,111.0,Enebolig,RA,Rammetillatelse,20080107,10101,10101,30.0,,,,,,,,,,
915564,1860,VESTVÅGØY,189620640,0,999.0,,TB,Tatt i bruk,10101,10101,10101,0.0,,,56483957.0,Brattbergveien,1006.0,5.0,,,8372.0,GRAVDAL
915565,1860,VESTVÅGØY,189620632,0,112.0,Enebolig m/hybel/sokkelleil.,TB,Tatt i bruk,10101,10101,19790101,156.0,,,56496570.0,Ballstadlandet,2024.0,179.0,,,8373.0,BALLSTAD
915566,1860,VESTVÅGØY,189623852,0,121.0,"Tomannsbolig, vertikaldelt",TB,Tatt i bruk,19970826,19970926,19980825,69.0,,,56487620.0,Busklia,3040.0,3.0,,,8370.0,LEKNES
915567,1860,VESTVÅGØY,189620624,0,181.0,Garasjeuthus anneks til bolig,TB,Tatt i bruk,10101,10101,19890520,45.0,,,,,,,,,,
915568,1860,VESTVÅGØY,189620616,0,181.0,Garasjeuthus anneks til bolig,TB,Tatt i bruk,10101,10101,19870101,27.0,,,,,,,,,,
915569,1860,VESTVÅGØY,189623844,0,121.0,"Tomannsbolig, vertikaldelt",TB,Tatt i bruk,19970423,19970523,19980119,112.0,,,56495036.0,Televeien,3027.0,7.0,,,8370.0,LEKNES
915570,1860,VESTVÅGØY,189620608,0,111.0,Enebolig,TB,Tatt i bruk,10101,10101,19681228,220.0,,,56488030.0,Haugsongelen,1050.0,2.0,,,8372.0,GRAVDAL
915571,1860,VESTVÅGØY,189617615,0,241.0,Hus for dyr/landbr.lager/silo,BR,Bygning revet/brent,10101,10101,10101,0.0,,,,,,,,,,
915572,1860,VESTVÅGØY,189623836,0,181.0,Garasjeuthus anneks til bolig,BR,Bygning revet/brent,10101,10101,19500101,0.0,,,,,,,,,,
915573,1860,VESTVÅGØY,189617607,0,111.0,Enebolig,BR,Bygning revet/brent,10101,10101,10101,0.0,,,,,,,,,,
915574,1860,VESTVÅGØY,189623828,0,183.0,Naust båthus sjøbu,TB,Tatt i bruk,10101,10101,19500101,14.0,,,,,,,,,,
915575,1860,VESTVÅGØY,189620594,0,111.0,Enebolig,TB,Tatt i bruk,19801105,19801205,19810618,224.0,,,56488686.0,Skarsjyveien,2020.0,5.0,,,8373.0,BALLSTAD
915576,1860,VESTVÅGØY,189617593,0,183.0,Naust båthus sjøbu,BR,Bygning revet/brent,10101,10101,10101,0.0,,,,,,,,,,
915577,1860,VESTVÅGØY,189623801,0,161.0,Fritidsbygg(hyttersommerh. ol,TB,Tatt i bruk,10101,10101,19500101,104.0,,,,,,,,,,
915578,1860,VESTVÅGØY,189617585,0,113.0,Våningshus,BR,Bygning revet/brent,10101,10101,10101,0.0,,,,,,,,,,
915579,1860,VESTVÅGØY,189623798,0,181.0,Garasjeuthus anneks til bolig,TB,Tatt i bruk,10101,10101,19500101,55.0,,,,,,,,,,
915580,1860,VESTVÅGØY,189620586,1,111.0,Enebolig,TB,Tatt i bruk,20020701,20020801,20021215,44.0,,,56488536.0,Skottnesveien,1040.0,251.0,,,8373.0,BALLSTAD
915581,1860,VESTVÅGØY,189617577,0,241.0,Hus for dyr/landbr.lager/silo,BR,Bygning revet/brent,10101,10101,10101,0.0,,,,,,,,,,
915582,1860,VESTVÅGØY,189623771,0,239.0,Annen lagerbygning,TB,Tatt i bruk,10101,10101,19900101,36.0,,,,,,,,,,
915583,1860,VESTVÅGØY,189620586,0,111.0,Enebolig,TB,Tatt i bruk,10101,10101,10101,116.0,,,56488536.0,Skottnesveien,1040.0,251.0,,,8373.0,BALLSTAD
915584,1860,VESTVÅGØY,189617569,0,241.0,Hus for dyr/landbr.lager/silo,BR,Bygning revet/brent,10101,10101,10101,0.0,,,,,,,,,,
915585,1860,VESTVÅGØY,189623763,0,322.0,Butikk/forretningsbygning,BR,Bygning revet/brent,10101,10101,19500101,178.0,,,56485115.0,Storgata,3000.0,6.0,,,8370.0,LEKNES
915586,1860,VESTVÅGØY,189620578,0,161.0,Fritidsbygg(hyttersommerh. ol,TB,Tatt i bruk,10101,10101,10101,70.0,,,56488514.0,Skottnesveien,1040.0,135.0,,,8373.0,BALLSTAD
915587,1860,VESTVÅGØY,189617550,0,244.0,Driftsb. fiske/fangst/oppdr,BR,Bygning revet/brent,10101,10101,10101,0.0,,,,,,,,,,
915588,1860,VESTVÅGØY,189617542,0,241.0,Hus for dyr/landbr.lager/silo,BR,Bygning revet/brent,10101,10101,10101,0.0,,,,,,,,,,
915589,1860,VESTVÅGØY,189623755,0,121.0,"Tomannsbolig, vertikaldelt",TB,Tatt i bruk,19910601,19910601,19921201,161.0,,,56487630.0,Skogkanten,3032.0,11.0,,,8370.0,LEKNES
915590,1860,VESTVÅGØY,189620551,1,111.0,Enebolig,TB,Tatt i bruk,20010704,20010710,20011215,25.0,,,56491574.0,Valbergsveien,7007.0,74.0,,,8340.0,STAMSUND
915591,1860,VESTVÅGØY,189617534,0,322.0,Butikk/forretningsbygning,BR,Bygning revet/brent,10101,10101,10101,0.0,,,,,,,,,,
915592,1860,VESTVÅGØY,189623747,0,161.0,Fritidsbygg(hyttersommerh. ol,BR,Bygning revet/brent,10101,10101,19500101,0.0,,,56493598.0,Alstad,8106.0,29.0,,,8360.0,BØSTAD
915593,1860,VESTVÅGØY,189617526,0,244.0,Driftsb. fiske/fangst/oppdr,BR,Bygning revet/brent,10101,10101,10101,0.0,,,,,,,,,,
915594,1860,VESTVÅGØY,189620551,0,111.0,Enebolig,TB,Tatt i bruk,19810605,19810801,19820101,86.0,,,56491574.0,Valbergsveien,7007.0,74.0,,,8340.0,STAMSUND
915595,1860,VESTVÅGØY,189623739,0,183.0,Naust båthus sjøbu,TB,Tatt i bruk,10101,10101,19500101,33.0,,,,,,,,,,
915596,1860,VESTVÅGØY,189617518,0,322.0,Butikk/forretningsbygning,BR,Bygning revet/brent,10101,10101,10101,0.0,,,,,,,,,,
915597,1860,VESTVÅGØY,189620543,0,161.0,Fritidsbygg(hyttersommerh. ol,TB,Tatt i bruk,10101,10101,10101,50.0,,,56489939.0,Torbergjorda,4050.0,81.0,,,8340.0,STAMSUND
915598,1860,VESTVÅGØY,189617496,0,241.0,Hus for dyr/landbr.lager/silo,BR,Bygning revet/brent,10101,10101,10101,0.0,,,,,,,,,,
915599,1860,VESTVÅGØY,189623720,0,183.0,Naust båthus sjøbu,BR,Bygning revet/brent,10101,10101,19500101,0.0,,,,,,,,,,
915600,1860,VESTVÅGØY,189620209,0,121.0,"Tomannsbolig, vertikaldelt",TB,Tatt i bruk,10101,10101,19750101,207.0,,,56496573.0,Granliveien,3008.0,12.0,B,,8370.0,LEKNES
915601,1860,VESTVÅGØY,189617143,0,241.0,Hus for dyr/landbr.lager/silo,BR,Bygning revet/brent,10101,10101,10101,0.0,,,,,,,,,,
915602,1860,VESTVÅGØY,189623496,0,161.0,Fritidsbygg(hyttersommerh. ol,TB,Tatt i bruk,10101,10101,19500101,20.0,,,,,,,,,,
915603,1860,VESTVÅGØY,189620195,0,181.0,Garasjeuthus anneks til bolig,TB,Tatt i bruk,10101,10101,19880114,48.0,,,,,,,,,,
915604,1860,VESTVÅGØY,189617135,0,241.0,Hus for dyr/landbr.lager/silo,BR,Bygning revet/brent,10101,10101,10101,0.0,,,,,,,,,,
915605,1860,VESTVÅGØY,189623488,0,241.0,Hus for dyr/landbr.lager/silo,TB,Tatt i bruk,10101,10101,19500101,80.0,,,,,,,,,,
915606,1860,VESTVÅGØY,189620187,0,181.0,Garasjeuthus anneks til bolig,TB,Tatt i bruk,10101,10101,19920101,22.0,,,,,,,,,,
915607,1860,VESTVÅGØY,189617127,0,111.0,Enebolig,BR,Bygning revet/brent,10101,10101,10101,0.0,,,,,,,,,,
915608,1860,VESTVÅGØY,189620179,0,183.0,Naust båthus sjøbu,TB,Tatt i bruk,10101,10101,19910101,19.0,,,,,,,,,,
915609,1860,VESTVÅGØY,189623461,0,241.0,Hus for dyr/landbr.lager/silo,BR,Bygning revet/brent,10101,10101,19500101,0.0,,,,,,,,,,
915610,1860,VESTVÅGØY,189617119,0,111.0,Enebolig,BR,Bygning revet/brent,10101,10101,10101,0.0,,,,,,,,,,
915611,1860,VESTVÅGØY,189620160,0,181.0,Garasjeuthus anneks til bolig,BR,Bygning revet/brent,10101,10101,10101,18.0,,,,,,,,,,
915612,1860,VESTVÅGØY,189617100,0,241.0,Hus for dyr/landbr.lager/silo,BR,Bygning revet/brent,10101,10101,10101,0.0,,,,,,,,,,
915613,1860,VESTVÅGØY,189623453,0,241.0,Hus for dyr/landbr.lager/silo,BR,Bygning revet/brent,10101,10101,19500101,0.0,,,,,,,,,,
915614,1860,VESTVÅGØY,189620152,0,181.0,Garasjeuthus anneks til bolig,TB,Tatt i bruk,10101,10101,19880210,24.0,,,,,,,,,,
915615,1860,VESTVÅGØY,189617097,0,249.0,Annen landbruksbygning,BR,Bygning revet/brent,10101,10101,10101,0.0,,,,,,,,,,
915616,1860,VESTVÅGØY,189623445,0,181.0,Garasjeuthus anneks til bolig,TB,Tatt i bruk,10101,10101,19500101,22.0,,,,,,,,,,
915617,1860,VESTVÅGØY,189617089,0,113.0,Våningshus,BR,Bygning revet/brent,10101,10101,10101,0.0,,,,,,,,,,
915618,1860,VESTVÅGØY,189623437,0,181.0,Garasjeuthus anneks til bolig,TB,Tatt i bruk,10101,10101,19500101,17.0,,,,,,,,,,
915619,1860,VESTVÅGØY,189620144,0,121.0,"Tomannsbolig, vertikaldelt",TB,Tatt i bruk,19950701,19950701,19950713,113.0,,,56488014.0,Haugsongelen,1050.0,12.0,,,8372.0,GRAVDAL
915620,1860,VESTVÅGØY,189617070,0,241.0,Hus for dyr/landbr.lager/silo,BR,Bygning revet/brent,10101,10101,10101,0.0,,,,,,,,,,
915621,1860,VESTVÅGØY,189623429,0,183.0,Naust båthus sjøbu,TB,Tatt i bruk,10101,10101,19500101,22.0,,,,,,,,,,
915622,1860,VESTVÅGØY,189617062,0,241.0,Hus for dyr/landbr.lager/silo,BR,Bygning revet/brent,10101,10101,10101,0.0,,,,,,,,,,
915623,1860,VESTVÅGØY,189623410,0,181.0,Garasjeuthus anneks til bolig,TB,Tatt i bruk,10101,10101,19500101,53.0,,,,,,,,,,
915624,1860,VESTVÅGØY,189620128,0,121.0,"Tomannsbolig, vertikaldelt",TB,Tatt i bruk,19950701,19950701,19960401,113.0,,,56488036.0,Haugsongelen,1050.0,16.0,,,8372.0,GRAVDAL
915625,1860,VESTVÅGØY,189617054,0,161.0,Fritidsbygg(hyttersommerh. ol,TB,Tatt i bruk,10101,10101,19100101,25.0,,,56497720.0,Ellstadveien,8105.0,55.0,,,8360.0,BØSTAD
915626,1860,VESTVÅGØY,189623402,0,181.0,Garasjeuthus anneks til bolig,TB,Tatt i bruk,10101,10101,19500101,23.0,,,,,,,,,,
915627,1860,VESTVÅGØY,189617046,0,241.0,Hus for dyr/landbr.lager/silo,BR,Bygning revet/brent,10101,10101,10101,0.0,,,,,,,,,,
915628,1860,VESTVÅGØY,189623399,0,181.0,Garasjeuthus anneks til bolig,TB,Tatt i bruk,10101,10101,19500101,15.0,,,,,,,,,,
915629,1860,VESTVÅGØY,189620101,0,121.0,"Tomannsbolig, vertikaldelt",TB,Tatt i bruk,19910201,19910201,19910701,126.0,,,56483956.0,Brattbergveien,1006.0,3.0,,,8372.0,GRAVDAL
915630,1860,VESTVÅGØY,189617038,0,113.0,Våningshus,BR,Bygning revet/brent,10101,10101,10101,0.0,,,,,,,,,,
915631,1860,VESTVÅGØY,189623380,0,183.0,Naust båthus sjøbu,TB,Tatt i bruk,10101,10101,19500101,23.0,,,,,,,,,,
915632,1860,VESTVÅGØY,189617011,0,113.0,Våningshus,BR,Bygning revet/brent,10101,10101,10101,0.0,,,,,,,,,,
915633,1860,VESTVÅGØY,189623372,0,181.0,Garasjeuthus anneks til bolig,TB,Tatt i bruk,10101,10101,19500101,45.0,,,,,,,,,,
915634,1860,VESTVÅGØY,189620098,0,121.0,"Tomannsbolig, vertikaldelt",TB,Tatt i bruk,19930701,19950707,19960520,113.0,,,56488038.0,Haugsongelen,1050.0,20.0,,,8372.0,GRAVDAL
915635,1860,VESTVÅGØY,189617003,0,183.0,Naust båthus sjøbu,BR,Bygning revet/brent,10101,10101,10101,0.0,,,,,,,,,,
915636,1860,VESTVÅGØY,189623364,0,181.0,Garasjeuthus anneks til bolig,TB,Tatt i bruk,10101,10101,19500101,70.0,,,,,,,,,,
915637,1860,VESTVÅGØY,189616996,0,241.0,Hus for dyr/landbr.lager/silo,BR,Bygning revet/brent,10101,10101,10101,0.0,,,,,,,,,,
915638,1860,VESTVÅGØY,189623356,0,241.0,Hus for dyr/landbr.lager/silo,TB,Tatt i bruk,10101,10101,19500101,131.0,,,,,,,,,,
915639,1860,VESTVÅGØY,189620071,0,121.0,"Tomannsbolig, vertikaldelt",TB,Tatt i bruk,19900801,19910101,19910701,84.0,,,56483959.0,Brattbergveien,1006.0,9.0,,,8372.0,GRAVDAL
915640,1860,VESTVÅGØY,189616988,0,113.0,Våningshus,BR,Bygning revet/brent,10101,10101,10101,0.0,,,,,,,,,,
915641,1860,VESTVÅGØY,189623348,0,181.0,Garasjeuthus anneks til bolig,TB,Tatt i bruk,10101,10101,19500101,19.0,,,,,,,,,,
915642,1860,VESTVÅGØY,189620357,0,181.0,Garasjeuthus anneks til bolig,TB,Tatt i bruk,10101,10101,10101,19.0,,,,,,,,,,
915643,1860,VESTVÅGØY,189617313,0,111.0,Enebolig,TB,Tatt i bruk,10101,10101,19000101,80.0,,,56497178.0,Sandveien,8108.0,500.0,,,8360.0,BØSTAD
915644,1860,VESTVÅGØY,189623615,0,131.0,Rekkehus,TB,Tatt i bruk,19971126,19971201,19971201,67.0,,,56496454.0,Solvoll,3071.0,10.0,,,8370.0,LEKNES
915645,1860,VESTVÅGØY,189620349,0,181.0,Garasjeuthus anneks til bolig,TB,Tatt i bruk,10101,10101,10101,28.0,,,,,,,,,,
915646,1860,VESTVÅGØY,189617305,0,181.0,Garasjeuthus anneks til bolig,TB,Tatt i bruk,10101,10101,10101,74.0,,,,,,,,,,
915647,1860,VESTVÅGØY,189620330,0,111.0,Enebolig,TB,Tatt i bruk,10101,10101,19810217,180.0,,,56487057.0,Svarholtveien,4011.0,10.0,,,8340.0,STAMSUND
915648,1860,VESTVÅGØY,189617291,0,161.0,Fritidsbygg(hyttersommerh. ol,TB,Tatt i bruk,10101,10101,10101,27.0,,,56497717.0,,,,,0.0,8360.0,BØSTAD
915649,1860,VESTVÅGØY,189623607,0,131.0,Rekkehus,TB,Tatt i bruk,19971126,19971201,19980805,59.0,,,56497032.0,Solvoll,3071.0,17.0,,,8370.0,LEKNES
915650,1860,VESTVÅGØY,189620322,0,212.0,Verkstedbygning,TB,Tatt i bruk,10101,10101,10101,368.0,,,,,,,,,,
915651,1860,VESTVÅGØY,189617283,0,181.0,Garasjeuthus anneks til bolig,TB,Tatt i bruk,10101,10101,10101,19.0,,,,,,,,,,
915652,1860,VESTVÅGØY,189620314,0,181.0,Garasjeuthus anneks til bolig,TB,Tatt i bruk,10101,10101,19790101,24.0,,,,,,,,,,
915653,1860,VESTVÅGØY,189617275,0,241.0,Hus for dyr/landbr.lager/silo,BR,Bygning revet/brent,10101,10101,10101,0.0,,,,,,,,,,
915654,1860,VESTVÅGØY,189623593,0,131.0,Rekkehus,TB,Tatt i bruk,19971126,19971201,19980805,59.0,,,56496452.0,Solvoll,3071.0,15.0,,,8370.0,LEKNES
915655,1860,VESTVÅGØY,189617267,0,241.0,Hus for dyr/landbr.lager/silo,BR,Bygning revet/brent,10101,10101,10101,0.0,,,,,,,,,,
915656,1860,VESTVÅGØY,189620306,0,524.0,Camping/utleiehytte,TB,Tatt i bruk,19890901,19910201,19910201,19.0,,,,,,,,,,
915657,1860,VESTVÅGØY,189617259,0,249.0,Annen landbruksbygning,BR,Bygning revet/brent,10101,10101,10101,0.0,,,,,,,,,,
915658,1860,VESTVÅGØY,189623585,0,131.0,Rekkehus,TB,Tatt i bruk,19971126,19971201,19980805,59.0,,,56496451.0,Solvoll,3071.0,13.0,,,8370.0,LEKNES
915659,1860,VESTVÅGØY,189617240,0,183.0,Naust båthus sjøbu,TB,Tatt i bruk,10101,10101,10101,17.0,,,,,,,,,,
915660,1860,VESTVÅGØY,189620292,0,524.0,Camping/utleiehytte,TB,Tatt i bruk,19890901,19910201,19910201,19.0,,,,,,,,,,
915661,1860,VESTVÅGØY,189617232,0,241.0,Hus for dyr/landbr.lager/silo,BR,Bygning revet/brent,10101,10101,10101,0.0,,,,,,,,,,
915662,1860,VESTVÅGØY,189623577,0,133.0,Kjede/atriumhus,TB,Tatt i bruk,19970423,19970523,19981110,119.0,,,56495680.0,Televeien,3027.0,17.0,,,8370.0,LEKNES
915663,1860,VESTVÅGØY,189620284,0,524.0,Camping/utleiehytte,TB,Tatt i bruk,10101,10101,19900109,37.0,,,,,,,,,,
915664,1860,VESTVÅGØY,189617224,0,241.0,Hus for dyr/landbr.lager/silo,BR,Bygning revet/brent,10101,10101,10101,0.0,,,,,,,,,,
915665,1860,VESTVÅGØY,189620276,0,181.0,Garasjeuthus anneks til bolig,TB,Tatt i bruk,10101,10101,10101,19.0,,,,,,,,,,
915666,1860,VESTVÅGØY,189617216,0,241.0,Hus for dyr/landbr.lager/silo,BR,Bygning revet/brent,10101,10101,10101,0.0,,,,,,,,,,
915667,1860,VESTVÅGØY,189623569,0,133.0,Kjede/atriumhus,TB,Tatt i bruk,19970423,19970523,19981110,119.0,,,56495038.0,Televeien,3027.0,13.0,,,8370.0,LEKNES
915668,1860,VESTVÅGØY,189620268,0,181.0,Garasjeuthus anneks til bolig,TB,Tatt i bruk,10101,10101,20021010,47.0,,,,,,,,,,
915669,1860,VESTVÅGØY,189617208,0,249.0,Annen landbruksbygning,BR,Bygning revet/brent,10101,10101,10101,0.0,,,,,,,,,,
915670,1860,VESTVÅGØY,189623550,0,662.0,Samfunnshus grendehus,TB,Tatt i bruk,10101,10101,19500101,683.0,,,56493101.0,Torvdalsveien,8102.0,23.0,,,8360.0,BØSTAD
915671,1860,VESTVÅGØY,189620241,0,181.0,Garasjeuthus anneks til bolig,TB,Tatt i bruk,10101,10101,10101,16.0,,,,,,,,,,
915672,1860,VESTVÅGØY,189617194,0,111.0,Enebolig,BR,Bygning revet/brent,10101,10101,10101,0.0,,,,,,,,,,
915673,1860,VESTVÅGØY,189623542,0,131.0,Rekkehus,TB,Tatt i bruk,10101,10101,19860619,81.0,,,56485011.0,Linesettet,2005.0,17.0,,,8373.0,BALLSTAD
915674,1860,VESTVÅGØY,189620233,0,181.0,Garasjeuthus anneks til bolig,TB,Tatt i bruk,10101,10101,10101,21.0,,,,,,,,,,
915675,1860,VESTVÅGØY,189617186,0,241.0,Hus for dyr/landbr.lager/silo,BR,Bygning revet/brent,10101,10101,10101,0.0,,,,,,,,,,
915676,1860,VESTVÅGØY,189623534,0,131.0,Rekkehus,TB,Tatt i bruk,10101,10101,19860619,81.0,,,56485007.0,Linesettet,2005.0,13.0,,,8373.0,BALLSTAD
915677,1860,VESTVÅGØY,189620225,0,181.0,Garasjeuthus anneks til bolig,TB,Tatt i bruk,10101,10101,19880114,30.0,,,,,,,,,,
915678,1860,VESTVÅGØY,189617178,0,249.0,Annen landbruksbygning,BR,Bygning revet/brent,10101,10101,10101,0.0,,,,,,,,,,
915679,1860,VESTVÅGØY,189623526,0,161.0,Fritidsbygg(hyttersommerh. ol,TB,Tatt i bruk,10101,10101,19500101,25.0,,,56499056.0,Steineveien,4043.0,49.0,,,8340.0,STAMSUND
915680,1860,VESTVÅGØY,189620217,0,111.0,Enebolig,BR,Bygning revet/brent,10101,10101,10101,118.0,,,56485419.0,Storgata,3000.0,83.0,,,8370.0,LEKNES
915681,1860,VESTVÅGØY,189617151,0,249.0,Annen landbruksbygning,BR,Bygning revet/brent,10101,10101,10101,0.0,,,,,,,,,,
915682,1860,VESTVÅGØY,189623518,0,161.0,Fritidsbygg(hyttersommerh. ol,TB,Tatt i bruk,10101,10101,19500101,15.0,,,,,,,,,,
915683,1860,VESTVÅGØY,189616430,0,113.0,Våningshus,BR,Bygning revet/brent,10101,10101,10101,0.0,,,,,,,,,,
915684,1860,VESTVÅGØY,189616422,0,171.0,Seterhus sel rorbu o.l.,BR,Bygning revet/brent,10101,10101,10101,0.0,,,,,,,,,,
915685,1860,VESTVÅGØY,189616414,0,219.0,Annen industribygning,BR,Bygning revet/brent,10101,10101,10101,0.0,,,,,,,,,,
915686,1860,VESTVÅGØY,189616406,0,111.0,Enebolig,BR,Bygning revet/brent,10101,10101,10101,0.0,,,,,,,,,,
915687,1860,VESTVÅGØY,189616392,0,171.0,Seterhus sel rorbu o.l.,TB,Tatt i bruk,10101,10101,10101,37.0,,,,,,,,,,
915688,1860,VESTVÅGØY,189616384,0,171.0,Seterhus sel rorbu o.l.,BR,Bygning revet/brent,10101,10101,10101,70.0,,,,,,,,,,
915689,1860,VESTVÅGØY,189616376,0,171.0,Seterhus sel rorbu o.l.,TB,Tatt i bruk,10101,10101,10101,46.0,,,,,,,,,,
915690,1860,VESTVÅGØY,189623003,0,131.0,Rekkehus,TB,Tatt i bruk,19911001,19911001,19911201,52.0,,,56486143.0,Bjørkelunden,3031.0,3.0,,,8370.0,LEKNES
915691,1860,VESTVÅGØY,189616368,0,248.0,Annen fiskeri- og fangstbygn.,TB,Tatt i bruk,10101,10101,10101,360.0,,,,,,,,,,
915692,1860,VESTVÅGØY,189616341,0,171.0,Seterhus sel rorbu o.l.,TB,Tatt i bruk,10101,10101,10101,34.0,,,,,,,,,,
915693,1860,VESTVÅGØY,189622996,0,131.0,Rekkehus,TB,Tatt i bruk,19911001,19911001,19911201,52.0,,,56486142.0,Bjørkelunden,3031.0,1.0,,,8370.0,LEKNES
915694,1860,VESTVÅGØY,189616333,0,171.0,Seterhus sel rorbu o.l.,TB,Tatt i bruk,10101,10101,10101,69.0,,,,,,,,,,
915695,1860,VESTVÅGØY,189616325,0,171.0,Seterhus sel rorbu o.l.,BU,Bygningsnummer utgått,10101,10101,10101,0.0,,,,,,,,,,
915696,1860,VESTVÅGØY,189622988,0,131.0,Rekkehus,TB,Tatt i bruk,19891108,19900101,19900115,49.0,,,56498485.0,Rognbærstien,3033.0,12.0,C,,8370.0,LEKNES
915697,1860,VESTVÅGØY,189616317,0,171.0,Seterhus sel rorbu o.l.,TB,Tatt i bruk,10101,10101,10101,133.0,,,,,,,,,,
915698,1860,VESTVÅGØY,189616309,0,171.0,Seterhus sel rorbu o.l.,TB,Tatt i bruk,10101,10101,10101,156.0,,,,,,,,,,
915699,1860,VESTVÅGØY,189622961,0,131.0,Rekkehus,TB,Tatt i bruk,19891108,19900101,19900115,49.0,,,56498484.0,Rognbærstien,3033.0,12.0,A,,8370.0,LEKNES
915700,1860,VESTVÅGØY,189616295,0,244.0,Driftsb. fiske/fangst/oppdr,BR,Bygning revet/brent,10101,10101,10101,0.0,,,,,,,,,,
915701,1860,VESTVÅGØY,189616287,0,219.0,Annen industribygning,BR,Bygning revet/brent,10101,10101,10101,0.0,,,,,,,,,,
915702,1860,VESTVÅGØY,189622953,0,131.0,Rekkehus,TB,Tatt i bruk,19891108,19900101,19900115,40.0,,,56498482.0,Rognbærstien,3033.0,10.0,C,,8370.0,LEKNES
915703,1860,VESTVÅGØY,189616279,0,241.0,Hus for dyr/landbr.lager/silo,BR,Bygning revet/brent,10101,10101,10101,0.0,,,,,,,,,,
915704,1860,VESTVÅGØY,189616546,0,181.0,Garasjeuthus anneks til bolig,TB,Tatt i bruk,10101,10101,18100101,18.0,,,,,,,,,,
915705,1860,VESTVÅGØY,189616538,0,241.0,Hus for dyr/landbr.lager/silo,BR,Bygning revet/brent,10101,10101,10101,0.0,,,,,,,,,,
915706,1860,VESTVÅGØY,189616511,0,171.0,Seterhus sel rorbu o.l.,BR,Bygning revet/brent,10101,10101,10101,0.0,,,,,,,,,,
915707,1860,VESTVÅGØY,189616503,0,249.0,Annen landbruksbygning,BR,Bygning revet/brent,10101,10101,10101,0.0,,,,,,,,,,
915708,1860,VESTVÅGØY,189616481,0,111.0,Enebolig,BR,Bygning revet/brent,10101,10101,10101,0.0,,,,,,,,,,
915709,1860,VESTVÅGØY,189616473,0,249.0,Annen landbruksbygning,BR,Bygning revet/brent,10101,10101,10101,0.0,,,,,,,,,,
915710,1860,VESTVÅGØY,189616465,0,241.0,Hus for dyr/landbr.lager/silo,BR,Bygning revet/brent,10101,10101,10101,0.0,,,,,,,,,,
915711,1860,VESTVÅGØY,189616457,0,111.0,Enebolig,BR,Bygning revet/brent,10101,10101,10101,0.0,,,,,,,,,,
915712,1860,VESTVÅGØY,189616449,0,171.0,Seterhus sel rorbu o.l.,BR,Bygning revet/brent,10101,10101,10101,0.0,,,,,,,,,,
915713,1860,VESTVÅGØY,189616082,0,241.0,Hus for dyr/landbr.lager/silo,BR,Bygning revet/brent,10101,10101,10101,0.0,,,,,,,,,,
915714,1860,VESTVÅGØY,189622864,2,415.0,Godsterminal,TB,Tatt i bruk,19980714,19980814,19990813,224.0,,,,,,,,,,
915715,1860,VESTVÅGØY,189619693,0,111.0,Enebolig,TB,Tatt i bruk,10101,10101,19770101,167.0,,,56485006.0,Linesettet,2005.0,12.0,,,8373.0,BALLSTAD
915716,1860,VESTVÅGØY,189616074,0,241.0,Hus for dyr/landbr.lager/silo,BR,Bygning revet/brent,10101,10101,10101,0.0,,,,,,,,,,
915717,1860,VESTVÅGØY,189619685,0,181.0,Garasjeuthus anneks til bolig,TB,Tatt i bruk,10101,10101,19690101,30.0,,,,,,,,,,
915718,1860,VESTVÅGØY,189616066,0,249.0,Annen landbruksbygning,BR,Bygning revet/brent,10101,10101,10101,0.0,,,,,,,,,,
915719,1860,VESTVÅGØY,189622864,1,415.0,Godsterminal,TB,Tatt i bruk,19950707,19950717,19960707,720.0,,,56487990.0,Bolleveien,3018.0,3.0,,,8370.0,LEKNES
915720,1860,VESTVÅGØY,189619677,0,181.0,Garasjeuthus anneks til bolig,TB,Tatt i bruk,10101,10101,19000101,29.0,,,,,,,,,,
915721,1860,VESTVÅGØY,189616058,0,249.0,Annen landbruksbygning,BR,Bygning revet/brent,10101,10101,10101,0.0,,,,,,,,,,
915722,1860,VESTVÅGØY,189619669,0,181.0,Garasjeuthus anneks til bolig,TB,Tatt i bruk,10101,10101,19920101,28.0,,,,,,,,,,
915723,1860,VESTVÅGØY,189616031,0,249.0,Annen landbruksbygning,BR,Bygning revet/brent,10101,10101,10101,0.0,,,,,,,,,,
915724,1860,VESTVÅGØY,189622864,0,415.0,Godsterminal,TB,Tatt i bruk,19930401,19930416,19931001,802.0,,,56487990.0,Bolleveien,3018.0,3.0,,,8370.0,LEKNES
915725,1860,VESTVÅGØY,189619650,0,181.0,Garasjeuthus anneks til bolig,TB,Tatt i bruk,10101,10101,10101,15.0,,,,,,,,,,
915726,1860,VESTVÅGØY,189616023,0,244.0,Driftsb. fiske/fangst/oppdr,BR,Bygning revet/brent,10101,10101,10101,0.0,,,,,,,,,,
915727,1860,VESTVÅGØY,189622856,0,121.0,"Tomannsbolig, vertikaldelt",TB,Tatt i bruk,10101,10101,19760205,130.0,,,56495128.0,Hellesjyveien,4041.0,3.0,,,8340.0,STAMSUND
915728,1860,VESTVÅGØY,189616015,0,244.0,Driftsb. fiske/fangst/oppdr,BR,Bygning revet/brent,10101,10101,10101,0.0,,,,,,,,,,
915729,1860,VESTVÅGØY,189622848,0,181.0,Garasjeuthus anneks til bolig,BR,Bygning revet/brent,10101,10101,19400101,40.0,,,56486538.0,Fygleveien,3046.0,96.0,,,8370.0,LEKNES
915730,1860,VESTVÅGØY,189619634,0,193.0,Boligbrakker,TB,Tatt i bruk,10101,10101,10101,19.0,,,,,,,,,,
915731,1860,VESTVÅGØY,189616007,0,241.0,Hus for dyr/landbr.lager/silo,TB,Tatt i bruk,10101,10101,19000101,21.0,,,,,,,,,,
915732,1860,VESTVÅGØY,189619626,0,181.0,Garasjeuthus anneks til bolig,TB,Tatt i bruk,10101,10101,19960101,27.0,,,,,,,,,,
915733,1860,VESTVÅGØY,189622821,0,181.0,Garasjeuthus anneks til bolig,TB,Tatt i bruk,19890510,19890610,19920330,20.0,,,,,,,,,,
915734,1860,VESTVÅGØY,189615981,0,249.0,Annen landbruksbygning,BR,Bygning revet/brent,10101,10101,19000101,0.0,,,,,,,,,,
915735,1860,VESTVÅGØY,189619618,0,111.0,Enebolig,TB,Tatt i bruk,10101,10101,19880101,157.0,,,56488648.0,Buksnesveien,1047.0,569.0,,,8372.0,GRAVDAL
915736,1860,VESTVÅGØY,189622813,0,131.0,Rekkehus,TB,Tatt i bruk,10101,10101,19821222,146.0,,,56497177.0,Haugsmyra,1035.0,52.0,D,,8372.0,GRAVDAL
915737,1860,VESTVÅGØY,189615973,0,161.0,Fritidsbygg(hyttersommerh. ol,GR,Bygning godkjent for riving/brenning,10101,10101,19000101,94.0,,,56490303.0,Eggumsveien,5013.0,57.0,,,8360.0,BØSTAD
915738,1860,VESTVÅGØY,189619596,0,161.0,Fritidsbygg(hyttersommerh. ol,TB,Tatt i bruk,10101,10101,10101,175.0,,,,,,,,,,
915739,1860,VESTVÅGØY,189622805,0,131.0,Rekkehus,TB,Tatt i bruk,10101,10101,19821222,146.0,,,56497176.0,Haugsmyra,1035.0,52.0,C,,8372.0,GRAVDAL
915740,1860,VESTVÅGØY,189615965,0,219.0,Annen industribygning,BR,Bygning revet/brent,10101,10101,10101,0.0,,,,,,,,,,
915741,1860,VESTVÅGØY,189619588,0,239.0,Annen lagerbygning,TB,Tatt i bruk,10101,10101,10101,59.0,,,,,,,,,,
915742,1860,VESTVÅGØY,189622791,0,131.0,Rekkehus,TB,Tatt i bruk,10101,10101,19821222,146.0,,,56497175.0,Haugsmyra,1035.0,52.0,B,,8372.0,GRAVDAL
915743,1860,VESTVÅGØY,189615957,0,111.0,Enebolig,BR,Bygning revet/brent,10101,10101,10101,0.0,,,,,,,,,,
915744,1860,VESTVÅGØY,189619561,0,181.0,Garasjeuthus anneks til bolig,TB,Tatt i bruk,10101,10101,10101,20.0,,,,,,,,,,
915745,1860,VESTVÅGØY,189615949,0,183.0,Naust båthus sjøbu,BR,Bygning revet/brent,10101,10101,10101,0.0,,,,,,,,,,
915746,1860,VESTVÅGØY,189619553,0,183.0,Naust båthus sjøbu,TB,Tatt i bruk,10101,10101,10101,63.0,,,,,,,,,,
915747,1860,VESTVÅGØY,189622783,0,111.0,Enebolig,TB,Tatt i bruk,19820715,19820815,19830418,180.0,,,56495837.0,Steineveien,4043.0,291.0,,,8340.0,STAMSUND
915748,1860,VESTVÅGØY,189615930,0,183.0,Naust båthus sjøbu,BR,Bygning revet/brent,10101,10101,10101,0.0,,,,,,,,,,
915749,1860,VESTVÅGØY,189619545,0,111.0,Enebolig,TB,Tatt i bruk,10101,10101,10101,110.0,,,511340218.0,Buøyveien,4046.0,85.0,,,8340.0,STAMSUND
915750,1860,VESTVÅGØY,189615922,0,241.0,Hus for dyr/landbr.lager/silo,BR,Bygning revet/brent,10101,10101,10101,0.0,,,,,,,,,,
915751,1860,VESTVÅGØY,189619537,0,239.0,Annen lagerbygning,TB,Tatt i bruk,10101,10101,19500101,981.0,,,,,,,,,,
915752,1860,VESTVÅGØY,189622775,0,161.0,Fritidsbygg(hyttersommerh. ol,TB,Tatt i bruk,19820615,19820715,19830711,22.0,,,56491605.0,Valbergsveien,7007.0,775.0,,,8357.0,VALBERG
915753,1860,VESTVÅGØY,189615914,0,241.0,Hus for dyr/landbr.lager/silo,BR,Bygning revet/brent,10101,10101,10101,0.0,,,,,,,,,,
915754,1860,VESTVÅGØY,189619529,0,111.0,Enebolig,TB,Tatt i bruk,10101,10101,19780608,178.0,,,56488013.0,Brynjeveien,5003.0,20.0,,,8360.0,BØSTAD
915755,1860,VESTVÅGØY,189616260,0,181.0,Garasjeuthus anneks til bolig,TB,Tatt i bruk,10101,10101,10101,7.0,,,,,,,,,,
915756,1860,VESTVÅGØY,189622945,0,131.0,Rekkehus,TB,Tatt i bruk,19891108,19900101,19900115,40.0,,,56498481.0,Rognbærstien,3033.0,10.0,A,,8370.0,LEKNES
915757,1860,VESTVÅGØY,189616252,0,249.0,Annen landbruksbygning,BR,Bygning revet/brent,10101,10101,10101,0.0,,,,,,,,,,
915758,1860,VESTVÅGØY,189616244,0,241.0,Hus for dyr/landbr.lager/silo,BR,Bygning revet/brent,10101,10101,10101,0.0,,,,,,,,,,
915759,1860,VESTVÅGØY,189622937,0,131.0,Rekkehus,TB,Tatt i bruk,19891108,19900101,19900115,49.0,,,56498479.0,Skogkanten,3032.0,30.0,C,,8370.0,LEKNES
915760,1860,VESTVÅGØY,189616236,0,113.0,Våningshus,TB,Tatt i bruk,10101,10101,10101,95.0,,,56497031.0,Ramberg,8104.0,300.0,,,8360.0,BØSTAD
915761,1860,VESTVÅGØY,189616228,0,111.0,Enebolig,BU,Bygningsnummer utgått,10101,10101,10101,0.0,,,,,,,,,,
915762,1860,VESTVÅGØY,189622929,0,131.0,Rekkehus,TB,Tatt i bruk,19891108,19900101,19900115,49.0,,,56498478.0,Skogkanten,3032.0,30.0,A,,8370.0,LEKNES
915763,1860,VESTVÅGØY,189616201,0,183.0,Naust båthus sjøbu,TB,Tatt i bruk,10101,10101,19000101,29.0,,,,,,,,,,
915764,1860,VESTVÅGØY,189616198,0,181.0,Garasjeuthus anneks til bolig,TB,Tatt i bruk,10101,10101,19000101,34.0,,,,,,,,,,
915765,1860,VESTVÅGØY,189622910,0,121.0,"Tomannsbolig, vertikaldelt",TB,Tatt i bruk,19930301,19930311,19931209,101.0,,,56487623.0,Engbakken,3039.0,23.0,,,8370.0,LEKNES
915766,1860,VESTVÅGØY,189616171,0,183.0,Naust båthus sjøbu,TB,Tatt i bruk,10101,10101,10101,41.0,,,,,,,,,,
915767,1860,VESTVÅGØY,189616163,0,183.0,Naust båthus sjøbu,TB,Tatt i bruk,10101,10101,10101,33.0,,,,,,,,,,
915768,1860,VESTVÅGØY,189622902,0,121.0,"Tomannsbolig, vertikaldelt",TB,Tatt i bruk,19930501,19930501,19931007,100.0,,,56487960.0,Engbakken,3039.0,10.0,,,8370.0,LEKNES
915769,1860,VESTVÅGØY,189616155,0,241.0,Hus for dyr/landbr.lager/silo,TB,Tatt i bruk,10101,10101,10101,42.0,,,,,,,,,,
915770,1860,VESTVÅGØY,189616147,0,171.0,Seterhus sel rorbu o.l.,BR,Bygning revet/brent,10101,10101,10101,0.0,,,,,,,,,,
915771,1860,VESTVÅGØY,189622899,0,121.0,"Tomannsbolig, vertikaldelt",TB,Tatt i bruk,19930501,19930502,19930622,50.0,,,56487937.0,Engbakken,3039.0,36.0,,,8370.0,LEKNES
915772,1860,VESTVÅGØY,189616139,0,244.0,Driftsb. fiske/fangst/oppdr,BR,Bygning revet/brent,10101,10101,10101,0.0,,,,,,,,,,
915773,1860,VESTVÅGØY,189616120,0,241.0,Hus for dyr/landbr.lager/silo,BR,Bygning revet/brent,10101,10101,10101,0.0,,,,,,,,,,
915774,1860,VESTVÅGØY,189622880,0,121.0,"Tomannsbolig, vertikaldelt",TB,Tatt i bruk,19930501,19930502,19930622,100.0,,,56487946.0,Engbakken,3039.0,22.0,,,8370.0,LEKNES
915775,1860,VESTVÅGØY,189616112,0,241.0,Hus for dyr/landbr.lager/silo,BR,Bygning revet/brent,10101,10101,10101,0.0,,,,,,,,,,
915776,1860,VESTVÅGØY,189616104,0,241.0,Hus for dyr/landbr.lager/silo,BR,Bygning revet/brent,10101,10101,10101,0.0,,,,,,,,,,
915777,1860,VESTVÅGØY,189622872,0,121.0,"Tomannsbolig, vertikaldelt",TB,Tatt i bruk,19930501,19930502,19931220,100.0,,,56487944.0,Engbakken,3039.0,26.0,,,8370.0,LEKNES
915778,1860,VESTVÅGØY,189616090,0,113.0,Våningshus,BR,Bygning revet/brent,10101,10101,10101,0.0,,,,,,,,,,
915779,1860,VESTVÅGØY,189618891,0,111.0,Enebolig,TB,Tatt i bruk,10101,10101,19690318,95.0,,,56489375.0,Leknesveien,3056.0,247.0,,,8370.0,LEKNES
915780,1860,VESTVÅGØY,189618883,0,111.0,Enebolig,TB,Tatt i bruk,10101,10101,10101,201.7,,,56489327.0,Leknesveien,3056.0,101.0,,,8370.0,LEKNES
915781,1860,VESTVÅGØY,189618875,0,111.0,Enebolig,BR,Bygning revet/brent,10101,10101,10101,49.0,,,,,,,,,,
915782,1860,VESTVÅGØY,189618867,0,111.0,Enebolig,TB,Tatt i bruk,10101,10101,19370101,201.0,,,56486597.0,Rønsvoll,3070.0,7.0,,,8370.0,LEKNES
915783,1860,VESTVÅGØY,189618859,0,111.0,Enebolig,TB,Tatt i bruk,10101,10101,10101,118.0,,,56486569.0,Holsøyveien,3047.0,51.0,,,8370.0,LEKNES
915784,1860,VESTVÅGØY,189618840,0,111.0,Enebolig,TB,Tatt i bruk,10101,10101,10101,173.0,,,56492979.0,Vikingveien,8011.0,335.0,,,8360.0,BØSTAD
915785,1860,VESTVÅGØY,189618832,0,111.0,Enebolig,TB,Tatt i bruk,10101,10101,19750101,157.0,,,56486596.0,Storeidmyra,3049.0,48.0,,,8370.0,LEKNES
915786,1860,VESTVÅGØY,189618824,0,111.0,Enebolig,TB,Tatt i bruk,10101,10101,19330101,121.0,,,56486594.0,Storeidmyra,3049.0,40.0,,,8370.0,LEKNES
915787,1860,VESTVÅGØY,189618816,0,111.0,Enebolig,TB,Tatt i bruk,10101,10101,10101,217.0,,,56486593.0,Storeidmyra,3049.0,38.0,,,8370.0,LEKNES
915788,1860,VESTVÅGØY,189618808,0,181.0,Garasjeuthus anneks til bolig,TB,Tatt i bruk,10101,10101,10101,102.0,,,,,,,,,,
915789,1860,VESTVÅGØY,189618794,0,181.0,Garasjeuthus anneks til bolig,TB,Tatt i bruk,10101,10101,10101,56.0,,,,,,,,,,
915790,1860,VESTVÅGØY,189618786,1,113.0,Våningshus,TB,Tatt i bruk,10101,10101,19790101,16.0,,,,,,,,,,
915791,1860,VESTVÅGØY,189618786,0,113.0,Våningshus,TB,Tatt i bruk,10101,10101,19790101,146.0,,,56489293.0,Bolleveien,3018.0,173.0,,,8370.0,LEKNES
915792,1860,VESTVÅGØY,189618778,0,111.0,Enebolig,TB,Tatt i bruk,10101,10101,10101,201.0,,,56489291.0,Bolleveien,3018.0,171.0,,,8370.0,LEKNES
915793,1860,VESTVÅGØY,189618751,0,181.0,Garasjeuthus anneks til bolig,TB,Tatt i bruk,10101,10101,10101,105.0,,,,,,,,,,
915794,1860,VESTVÅGØY,189618743,0,111.0,Enebolig,TB,Tatt i bruk,10101,10101,10101,76.0,,,56489275.0,Bolleveien,3018.0,185.0,,,8370.0,LEKNES
915795,1860,VESTVÅGØY,189622104,0,111.0,Enebolig,TB,Tatt i bruk,19960319,19960401,19970101,162.0,,,56490955.0,Ramsvikveien,6004.0,235.0,,,8370.0,LEKNES
915796,1860,VESTVÅGØY,189622090,0,161.0,Fritidsbygg(hyttersommerh. ol,TB,Tatt i bruk,10101,10101,10101,29.0,,,,,,,,,,
915797,1860,VESTVÅGØY,189618999,2,219.0,Annen industribygning,BU,Bygningsnummer utgått,19921023,19931023,19940301,150.0,,,,,,,,,,
915798,1860,VESTVÅGØY,189622082,0,161.0,Fritidsbygg(hyttersommerh. ol,TB,Tatt i bruk,10101,10101,10101,36.0,,,,,,,,,,
915799,1860,VESTVÅGØY,189622074,0,161.0,Fritidsbygg(hyttersommerh. ol,TB,Tatt i bruk,10101,10101,10101,101.0,,,,,,,,,,
915800,1860,VESTVÅGØY,189618999,1,219.0,Annen industribygning,BU,Bygningsnummer utgått,19871130,19880503,19890309,285.0,,,,,,,,,,
915801,1860,VESTVÅGØY,189622066,0,181.0,Garasjeuthus anneks til bolig,TB,Tatt i bruk,10101,10101,10101,60.0,,,,,,,,,,
915802,1860,VESTVÅGØY,189618999,0,219.0,Annen industribygning,BU,Bygningsnummer utgått,10101,10101,10101,435.0,,,56489909.0,Bakeriveien,4047.0,34.0,,,8340.0,STAMSUND
915803,1860,VESTVÅGØY,189622058,0,181.0,Garasjeuthus anneks til bolig,TB,Tatt i bruk,10101,10101,10101,37.0,,,,,,,,,,
915804,1860,VESTVÅGØY,189618980,0,111.0,Enebolig,TB,Tatt i bruk,10101,10101,10101,362.0,,,56487480.0,Halsan,4039.0,13.0,,,8340.0,STAMSUND
915805,1860,VESTVÅGØY,189622031,0,183.0,Naust båthus sjøbu,TB,Tatt i bruk,10101,10101,19980101,10.0,,,,,,,,,,
915806,1860,VESTVÅGØY,189618972,0,112.0,Enebolig m/hybel/sokkelleil.,TB,Tatt i bruk,10101,10101,19730101,184.0,,,56487407.0,Hartvåghaugen,4029.0,12.0,,,8340.0,STAMSUND
915807,1860,VESTVÅGØY,189622023,0,181.0,Garasjeuthus anneks til bolig,TB,Tatt i bruk,10101,10101,10101,5.0,,,,,,,,,,
915808,1860,VESTVÅGØY,189618964,0,111.0,Enebolig,TB,Tatt i bruk,10101,10101,19781222,180.0,,,56487401.0,Yttervikveien,4028.0,27.0,,,8340.0,STAMSUND
915809,1860,VESTVÅGØY,189622015,0,181.0,Garasjeuthus anneks til bolig,TB,Tatt i bruk,10101,10101,19730101,18.0,,,,,,,,,,
915810,1860,VESTVÅGØY,189618956,0,181.0,Garasjeuthus anneks til bolig,BR,Bygning revet/brent,10101,10101,19200101,74.0,,,,,,,,,,
915811,1860,VESTVÅGØY,189622007,0,181.0,Garasjeuthus anneks til bolig,TB,Tatt i bruk,10101,10101,19700101,27.0,,,,,,,,,,
915812,1860,VESTVÅGØY,189618948,0,111.0,Enebolig,TB,Tatt i bruk,10101,10101,19781108,209.0,,,56487064.0,Aspeveien,4012.0,5.0,,,8340.0,STAMSUND
915813,1860,VESTVÅGØY,189621981,0,239.0,Annen lagerbygning,BR,Bygning revet/brent,10101,10101,10101,180.0,,,,,,,,,,
915814,1860,VESTVÅGØY,189618921,0,112.0,Enebolig m/hybel/sokkelleil.,TB,Tatt i bruk,10101,10101,19800101,250.0,,,56495050.0,Ringveien,4004.0,1.0,,,8340.0,STAMSUND
915815,1860,VESTVÅGØY,189621965,0,183.0,Naust båthus sjøbu,TB,Tatt i bruk,10101,10101,10101,31.0,,,,,,,,,,
915816,1860,VESTVÅGØY,189618913,0,111.0,Enebolig,TB,Tatt i bruk,10101,10101,19790906,158.0,,,56486636.0,Hagskarveien,3052.0,129.0,,,8370.0,LEKNES
915817,1860,VESTVÅGØY,189621957,0,181.0,Garasjeuthus anneks til bolig,TB,Tatt i bruk,10101,10101,10101,41.0,,,,,,,,,,
915818,1860,VESTVÅGØY,189621949,0,111.0,Enebolig,TB,Tatt i bruk,10101,10101,10101,70.0,,,56488512.0,Skottnesveien,1040.0,179.0,,,8373.0,BALLSTAD
915819,1860,VESTVÅGØY,189618905,1,111.0,Enebolig,TB,Tatt i bruk,20031222,20040201,20041101,41.0,,,56489400.0,Leknesveien,3056.0,637.0,,,8370.0,LEKNES
915820,1860,VESTVÅGØY,189621930,0,181.0,Garasjeuthus anneks til bolig,TB,Tatt i bruk,10101,10101,10101,50.0,,,,,,,,,,
915821,1860,VESTVÅGØY,189618905,0,111.0,Enebolig,TB,Tatt i bruk,10101,10101,10101,156.0,,,56489400.0,Leknesveien,3056.0,637.0,,,8370.0,LEKNES
915822,1860,VESTVÅGØY,189618735,0,111.0,Enebolig,FA,Ferdigattest,10101,19720822,10101,113.0,,,56489295.0,Bolleveien,3018.0,183.0,,,8370.0,LEKNES
915823,1860,VESTVÅGØY,189618727,0,111.0,Enebolig,TB,Tatt i bruk,10101,10101,19711021,152.0,,,56496575.0,Bedehusbakken,3023.0,22.0,,,8370.0,LEKNES
915824,1860,VESTVÅGØY,189618719,0,322.0,Butikk/forretningsbygning,TB,Tatt i bruk,10101,10101,10101,244.0,,,56485980.0,Gymnasveien,3015.0,2.0,,,8370.0,LEKNES
915825,1860,VESTVÅGØY,189619367,0,111.0,Enebolig,TB,Tatt i bruk,10101,10101,19780102,173.0,,,56495151.0,Finstadveien,6016.0,20.0,,,8340.0,STAMSUND
915826,1860,VESTVÅGØY,189622619,0,249.0,Annen landbruksbygning,TB,Tatt i bruk,10101,10101,19500101,110.0,,,,,,,,,,
915827,1860,VESTVÅGØY,189615736,0,182.0,Garasjeuth.anneks til fritidb,TB,Tatt i bruk,10101,10101,10101,20.0,,,,,,,,,,
915828,1860,VESTVÅGØY,189619359,0,111.0,Enebolig,TB,Tatt i bruk,10101,10101,19801117,92.0,,,56491442.0,Holsdalsveien,6012.0,11.0,,,8370.0,LEKNES
915829,1860,VESTVÅGØY,189622600,0,181.0,Garasjeuthus anneks til bolig,TB,Tatt i bruk,10101,10101,19500101,17.0,,,,,,,,,,
915830,1860,VESTVÅGØY,189615728,0,181.0,Garasjeuthus anneks til bolig,BR,Bygning revet/brent,10101,10101,10101,27.0,,,,,,,,,,
915831,1860,VESTVÅGØY,189622597,0,249.0,Annen landbruksbygning,TB,Tatt i bruk,10101,10101,19550101,59.0,,,,,,,,,,
915832,1860,VESTVÅGØY,189615701,0,241.0,Hus for dyr/landbr.lager/silo,BR,Bygning revet/brent,10101,10101,10101,0.0,,,,,,,,,,
915833,1860,VESTVÅGØY,189619340,0,111.0,Enebolig,TB,Tatt i bruk,19760212,19760312,19761221,187.0,,,56492210.0,Ureveien,6010.0,57.0,,,8352.0,SENNESVIK
915834,1860,VESTVÅGØY,189622589,0,181.0,Garasjeuthus anneks til bolig,BR,Bygning revet/brent,10101,10101,19500101,11.0,,,,,,,,,,
915835,1860,VESTVÅGØY,189615698,0,113.0,Våningshus,TB,Tatt i bruk,10101,10101,19900101,60.0,,,56497028.0,Torbergjorda,4050.0,86.0,,,8340.0,STAMSUND
915836,1860,VESTVÅGØY,189619332,0,111.0,Enebolig,TB,Tatt i bruk,10101,10101,10101,157.0,,,56492204.0,Ureveien,6010.0,49.0,,,8352.0,SENNESVIK
915837,1860,VESTVÅGØY,189622562,0,241.0,Hus for dyr/landbr.lager/silo,TB,Tatt i bruk,10101,10101,19500101,74.0,,,,,,,,,,
915838,1860,VESTVÅGØY,189615671,0,241.0,Hus for dyr/landbr.lager/silo,BR,Bygning revet/brent,10101,10101,10101,0.0,,,,,,,,,,
915839,1860,VESTVÅGØY,189619324,0,111.0,Enebolig,TB,Tatt i bruk,10101,10101,19790101,224.0,,,56486595.0,Storeidmyra,3049.0,46.0,,,8370.0,LEKNES
915840,1860,VESTVÅGØY,189622554,0,111.0,Enebolig,TB,Tatt i bruk,10101,10101,19500101,28.0,,,56499051.0,Borgvågveien,5014.0,24.0,,,8360.0,BØSTAD
915841,1860,VESTVÅGØY,189615663,0,111.0,Enebolig,BR,Bygning revet/brent,10101,10101,10101,0.0,,,,,,,,,,
915842,1860,VESTVÅGØY,189619316,0,111.0,Enebolig,BR,Bygning revet/brent,10101,10101,10101,0.0,,,,,,,,,,
915843,1860,VESTVÅGØY,189622546,0,181.0,Garasjeuthus anneks til bolig,TB,Tatt i bruk,10101,10101,19500101,19.0,,,,,,,,,,
915844,1860,VESTVÅGØY,189615655,0,249.0,Annen landbruksbygning,BR,Bygning revet/brent,10101,10101,10101,0.0,,,,,,,,,,
915845,1860,VESTVÅGØY,189619308,0,111.0,Enebolig,TB,Tatt i bruk,10101,10101,19700407,171.0,,,56494415.0,Rise,8306.0,168.0,,,8370.0,LEKNES
915846,1860,VESTVÅGØY,189622538,0,181.0,Garasjeuthus anneks til bolig,TB,Tatt i bruk,10101,10101,19500101,32.0,,,,,,,,,,
915847,1860,VESTVÅGØY,189615647,0,241.0,Hus for dyr/landbr.lager/silo,BR,Bygning revet/brent,10101,10101,10101,0.0,,,,,,,,,,
915848,1860,VESTVÅGØY,189619294,0,111.0,Enebolig,TB,Tatt i bruk,10101,10101,10101,106.0,,,56494418.0,Rise,8306.0,108.0,,,8370.0,LEKNES
915849,1860,VESTVÅGØY,189622511,0,181.0,Garasjeuthus anneks til bolig,TB,Tatt i bruk,10101,10101,19500101,68.0,,,,,,,,,,
915850,1860,VESTVÅGØY,189615639,0,183.0,Naust båthus sjøbu,BU,Bygningsnummer utgått,10101,10101,10101,0.0,,,,,,,,,,
915851,1860,VESTVÅGØY,189619286,0,111.0,Enebolig,TB,Tatt i bruk,10101,10101,10101,40.0,,,56494296.0,Grundstadveien,8201.0,578.0,,,8360.0,BØSTAD
915852,1860,VESTVÅGØY,189622503,0,183.0,Naust båthus sjøbu,TB,Tatt i bruk,10101,10101,10101,14.0,,,,,,,,,,
915853,1860,VESTVÅGØY,189615620,0,181.0,Garasjeuthus anneks til bolig,BR,Bygning revet/brent,10101,10101,10101,0.0,,,,,,,,,,
915854,1860,VESTVÅGØY,189622481,0,181.0,Garasjeuthus anneks til bolig,TB,Tatt i bruk,10101,10101,20020101,19.0,,,,,,,,,,
915855,1860,VESTVÅGØY,189615612,0,171.0,Seterhus sel rorbu o.l.,TB,Tatt i bruk,10101,10101,19000101,52.0,,,,,,,,,,
915856,1860,VESTVÅGØY,189619278,0,111.0,Enebolig,TB,Tatt i bruk,19730130,19730228,19750324,174.0,,,56494284.0,Grundstadveien,8201.0,468.0,,,8360.0,BØSTAD
915857,1860,VESTVÅGØY,189622473,0,241.0,Hus for dyr/landbr.lager/silo,TB,Tatt i bruk,10101,10101,19500101,43.0,,,,,,,,,,
915858,1860,VESTVÅGØY,189615604,0,249.0,Annen landbruksbygning,TB,Tatt i bruk,10101,10101,10101,19.0,,,,,,,,,,
915859,1860,VESTVÅGØY,189619251,0,111.0,Enebolig,TB,Tatt i bruk,10101,10101,10101,99.0,,,56494325.0,Grundstadveien,8201.0,427.0,,,8360.0,BØSTAD
915860,1860,VESTVÅGØY,189622465,0,241.0,Hus for dyr/landbr.lager/silo,TB,Tatt i bruk,10101,10101,19500101,113.0,,,,,,,,,,
915861,1860,VESTVÅGØY,189615590,0,183.0,Naust båthus sjøbu,BR,Bygning revet/brent,10101,10101,10101,0.0,,,,,,,,,,
915862,1860,VESTVÅGØY,189622457,0,181.0,Garasjeuthus anneks til bolig,TB,Tatt i bruk,10101,10101,19500101,25.0,,,,,,,,,,
915863,1860,VESTVÅGØY,189615582,0,183.0,Naust båthus sjøbu,BR,Bygning revet/brent,10101,10101,10101,0.0,,,,,,,,,,
915864,1860,VESTVÅGØY,189619243,0,111.0,Enebolig,TB,Tatt i bruk,19821219,19821219,19830630,180.0,,,56493722.0,Haverringen,8110.0,975.0,,,8360.0,BØSTAD
915865,1860,VESTVÅGØY,189622449,0,181.0,Garasjeuthus anneks til bolig,TB,Tatt i bruk,10101,10101,19500101,22.0,,,,,,,,,,
915866,1860,VESTVÅGØY,189615574,0,241.0,Hus for dyr/landbr.lager/silo,BR,Bygning revet/brent,10101,10101,10101,0.0,,,,,,,,,,
915867,1860,VESTVÅGØY,189622430,0,161.0,Fritidsbygg(hyttersommerh. ol,TB,Tatt i bruk,10101,10101,19500101,97.0,,,56493082.0,Slydalen,8004.0,64.0,,,8360.0,BØSTAD
915868,1860,VESTVÅGØY,189615566,0,241.0,Hus for dyr/landbr.lager/silo,BR,Bygning revet/brent,10101,10101,10101,0.0,,,,,,,,,,
915869,1860,VESTVÅGØY,189622767,0,181.0,Garasjeuthus anneks til bolig,TB,Tatt i bruk,10101,10101,10101,91.0,,,,,,,,,,
915870,1860,VESTVÅGØY,189615906,0,244.0,Driftsb. fiske/fangst/oppdr,BR,Bygning revet/brent,10101,10101,10101,0.0,,,,,,,,,,
915871,1860,VESTVÅGØY,189619510,0,181.0,Garasjeuthus anneks til bolig,TB,Tatt i bruk,10101,10101,10101,15.0,,,,,,,,,,
915872,1860,VESTVÅGØY,189622759,0,111.0,Enebolig,TB,Tatt i bruk,10101,10101,10101,137.0,,,56496525.0,Torvdalsveien,8102.0,105.0,,,8360.0,BØSTAD
915873,1860,VESTVÅGØY,189615892,0,249.0,Annen landbruksbygning,TB,Tatt i bruk,10101,10101,19000101,35.0,,,,,,,,,,
915874,1860,VESTVÅGØY,189619502,0,181.0,Garasjeuthus anneks til bolig,TB,Tatt i bruk,10101,10101,10101,49.0,,,,,,,,,,
915875,1860,VESTVÅGØY,189622740,0,111.0,Enebolig,TB,Tatt i bruk,10101,10101,10101,139.0,,,56490033.0,Pollveien,5010.0,52.0,,,8360.0,BØSTAD
915876,1860,VESTVÅGØY,189615884,0,241.0,Hus for dyr/landbr.lager/silo,BR,Bygning revet/brent,10101,10101,10101,0.0,,,,,,,,,,
915877,1860,VESTVÅGØY,189619499,0,241.0,Hus for dyr/landbr.lager/silo,TB,Tatt i bruk,10101,10101,19920330,99.0,,,,,,,,,,
915878,1860,VESTVÅGØY,189615876,0,181.0,Garasjeuthus anneks til bolig,TB,Tatt i bruk,10101,10101,10101,18.0,,,,,,,,,,
915879,1860,VESTVÅGØY,189619480,0,181.0,Garasjeuthus anneks til bolig,BR,Bygning revet/brent,10101,10101,19800101,20.0,,,,,,,,,,
915880,1860,VESTVÅGØY,189622732,1,248.0,Annen fiskeri- og fangstbygn.,TB,Tatt i bruk,20040525,20040601,20040815,11.0,,,56498319.0,Nilsvika,4051.0,45.0,,,8340.0,STAMSUND
915881,1860,VESTVÅGØY,189615868,0,161.0,Fritidsbygg(hyttersommerh. ol,TB,Tatt i bruk,10101,10101,10101,85.0,,,,,,,,,,
915882,1860,VESTVÅGØY,189619472,0,181.0,Garasjeuthus anneks til bolig,TB,Tatt i bruk,10101,10101,19940214,92.0,,,,,,,,,,
915883,1860,VESTVÅGØY,189622732,0,248.0,Annen fiskeri- og fangstbygn.,TB,Tatt i bruk,10101,10101,10101,20.0,,,56498319.0,Nilsvika,4051.0,45.0,,,8340.0,STAMSUND
915884,1860,VESTVÅGØY,189615841,0,111.0,Enebolig,TB,Tatt i bruk,10101,10101,10101,69.0,,,56490319.0,Eggumsveien,5013.0,459.0,,,8360.0,BØSTAD
915885,1860,VESTVÅGØY,189619464,0,181.0,Garasjeuthus anneks til bolig,TB,Tatt i bruk,10101,10101,10101,80.0,,,,,,,,,,
915886,1860,VESTVÅGØY,189622724,0,244.0,Driftsb. fiske/fangst/oppdr,BR,Bygning revet/brent,10101,10101,19300101,194.0,,,,,,,,,,
915887,1860,VESTVÅGØY,189615833,0,241.0,Hus for dyr/landbr.lager/silo,TB,Tatt i bruk,10101,10101,10101,11.0,,,,,,,,,,
915888,1860,VESTVÅGØY,189619456,0,181.0,Garasjeuthus anneks til bolig,TB,Tatt i bruk,10101,10101,10101,16.0,,,,,,,,,,
915889,1860,VESTVÅGØY,189622716,0,181.0,Garasjeuthus anneks til bolig,TB,Tatt i bruk,10101,10101,19500101,13.0,,,,,,,,,,
915890,1860,VESTVÅGØY,189615825,0,182.0,Garasjeuth.anneks til fritidb,TB,Tatt i bruk,10101,10101,10101,16.0,,,,,,,,,,
915891,1860,VESTVÅGØY,189619448,0,111.0,Enebolig,TB,Tatt i bruk,10101,10101,19821220,187.0,,,56483921.0,Kløvsteinveien,1002.0,3.0,,,8372.0,GRAVDAL
915892,1860,VESTVÅGØY,189622708,0,181.0,Garasjeuthus anneks til bolig,TB,Tatt i bruk,10101,10101,19500101,41.0,,,,,,,,,,
915893,1860,VESTVÅGØY,189615817,0,182.0,Garasjeuth.anneks til fritidb,TB,Tatt i bruk,10101,10101,10101,55.0,,,,,,,,,,
915894,1860,VESTVÅGØY,189619421,0,212.0,Verkstedbygning,TB,Tatt i bruk,10101,10101,19830101,245.6,,,56484017.0,Industriveien,1009.0,5.0,,,8372.0,GRAVDAL
915895,1860,VESTVÅGØY,189622694,0,183.0,Naust båthus sjøbu,TB,Tatt i bruk,10101,10101,19500101,43.0,,,,,,,,,,
915896,1860,VESTVÅGØY,189615809,0,181.0,Garasjeuthus anneks til bolig,TB,Tatt i bruk,10101,10101,10101,45.0,,,,,,,,,,
915897,1860,VESTVÅGØY,189619413,0,183.0,Naust båthus sjøbu,TB,Tatt i bruk,10101,10101,10101,26.0,,,56497661.0,Voieveien,8311.0,294.0,,,8370.0,LEKNES
915898,1860,VESTVÅGØY,189622686,0,181.0,Garasjeuthus anneks til bolig,TB,Tatt i bruk,10101,10101,19500101,16.0,,,,,,,,,,
915899,1860,VESTVÅGØY,189615795,0,241.0,Hus for dyr/landbr.lager/silo,BR,Bygning revet/brent,10101,10101,10101,0.0,,,,,,,,,,
915900,1860,VESTVÅGØY,189622678,0,181.0,Garasjeuthus anneks til bolig,TB,Tatt i bruk,10101,10101,19500101,27.0,,,,,,,,,,
915901,1860,VESTVÅGØY,189615787,0,241.0,Hus for dyr/landbr.lager/silo,BR,Bygning revet/brent,10101,10101,10101,0.0,,,,,,,,,,
915902,1860,VESTVÅGØY,189619405,0,161.0,Fritidsbygg(hyttersommerh. ol,TB,Tatt i bruk,19860220,19860320,19920129,39.0,,,56497663.0,Voieveien,8311.0,296.0,,,8370.0,LEKNES
915903,1860,VESTVÅGØY,189622651,0,181.0,Garasjeuthus anneks til bolig,TB,Tatt i bruk,10101,10101,19500101,12.0,,,,,,,,,,
915904,1860,VESTVÅGØY,189615779,0,241.0,Hus for dyr/landbr.lager/silo,BR,Bygning revet/brent,10101,10101,10101,0.0,,,,,,,,,,
915905,1860,VESTVÅGØY,189619391,0,111.0,Enebolig,TB,Tatt i bruk,10101,10101,19790925,164.0,,,56495706.0,Haugveien,1042.0,318.0,,,8372.0,GRAVDAL
915906,1860,VESTVÅGØY,189622643,0,183.0,Naust båthus sjøbu,TB,Tatt i bruk,10101,10101,19500101,13.0,,,,,,,,,,
915907,1860,VESTVÅGØY,189615760,0,113.0,Våningshus,BR,Bygning revet/brent,10101,10101,10101,0.0,,,,,,,,,,
915908,1860,VESTVÅGØY,189619383,0,111.0,Enebolig,TB,Tatt i bruk,10101,10101,10101,115.0,,,56493089.0,Steinfjordveien,8005.0,20.0,,,8360.0,BØSTAD
915909,1860,VESTVÅGØY,189622635,0,245.0,Naust/redskapshus for fiske,TB,Tatt i bruk,10101,10101,19500101,40.0,,,,,,,,,,
915910,1860,VESTVÅGØY,189615752,0,111.0,Enebolig,BR,Bygning revet/brent,10101,10101,10101,0.0,,,,,,,,,,
915911,1860,VESTVÅGØY,189619375,0,111.0,Enebolig,TB,Tatt i bruk,10101,10101,19821004,196.0,,,56492386.0,Rishaugan,8001.0,27.0,,,8360.0,BØSTAD
915912,1860,VESTVÅGØY,189622627,0,171.0,Seterhus sel rorbu o.l.,TB,Tatt i bruk,10101,10101,10101,62.0,,,,,,,,,,
915913,1860,VESTVÅGØY,189615744,0,111.0,Enebolig,BR,Bygning revet/brent,10101,10101,10101,0.0,,,,,,,,,,
915914,1860,VESTVÅGØY,189619146,0,161.0,Fritidsbygg(hyttersommerh. ol,TB,Tatt i bruk,10101,10101,10101,51.0,,,56497190.0,Grundstadveien,8201.0,75.0,,,8360.0,BØSTAD
915915,1860,VESTVÅGØY,189622252,0,161.0,Fritidsbygg(hyttersommerh. ol,TB,Tatt i bruk,10101,10101,10101,45.0,,,56498385.0,Eggumsveien,5013.0,770.0,,,8360.0,BØSTAD
915916,1860,VESTVÅGØY,189625383,0,182.0,Garasjeuth.anneks til fritidb,TB,Tatt i bruk,10101,10101,10101,8.0,,,,,,,,,,
915917,1860,VESTVÅGØY,189619138,0,161.0,Fritidsbygg(hyttersommerh. ol,TB,Tatt i bruk,10101,10101,10101,110.0,,,56491564.0,Tjønndalsveien,7002.0,162.0,,,8357.0,VALBERG
915918,1860,VESTVÅGØY,189625375,0,161.0,Fritidsbygg(hyttersommerh. ol,TB,Tatt i bruk,10101,10101,10101,50.0,,,,,,,,,,
915919,1860,VESTVÅGØY,189622244,0,111.0,Enebolig,TB,Tatt i bruk,19830315,10101,19850131,183.0,,,56495670.0,Steineveien,4043.0,264.0,,,8340.0,STAMSUND
915920,1860,VESTVÅGØY,189619111,0,111.0,Enebolig,TB,Tatt i bruk,10101,10101,19830221,176.0,,,56490940.0,Ramsvikveien,6004.0,143.0,,,8370.0,LEKNES
915921,1860,VESTVÅGØY,189625367,0,182.0,Garasjeuth.anneks til fritidb,TB,Tatt i bruk,10101,10101,10101,12.0,,,,,,,,,,
915922,1860,VESTVÅGØY,189622236,0,161.0,Fritidsbygg(hyttersommerh. ol,TB,Tatt i bruk,10101,10101,10101,59.0,,,56498327.0,Grundstadveien,8201.0,71.0,,,8360.0,BØSTAD
915923,1860,VESTVÅGØY,189619103,0,111.0,Enebolig,TB,Tatt i bruk,10101,10101,10101,139.0,,,56490939.0,Ramsvikveien,6004.0,141.0,,,8370.0,LEKNES
915924,1860,VESTVÅGØY,189625359,0,161.0,Fritidsbygg(hyttersommerh. ol,TB,Tatt i bruk,10101,10101,10101,41.0,,,,,,,,,,
915925,1860,VESTVÅGØY,189619081,1,111.0,Enebolig,TB,Tatt i bruk,10101,10101,19800101,33.0,,,56490932.0,Ramsvikveien,6004.0,19.0,,,8370.0,LEKNES
915926,1860,VESTVÅGØY,189622228,1,111.0,Enebolig,FA,Ferdigattest,20050921,20051021,20061101,109.0,,,,,,,,,,
915927,1860,VESTVÅGØY,189625340,0,524.0,Camping/utleiehytte,TB,Tatt i bruk,10101,10101,10101,9.0,,,,,,,,,,
915928,1860,VESTVÅGØY,189619081,0,111.0,Enebolig,TB,Tatt i bruk,10101,10101,19750418,123.0,,,56490938.0,Ramsvikveien,6004.0,129.0,,,8370.0,LEKNES
915929,1860,VESTVÅGØY,189622228,0,111.0,Enebolig,TB,Tatt i bruk,10101,10101,10101,265.0,,,56489404.0,Leknesveien,3056.0,499.0,,,8370.0,LEKNES
915930,1860,VESTVÅGØY,189625332,0,524.0,Camping/utleiehytte,TB,Tatt i bruk,10101,10101,10101,9.0,,,,,,,,,,
915931,1860,VESTVÅGØY,189619073,0,111.0,Enebolig,TB,Tatt i bruk,10101,10101,19780816,163.0,,,56496516.0,Ramsvikveien,6004.0,127.0,,,8370.0,LEKNES
915932,1860,VESTVÅGØY,189622201,0,111.0,Enebolig,TB,Tatt i bruk,10101,10101,10101,130.0,,,56490836.0,Borgvågveien,5014.0,50.0,,,8360.0,BØSTAD
915933,1860,VESTVÅGØY,189625324,0,524.0,Camping/utleiehytte,TB,Tatt i bruk,10101,10101,10101,9.0,,,,,,,,,,
915934,1860,VESTVÅGØY,189619065,0,111.0,Enebolig,TB,Tatt i bruk,10101,10101,19721214,119.0,,,56490937.0,Ramsvikveien,6004.0,125.0,,,8370.0,LEKNES
915935,1860,VESTVÅGØY,189622198,0,111.0,Enebolig,TB,Tatt i bruk,10101,10101,19500101,91.0,,,56490869.0,Borgvågveien,5014.0,26.0,,,8360.0,BØSTAD
915936,1860,VESTVÅGØY,189625316,0,524.0,Camping/utleiehytte,TB,Tatt i bruk,10101,10101,10101,19.0,,,,,,,,,,
915937,1860,VESTVÅGØY,189619057,0,111.0,Enebolig,TB,Tatt i bruk,10101,10101,10101,174.0,,,56490917.0,Einangen,6003.0,11.0,,,8370.0,LEKNES
915938,1860,VESTVÅGØY,189622171,0,111.0,Enebolig,TB,Tatt i bruk,10101,10101,10101,194.0,,,56489403.0,Leknesveien,3056.0,656.0,,,8370.0,LEKNES
915939,1860,VESTVÅGØY,189625308,0,524.0,Camping/utleiehytte,TB,Tatt i bruk,10101,10101,10101,19.0,,,,,,,,,,
915940,1860,VESTVÅGØY,189619049,0,111.0,Enebolig,TB,Tatt i bruk,10101,10101,10101,52.0,,,56490837.0,Borgvågveien,5014.0,61.0,,,8360.0,BØSTAD
915941,1860,VESTVÅGØY,189625294,0,524.0,Camping/utleiehytte,TB,Tatt i bruk,10101,10101,10101,20.0,,,,,,,,,,
915942,1860,VESTVÅGØY,189622163,0,181.0,Garasjeuthus anneks til bolig,BR,Bygning revet/brent,10101,10101,19871210,30.0,,,,,,,,,,
915943,1860,VESTVÅGØY,189619030,0,161.0,Fritidsbygg(hyttersommerh. ol,TB,Tatt i bruk,10101,10101,10101,79.0,,,56490816.0,Eggumsveien,5013.0,856.0,,,8360.0,BØSTAD
915944,1860,VESTVÅGØY,189622155,0,181.0,Garasjeuthus anneks til bolig,TB,Tatt i bruk,10101,10101,10101,23.0,,,,,,,,,,
915945,1860,VESTVÅGØY,189619022,0,112.0,Enebolig m/hybel/sokkelleil.,TB,Tatt i bruk,10101,10101,19800409,266.0,,,56489962.0,Høvdingveien,5002.0,52.0,,,8360.0,BØSTAD
915946,1860,VESTVÅGØY,189622147,0,241.0,Hus for dyr/landbr.lager/silo,TB,Tatt i bruk,10101,10101,10101,145.0,,,,,,,,,,
915947,1860,VESTVÅGØY,189619014,0,111.0,Enebolig,TB,Tatt i bruk,10101,10101,19781222,184.0,,,56495813.0,Steineveien,4043.0,234.0,,,8340.0,STAMSUND
915948,1860,VESTVÅGØY,189622139,0,181.0,Garasjeuthus anneks til bolig,TB,Tatt i bruk,10101,10101,10101,88.0,,,,,,,,,,
915949,1860,VESTVÅGØY,189619006,0,111.0,Enebolig,TB,Tatt i bruk,10101,10101,19780427,103.2,,,56495802.0,Steineveien,4043.0,62.0,,,8340.0,STAMSUND
915950,1860,VESTVÅGØY,189622120,0,181.0,Garasjeuthus anneks til bolig,TB,Tatt i bruk,10101,10101,10101,21.0,,,,,,,,,,
915951,1860,VESTVÅGØY,189622112,0,161.0,Fritidsbygg(hyttersommerh. ol,TB,Tatt i bruk,10101,10101,19870709,48.0,,,,,,,,,,
915952,1860,VESTVÅGØY,189618999,3,219.0,Annen industribygning,BU,Bygningsnummer utgått,20001207,20010201,20011203,285.0,,,56489909.0,Bakeriveien,4047.0,34.0,,,8340.0,STAMSUND
915953,1860,VESTVÅGØY,189619235,0,111.0,Enebolig,TB,Tatt i bruk,19700209,19700309,19711105,160.0,,,56493713.0,Haverringen,8110.0,888.0,,,8360.0,BØSTAD
915954,1860,VESTVÅGØY,189622422,0,181.0,Garasjeuthus anneks til bolig,TB,Tatt i bruk,10101,10101,19500101,16.0,,,,,,,,,,
915955,1860,VESTVÅGØY,189615558,0,241.0,Hus for dyr/landbr.lager/silo,BU,Bygningsnummer utgått,10101,10101,10101,0.0,,,,,,,,,,
915956,1860,VESTVÅGØY,189622414,0,161.0,Fritidsbygg(hyttersommerh. ol,TB,Tatt i bruk,10101,10101,19500101,50.0,,,56493083.0,Slydalen,8004.0,80.0,,,8360.0,BØSTAD
915957,1860,VESTVÅGØY,189615531,0,249.0,Annen landbruksbygning,TB,Tatt i bruk,10101,10101,10101,0.0,,,,,,,,,,
915958,1860,VESTVÅGØY,189619227,0,111.0,Enebolig,TB,Tatt i bruk,19780626,19780726,19790424,94.0,,,56493616.0,Sandveien,8108.0,93.0,,,8360.0,BØSTAD
915959,1860,VESTVÅGØY,189622406,0,181.0,Garasjeuthus anneks til bolig,TB,Tatt i bruk,10101,10101,19500101,23.0,,,,,,,,,,
915960,1860,VESTVÅGØY,189615523,0,183.0,Naust båthus sjøbu,TB,Tatt i bruk,10101,10101,10101,90.0,,,,,,,,,,
915961,1860,VESTVÅGØY,189622392,0,181.0,Garasjeuthus anneks til bolig,TB,Tatt i bruk,10101,10101,19500101,15.0,,,,,,,,,,
915962,1860,VESTVÅGØY,189615515,0,241.0,Hus for dyr/landbr.lager/silo,BR,Bygning revet/brent,10101,10101,10101,0.0,,,,,,,,,,
915963,1860,VESTVÅGØY,189619219,1,113.0,Våningshus,FA,Ferdigattest,20010528,20010601,10101,43.0,,,56492928.0,Vikingveien,8011.0,135.0,,,8360.0,BØSTAD
915964,1860,VESTVÅGØY,189622384,0,241.0,Hus for dyr/landbr.lager/silo,TB,Tatt i bruk,10101,10101,19500101,81.0,,,,,,,,,,
915965,1860,VESTVÅGØY,189615507,0,182.0,Garasjeuth.anneks til fritidb,TB,Tatt i bruk,10101,10101,10101,20.0,,,,,,,,,,
915966,1860,VESTVÅGØY,189619219,0,113.0,Våningshus,TB,Tatt i bruk,10101,10101,19330101,143.0,,,56492928.0,Vikingveien,8011.0,135.0,,,8360.0,BØSTAD
915967,1860,VESTVÅGØY,189622376,0,181.0,Garasjeuthus anneks til bolig,TB,Tatt i bruk,10101,10101,19500101,21.0,,,,,,,,,,
915968,1860,VESTVÅGØY,189615493,0,241.0,Hus for dyr/landbr.lager/silo,BR,Bygning revet/brent,10101,10101,10101,0.0,,,,,,,,,,
915969,1860,VESTVÅGØY,189619200,0,111.0,Enebolig,TB,Tatt i bruk,10101,10101,10101,175.0,,,56493011.0,Vikingveien,8011.0,585.0,,,8360.0,BØSTAD
915970,1860,VESTVÅGØY,189622368,0,181.0,Garasjeuthus anneks til bolig,TB,Tatt i bruk,10101,10101,19500101,25.0,,,,,,,,,,
915971,1860,VESTVÅGØY,189615485,0,241.0,Hus for dyr/landbr.lager/silo,BU,Bygningsnummer utgått,10101,10101,10101,0.0,,,,,,,,,,
915972,1860,VESTVÅGØY,189619197,0,111.0,Enebolig,TB,Tatt i bruk,10101,10101,19750101,179.0,,,56493016.0,Vikingveien,8011.0,597.0,,,8360.0,BØSTAD
915973,1860,VESTVÅGØY,189622341,0,181.0,Garasjeuthus anneks til bolig,TB,Tatt i bruk,10101,10101,19500101,20.0,,,,,,,,,,
915974,1860,VESTVÅGØY,189615477,0,182.0,Garasjeuth.anneks til fritidb,BR,Bygning revet/brent,10101,10101,10101,0.0,,,,,,,,,,
915975,1860,VESTVÅGØY,189619189,0,111.0,Enebolig,TB,Tatt i bruk,10101,10101,19880104,242.0,,,56493049.0,Vestersand,8101.0,13.0,,,8360.0,BØSTAD
915976,1860,VESTVÅGØY,189622333,0,181.0,Garasjeuthus anneks til bolig,TB,Tatt i bruk,10101,10101,10101,78.0,,,,,,,,,,
915977,1860,VESTVÅGØY,189625472,0,181.0,Garasjeuthus anneks til bolig,TB,Tatt i bruk,10101,10101,10101,9.0,,,,,,,,,,
915978,1860,VESTVÅGØY,189615469,0,182.0,Garasjeuth.anneks til fritidb,BR,Bygning revet/brent,10101,10101,10101,0.0,,,,,,,,,,
915979,1860,VESTVÅGØY,189622325,0,181.0,Garasjeuthus anneks til bolig,TB,Tatt i bruk,10101,10101,19500101,13.0,,,,,,,,,,
915980,1860,VESTVÅGØY,189625464,0,181.0,Garasjeuthus anneks til bolig,TB,Tatt i bruk,10101,10101,10101,12.0,,,,,,,,,,
915981,1860,VESTVÅGØY,189615450,0,183.0,Naust båthus sjøbu,BR,Bygning revet/brent,10101,10101,10101,0.0,,,,,,,,,,
915982,1860,VESTVÅGØY,189619170,1,111.0,Enebolig,TB,Tatt i bruk,20041006,20041015,20041206,39.0,,,56493606.0,Sandveien,8108.0,7.0,,,8360.0,BØSTAD
915983,1860,VESTVÅGØY,189622317,0,241.0,Hus for dyr/landbr.lager/silo,TB,Tatt i bruk,10101,10101,19500101,112.0,,,,,,,,,,
915984,1860,VESTVÅGØY,189625456,0,181.0,Garasjeuthus anneks til bolig,TB,Tatt i bruk,10101,10101,10101,30.0,,,,,,,,,,
915985,1860,VESTVÅGØY,189615442,0,183.0,Naust båthus sjøbu,BR,Bygning revet/brent,10101,10101,10101,0.0,,,,,,,,,,
915986,1860,VESTVÅGØY,189619170,0,111.0,Enebolig,TB,Tatt i bruk,10101,10101,19700101,139.0,,,56493606.0,Sandveien,8108.0,7.0,,,8360.0,BØSTAD
915987,1860,VESTVÅGØY,189622309,0,181.0,Garasjeuthus anneks til bolig,TB,Tatt i bruk,10101,10101,19800101,65.0,,,,,,,,,,
915988,1860,VESTVÅGØY,189625448,0,181.0,Garasjeuthus anneks til bolig,TB,Tatt i bruk,10101,10101,10101,13.0,,,,,,,,,,
915989,1860,VESTVÅGØY,189619162,0,141.0,Stort frittliggende boligbygg på 2 etg.,TB,Tatt i bruk,10101,10101,19820721,898.0,,,56498329.0,Sundsveien,1038.0,9.0,B,,8372.0,GRAVDAL
915990,1860,VESTVÅGØY,189622295,0,112.0,Enebolig m/hybel/sokkelleil.,TB,Tatt i bruk,10101,10101,19810515,345.0,,,56494374.0,Ner-Voll,8304.0,44.0,,,8370.0,LEKNES
915991,1860,VESTVÅGØY,189625421,0,183.0,Naust båthus sjøbu,TB,Tatt i bruk,10101,10101,10101,14.0,,,,,,,,,,
915992,1860,VESTVÅGØY,189619154,1,111.0,Enebolig,TB,Tatt i bruk,10101,10101,20000101,27.0,,,,,,,,,,
915993,1860,VESTVÅGØY,189622287,0,111.0,Enebolig,TB,Tatt i bruk,10101,10101,19780526,184.0,,,56494362.0,Bøveien,8303.0,98.0,,,8370.0,LEKNES
915994,1860,VESTVÅGØY,189625413,0,181.0,Garasjeuthus anneks til bolig,TB,Tatt i bruk,10101,10101,10101,24.0,,,,,,,,,,
915995,1860,VESTVÅGØY,189622279,0,111.0,Enebolig,TB,Tatt i bruk,10101,10101,10101,231.0,,,56490919.0,Einangen,6003.0,26.0,,,8370.0,LEKNES
915996,1860,VESTVÅGØY,189625405,0,181.0,Garasjeuthus anneks til bolig,TB,Tatt i bruk,10101,10101,10101,20.0,,,,,,,,,,
915997,1860,VESTVÅGØY,189619154,0,111.0,Enebolig,TB,Tatt i bruk,19810605,19810705,19821004,164.0,,,56492958.0,Skjerpveien,8003.0,175.0,,,8360.0,BØSTAD
915998,1860,VESTVÅGØY,189622260,0,161.0,Fritidsbygg(hyttersommerh. ol,TB,Tatt i bruk,10101,10101,10101,35.0,,,56498387.0,Hestøyveien,7004.0,77.0,,,8357.0,VALBERG
915999,1860,VESTVÅGØY,189625391,0,181.0,Garasjeuthus anneks til bolig,TB,Tatt i bruk,10101,10101,10101,23.0,,,,,,,,,,
916000,1532,GISKE,10282802,0,181.0,Garasjeuthus anneks til bolig,TB,Tatt i bruk,19871202,19880620,19900301,42.0,,,57164529.0,Gøymyrane,7031.0,12.0,,,6055.0,GODØYA
916001,1532,GISKE,10282810,0,231.0,Lagerhall,TB,Tatt i bruk,19871210,19881010,19891115,462.0,,,57166957.0,Klippevegen,1090.0,4.0,,,6050.0,VALDERØYA
916002,1532,GISKE,10282780,1,111.0,Enebolig,TB,Tatt i bruk,19871117,19880601,19880610,65.0,,,57164454.0,Godøyvegen,7001.0,730.0,,,6055.0,GODØYA
916003,1532,GISKE,10282799,0,111.0,Enebolig,TB,Tatt i bruk,10101,10101,10101,221.0,,,318225329.0,Burmavegen,8523.0,19.0,,,6052.0,GISKE
916004,1532,GISKE,10282799,1,111.0,Enebolig,TB,Tatt i bruk,19871231,19880405,19881003,56.0,,,318225329.0,Burmavegen,8523.0,19.0,,,6052.0,GISKE
916005,1532,GISKE,10282713,0,181.0,Garasjeuthus anneks til bolig,TB,Tatt i bruk,19870605,19871001,19871030,45.0,,,407825502.0,Tevegen,4017.0,31.0,,,6040.0,VIGRA
916006,1532,GISKE,10282721,0,112.0,Enebolig m/hybel/sokkelleil.,TB,Tatt i bruk,19870604,19871102,19930430,232.0,,,392309131.0,Skarteigane,1066.0,14.0,,,6050.0,VALDERØYA
916007,1532,GISKE,10282691,0,612.0,Barnehage,TB,Tatt i bruk,19871006,19871127,19880405,508.0,,,408403573.0,Grytolmarka,1103.0,7.0,,,6050.0,VALDERØYA
916008,1532,GISKE,10282705,0,183.0,Naust båthus sjøbu,TB,Tatt i bruk,19871006,19871127,19880729,68.0,,,,,,,,,,
916009,1532,GISKE,10282772,0,111.0,Enebolig,TB,Tatt i bruk,19871209,19880104,19881129,254.0,,,407558441.0,Molnesvegen,4005.0,122.0,,,6040.0,VIGRA
916010,1532,GISKE,10282780,0,111.0,Enebolig,TB,Tatt i bruk,10101,10101,10101,196.0,,,57164454.0,Godøyvegen,7001.0,730.0,,,6055.0,GODØYA
916011,1532,GISKE,10282748,0,161.0,Fritidsbygg(hyttersommerh. ol,BU,Bygningsnummer utgått,19871019,10101,10101,50.0,,,,,,,,,,
916012,1532,GISKE,10282756,0,111.0,Enebolig,TB,Tatt i bruk,19871028,19880411,19890127,271.0,,,430107039.0,Borniteigen,4049.0,16.0,,,6040.0,VIGRA
916013,1532,GISKE,10282764,0,181.0,Garasjeuthus anneks til bolig,TB,Tatt i bruk,19871209,19880405,19900301,33.0,,,413902060.0,Nordstranda,1060.0,5.0,,,6050.0,VALDERØYA
916014,1860,VESTVÅGØY,189628471,0,161.0,Fritidsbygg(hyttersommerh. ol,TB,Tatt i bruk,10101,10101,10101,32.0,,,56493571.0,Ellstadveien,8105.0,35.0,,,8360.0,BØSTAD
916015,1532,GISKE,10282659,1,181.0,Garasjeuthus anneks til bolig,TB,Tatt i bruk,19910318,19910502,19910530,12.0,,,,,,,,,,
916016,1860,VESTVÅGØY,189628463,0,182.0,Garasjeuth.anneks til fritidb,TB,Tatt i bruk,10101,10101,10101,34.0,,,,,,,,,,
916017,1860,VESTVÅGØY,189628455,0,181.0,Garasjeuthus anneks til bolig,TB,Tatt i bruk,10101,10101,10101,31.0,,,,,,,,,,
916018,1532,GISKE,10282667,0,112.0,Enebolig m/hybel/sokkelleil.,TB,Tatt i bruk,19870925,19871030,19891205,259.0,,,407357124.0,Storebakken,4030.0,10.0,,,6040.0,VIGRA
916019,1860,VESTVÅGØY,189628447,0,183.0,Naust båthus sjøbu,TB,Tatt i bruk,10101,10101,10101,21.0,,,,,,,,,,
916020,1860,VESTVÅGØY,189628439,0,181.0,Garasjeuthus anneks til bolig,TB,Tatt i bruk,10101,10101,10101,4.0,,,,,,,,,,
916021,1532,GISKE,10282640,0,111.0,Enebolig,TB,Tatt i bruk,19870924,19871101,19880824,163.0,,,388533883.0,Valderhaugstranda,1039.0,1.0,,,6050.0,VALDERØYA
916022,1860,VESTVÅGØY,189628420,0,181.0,Garasjeuthus anneks til bolig,TB,Tatt i bruk,10101,10101,10101,31.0,,,,,,,,,,
916023,1860,VESTVÅGØY,189628412,0,181.0,Garasjeuthus anneks til bolig,TB,Tatt i bruk,10101,10101,10101,13.0,,,,,,,,,,
916024,1532,GISKE,10282659,0,181.0,Garasjeuthus anneks til bolig,TB,Tatt i bruk,19870924,19871030,19880823,37.0,,,,,,,,,,
916025,1860,VESTVÅGØY,189628404,0,182.0,Garasjeuth.anneks til fritidb,TB,Tatt i bruk,10101,10101,10101,6.0,,,,,,,,,,
916026,1532,GISKE,10282675,2,241.0,Hus for dyr/landbr.lager/silo,TB,Tatt i bruk,19900906,19900907,19910403,87.0,,,411510188.0,Blindheimsgarden,4035.0,214.0,,,6040.0,VIGRA
916027,1860,VESTVÅGØY,189628390,0,182.0,Garasjeuth.anneks til fritidb,TB,Tatt i bruk,10101,10101,10101,8.0,,,,,,,,,,
916028,1532,GISKE,10282683,0,181.0,Garasjeuthus anneks til bolig,TB,Tatt i bruk,19871006,19891002,19891031,43.0,,,,,,,,,,
916029,1860,VESTVÅGØY,189628382,0,181.0,Garasjeuthus anneks til bolig,TB,Tatt i bruk,19890510,19890610,19890810,28.0,,,,,,,,,,
916030,1860,VESTVÅGØY,189628374,0,182.0,Garasjeuth.anneks til fritidb,TB,Tatt i bruk,10101,10101,10101,6.0,,,,,,,,,,
916031,1860,VESTVÅGØY,189628366,0,181.0,Garasjeuthus anneks til bolig,TB,Tatt i bruk,10101,10101,10101,20.0,,,,,,,,,,
916032,1532,GISKE,10282675,0,241.0,Hus for dyr/landbr.lager/silo,TB,Tatt i bruk,10101,10101,10101,0.0,,,411510188.0,Blindheimsgarden,4035.0,214.0,,,6040.0,VIGRA
916033,1860,VESTVÅGØY,189628358,0,183.0,Naust båthus sjøbu,TB,Tatt i bruk,10101,10101,10101,17.0,,,,,,,,,,
916034,1532,GISKE,10282675,1,241.0,Hus for dyr/landbr.lager/silo,TB,Tatt i bruk,19871006,19871120,19890524,188.0,,,411510188.0,Blindheimsgarden,4035.0,214.0,,,6040.0,VIGRA
916035,1860,VESTVÅGØY,189628331,0,249.0,Annen landbruksbygning,TB,Tatt i bruk,10101,10101,10101,12.0,,,,,,,,,,
916036,1860,VESTVÅGØY,189628323,0,182.0,Garasjeuth.anneks til fritidb,TB,Tatt i bruk,10101,10101,10101,25.0,,,,,,,,,,
916037,1532,GISKE,10281482,0,322.0,Butikk/forretningsbygning,TB,Tatt i bruk,19860618,19861110,19870825,1075.0,,,57166956.0,Klippevegen,1090.0,2.0,,,6050.0,VALDERØYA
916038,1532,GISKE,10282594,1,321.0,Kjøpesenter varehus,TB,Tatt i bruk,20010807,20020823,20030823,140.0,,,391345964.0,Pettervegen,1061.0,2.0,,,6050.0,VALDERØYA
916039,1532,GISKE,10281490,0,219.0,Annen industribygning,TB,Tatt i bruk,19860618,19861110,19880601,551.0,,,413902059.0,Blomvika,1088.0,102.0,,,6050.0,VALDERØYA
916040,1532,GISKE,10282594,2,321.0,Kjøpesenter varehus,TB,Tatt i bruk,20020612,20020823,20021111,1222.0,,,391345964.0,Pettervegen,1061.0,2.0,,,6050.0,VALDERØYA
916041,1532,GISKE,10281458,0,111.0,Enebolig,TB,Tatt i bruk,19860604,19870323,19880130,300.0,,,57165854.0,Løkejohanvegen,1054.0,7.0,,,6050.0,VALDERØYA
916042,1532,GISKE,10282586,1,311.0,Kontor- og adm.bygning rådhus,TB,Tatt i bruk,19870819,19880201,19880927,377.0,,,,,,,,,,
916043,1532,GISKE,10281466,0,111.0,Enebolig,TB,Tatt i bruk,19860601,19860801,19870831,461.0,,,407345784.0,Hagardsvegen,4029.0,2.0,,,6040.0,VIGRA
916044,1532,GISKE,10282586,2,311.0,Kontor- og adm.bygning rådhus,RA,Rammetillatelse,19960508,10101,10101,93.0,,,,,,,,,,
916045,1532,GISKE,10282594,0,321.0,Kjøpesenter varehus,TB,Tatt i bruk,19861119,19871001,19880323,4177.0,,,391345964.0,Pettervegen,1061.0,2.0,,,6050.0,VALDERØYA
916046,1860,VESTVÅGØY,189628560,0,183.0,Naust båthus sjøbu,TB,Tatt i bruk,10101,10101,10101,21.0,,,,,,,,,,
916047,1532,GISKE,10282624,0,181.0,Garasjeuthus anneks til bolig,TB,Tatt i bruk,19870909,19871120,19881028,45.0,,,,,,,,,,
916048,1860,VESTVÅGØY,189628552,0,182.0,Garasjeuth.anneks til fritidb,TB,Tatt i bruk,10101,10101,10101,16.0,,,,,,,,,,
916049,1860,VESTVÅGØY,189628544,0,182.0,Garasjeuth.anneks til fritidb,TB,Tatt i bruk,10101,10101,10101,44.0,,,,,,,,,,
916050,1532,GISKE,10282632,0,111.0,Enebolig,FA,Ferdigattest,19870921,19900531,10101,96.0,,,309344229.0,Stor-Pe-Teigen,8512.0,1.0,,,6052.0,GISKE
916051,1860,VESTVÅGØY,189628536,0,181.0,Garasjeuthus anneks til bolig,TB,Tatt i bruk,10101,10101,10101,12.0,,,,,,,,,,
916052,1532,GISKE,10281504,0,111.0,Enebolig,TB,Tatt i bruk,10101,10101,10101,177.0,,,407723176.0,Klokkarvegen,4013.0,14.0,,,6040.0,VIGRA
916053,1860,VESTVÅGØY,189628528,0,181.0,Garasjeuthus anneks til bolig,TB,Tatt i bruk,10101,10101,19990101,8.0,,,,,,,,,,
916054,1532,GISKE,10281504,1,111.0,Enebolig,TB,Tatt i bruk,19860618,19860829,19861201,48.0,,,407723176.0,Klokkarvegen,4013.0,14.0,,,6040.0,VIGRA
916055,1532,GISKE,10282608,0,181.0,Garasjeuthus anneks til bolig,TB,Tatt i bruk,19870903,19881201,19890428,37.0,,,,,,,,,,
916056,1860,VESTVÅGØY,189628501,0,243.0,Veksthus,TB,Tatt i bruk,10101,10101,10101,9.0,,,,,,,,,,
916057,1860,VESTVÅGØY,189628498,0,181.0,Garasjeuthus anneks til bolig,TB,Tatt i bruk,10101,10101,10101,31.0,,,,,,,,,,
916058,1532,GISKE,10282616,0,111.0,Enebolig,TB,Tatt i bruk,19870909,19890502,19901221,240.0,,,57166951.0,Niklabakken,1091.0,4.0,,,6050.0,VALDERØYA
916059,1860,VESTVÅGØY,189627572,0,231.0,Lagerhall,TB,Tatt i bruk,10101,10101,10101,30.0,,,,,,,,,,
916060,1860,VESTVÅGØY,189627564,0,181.0,Garasjeuthus anneks til bolig,TB,Tatt i bruk,10101,10101,10101,10.0,,,,,,,,,,
916061,1532,GISKE,10281083,0,113.0,Våningshus,TB,Tatt i bruk,19860421,19860615,19870612,295.0,,,407558448.0,Molnesvegen,4005.0,235.0,,,6040.0,VIGRA
916062,1860,VESTVÅGØY,189627556,0,181.0,Garasjeuthus anneks til bolig,TB,Tatt i bruk,10101,10101,10101,20.0,,,,,,,,,,
916063,1532,GISKE,10281091,0,121.0,"Tomannsbolig, vertikaldelt",TB,Tatt i bruk,10101,10101,10101,244.0,,,57164520.0,Gøymyrane,7031.0,1.0,,,6055.0,GODØYA
916064,1860,VESTVÅGØY,189627548,0,161.0,Fritidsbygg(hyttersommerh. ol,TB,Tatt i bruk,19900419,19900519,19910101,30.0,,,,,,,,,,
916065,1532,GISKE,10281067,0,111.0,Enebolig,TB,Tatt i bruk,19860411,19860615,19870220,150.0,,,413505884.0,Smevegen,4016.0,14.0,,,6040.0,VIGRA
916066,1860,VESTVÅGØY,189627521,0,524.0,Camping/utleiehytte,TB,Tatt i bruk,10101,10101,19980101,48.0,,,,,,,,,,
916067,1860,VESTVÅGØY,189627513,0,524.0,Camping/utleiehytte,TB,Tatt i bruk,10101,10101,19980101,48.0,,,,,,,,,,
916068,1532,GISKE,10281075,0,111.0,Enebolig,TB,Tatt i bruk,10101,10101,10101,147.0,,,375078199.0,Skjongstranda,1019.0,29.0,,,6050.0,VALDERØYA
916069,1860,VESTVÅGØY,189627505,0,524.0,Camping/utleiehytte,TB,Tatt i bruk,10101,10101,19980101,48.0,,,,,,,,,,
916070,1532,GISKE,10281075,1,111.0,Enebolig,TB,Tatt i bruk,19860411,19861001,19900301,145.0,,,375078199.0,Skjongstranda,1019.0,29.0,,,6050.0,VALDERØYA
916071,1860,VESTVÅGØY,189627491,0,524.0,Camping/utleiehytte,TB,Tatt i bruk,10101,10101,19980101,48.0,,,,,,,,,,
916072,1532,GISKE,10281105,1,111.0,Enebolig,TB,Tatt i bruk,19991102,20000106,20010322,14.0,,,403375061.0,Valderøyvegen,1002.0,1081.0,,,6050.0,VALDERØYA
916073,1860,VESTVÅGØY,189627483,0,524.0,Camping/utleiehytte,TB,Tatt i bruk,10101,10101,19980101,39.0,,,,,,,,,,
916074,1532,GISKE,10281113,0,181.0,Garasjeuthus anneks til bolig,TB,Tatt i bruk,10101,19860401,19870331,40.0,,,,,,,,,,
916075,1532,GISKE,10281121,0,181.0,Garasjeuthus anneks til bolig,TB,Tatt i bruk,10101,10101,10101,0.0,,,396954508.0,Nedre Grødalsvegen,1078.0,20.0,,,6050.0,VALDERØYA
916076,1532,GISKE,10281091,1,121.0,"Tomannsbolig, vertikaldelt",TB,Tatt i bruk,19860422,19861015,19870831,86.0,,,57164520.0,Gøymyrane,7031.0,1.0,,,6055.0,GODØYA
916077,1532,GISKE,10281105,0,111.0,Enebolig,TB,Tatt i bruk,19860423,19860630,19870805,276.0,,,403375060.0,Valderøyvegen,1002.0,1079.0,,,6050.0,VALDERØYA
916078,1860,VESTVÅGØY,189627742,0,181.0,Garasjeuthus anneks til bolig,TB,Tatt i bruk,10101,10101,19700101,15.0,,,,,,,,,,
916079,1860,VESTVÅGØY,189627734,0,181.0,Garasjeuthus anneks til bolig,TB,Tatt i bruk,10101,10101,10101,19.0,,,,,,,,,,
916080,1532,GISKE,10281016,2,244.0,Driftsb. fiske/fangst/oppdr,TB,Tatt i bruk,19930712,19931001,19940601,639.0,,,57164556.0,Geilevika,7018.0,2.0,,,6055.0,GODØYA
916081,1860,VESTVÅGØY,189627726,0,181.0,Garasjeuthus anneks til bolig,TB,Tatt i bruk,10101,10101,19480101,15.0,,,,,,,,,,
916082,1860,VESTVÅGØY,189627718,1,181.0,Garasjeuthus anneks til bolig,FA,Ferdigattest,20080107,20080107,10101,45.0,,,,,,,,,,
916083,1532,GISKE,10281016,3,244.0,Driftsb. fiske/fangst/oppdr,RA,Rammetillatelse,19971009,10101,10101,74.0,,,57164556.0,Geilevika,7018.0,2.0,,,6055.0,GODØYA
916084,1860,VESTVÅGØY,189627718,0,181.0,Garasjeuthus anneks til bolig,TB,Tatt i bruk,10101,10101,10101,104.0,,,,,,,,,,
916085,1532,GISKE,10281008,0,181.0,Garasjeuthus anneks til bolig,TB,Tatt i bruk,19860312,19860414,19860930,40.0,,,372466599.0,Øvre Skjong,1021.0,1.0,,,6050.0,VALDERØYA
916086,1860,VESTVÅGØY,189627696,0,182.0,Garasjeuth.anneks til fritidb,TB,Tatt i bruk,10101,10101,10101,53.0,,,,,,,,,,
916087,1860,VESTVÅGØY,189627688,0,161.0,Fritidsbygg(hyttersommerh. ol,TB,Tatt i bruk,10101,10101,10101,20.0,,,,,,,,,,
916088,1532,GISKE,10281016,0,244.0,Driftsb. fiske/fangst/oppdr,TB,Tatt i bruk,10101,10101,10101,811.0,,,57164556.0,Geilevika,7018.0,2.0,,,6055.0,GODØYA
916089,1860,VESTVÅGØY,189627661,0,183.0,Naust båthus sjøbu,TB,Tatt i bruk,10101,10101,10101,22.0,,,,,,,,,,
916090,1532,GISKE,10281016,1,244.0,Driftsb. fiske/fangst/oppdr,TB,Tatt i bruk,19860312,19871001,19871127,384.0,,,57164556.0,Geilevika,7018.0,2.0,,,6055.0,GODØYA
916091,1860,VESTVÅGØY,189627653,0,161.0,Fritidsbygg(hyttersommerh. ol,TB,Tatt i bruk,10101,10101,18900101,14.0,,,,,,,,,,
916092,1532,GISKE,10281040,0,181.0,Garasjeuthus anneks til bolig,TB,Tatt i bruk,19860320,19860422,19860930,46.0,,,,,,,,,,
916093,1860,VESTVÅGØY,189627645,0,181.0,Garasjeuthus anneks til bolig,TB,Tatt i bruk,10101,10101,10101,8.0,,,,,,,,,,
916094,1860,VESTVÅGØY,189627637,0,181.0,Garasjeuthus anneks til bolig,TB,Tatt i bruk,10101,10101,10101,12.0,,,,,,,,,,
916095,1532,GISKE,10281059,0,111.0,Enebolig,TB,Tatt i bruk,19860410,19860429,19870128,354.0,,,396941036.0,Grødalsvegen,1045.0,28.0,,,6050.0,VALDERØYA
916096,1860,VESTVÅGØY,189627629,0,181.0,Garasjeuthus anneks til bolig,TB,Tatt i bruk,10101,10101,10101,11.0,,,,,,,,,,
916097,1860,VESTVÅGØY,189627610,0,181.0,Garasjeuthus anneks til bolig,TB,Tatt i bruk,10101,10101,10101,11.0,,,,,,,,,,
916098,1532,GISKE,10281024,0,199.0,Annen boligbyg.(sek. reindrift,TB,Tatt i bruk,19860320,19860421,19870129,278.0,,,391345961.0,Pettervegen,1061.0,5.0,,,6050.0,VALDERØYA
916099,1860,VESTVÅGØY,189627602,0,171.0,Seterhus sel rorbu o.l.,TB,Tatt i bruk,10101,10101,10101,93.0,,,,,,,,,,
916100,1860,VESTVÅGØY,189627599,0,231.0,Lagerhall,TB,Tatt i bruk,10101,10101,10101,150.0,,,,,,,,,,
916101,1532,GISKE,10281032,0,181.0,Garasjeuthus anneks til bolig,TB,Tatt i bruk,19860320,19861001,19870331,41.0,,,407720936.0,Klokkarvegen,4013.0,13.0,,,6040.0,VIGRA
916102,1860,VESTVÅGØY,189627580,0,183.0,Naust båthus sjøbu,TB,Tatt i bruk,10101,10101,10101,13.0,,,,,,,,,,
916103,1532,GISKE,10280958,0,311.0,Kontor- og adm.bygning rådhus,TB,Tatt i bruk,19860312,19861103,19870519,401.0,,,57163882.0,Flyplassvegen,4033.0,25.0,,,6040.0,VIGRA
916104,4631,ALVER,300001615,0,111.0,Enebolig,FA,Ferdigattest,20071212,20071212,10101,110.0,,,331717238.0,Slettevegen,6001.0,441.0,,,5936.0,MANGER
916105,1532,GISKE,10280966,0,672.0,Bedehus menighetshus,TB,Tatt i bruk,10101,10101,10101,1229.0,,,400104748.0,Valderhaug,1068.0,16.0,,,6050.0,VALDERØYA
916106,1532,GISKE,10280966,1,672.0,Bedehus menighetshus,TB,Tatt i bruk,19860312,19860605,19870831,80.0,,,400104748.0,Valderhaug,1068.0,16.0,,,6050.0,VALDERØYA
916107,1532,GISKE,10280923,1,111.0,Enebolig,TB,Tatt i bruk,19860312,19860602,19860930,59.0,,,57164414.0,Paulsneset,7014.0,16.0,,,6055.0,GODØYA
916108,1532,GISKE,10280931,0,181.0,Garasjeuthus anneks til bolig,TB,Tatt i bruk,19860312,19860615,19860930,46.0,,,,,,,,,,
916109,1532,GISKE,10280982,1,111.0,Enebolig,IG,Igangsettingstillatelse,20030912,20030913,10101,3.0,,,413470746.0,Bureisingsvegen,4050.0,54.0,,,6040.0,VIGRA
916110,1532,GISKE,10280990,0,112.0,Enebolig m/hybel/sokkelleil.,BU,Bygningsnummer utgått,19860312,10101,10101,256.0,,,,,,,,,,
916111,1532,GISKE,10280974,0,241.0,Hus for dyr/landbr.lager/silo,TB,Tatt i bruk,19860312,19860615,19890428,67.0,,,,,,,,,,
916112,1532,GISKE,10280982,0,111.0,Enebolig,TB,Tatt i bruk,19860312,19860411,19861217,194.0,,,413470746.0,Bureisingsvegen,4050.0,54.0,,,6040.0,VIGRA
916113,1532,GISKE,10280869,0,111.0,Enebolig,TB,Tatt i bruk,19860201,19860401,19870316,187.0,,,430105623.0,Borniteigen,4049.0,2.0,,,6040.0,VIGRA
916114,1532,GISKE,10280877,0,113.0,Våningshus,TB,Tatt i bruk,19860219,19860403,19861112,283.0,,,57167945.0,Gøymyrane,7031.0,95.0,,,6055.0,GODØYA
916115,1532,GISKE,10279690,0,181.0,Garasjeuthus anneks til bolig,TB,Tatt i bruk,10101,19841214,19850422,49.0,,,,,,,,,,
916116,1532,GISKE,10279704,0,181.0,Garasjeuthus anneks til bolig,TB,Tatt i bruk,10101,19841218,19850422,50.0,,,,,,,,,,
916117,1532,GISKE,10280842,0,112.0,Enebolig m/hybel/sokkelleil.,TB,Tatt i bruk,19860201,19860401,19870316,200.0,,,396905736.0,Grødalsvegen,1045.0,9.0,,,6050.0,VALDERØYA
916118,1532,GISKE,10280850,0,111.0,Enebolig,TB,Tatt i bruk,19860201,19860429,19861216,259.0,,,309335094.0,Hølevegen,8511.0,15.0,,,6052.0,GISKE
916119,1532,GISKE,10280893,1,672.0,Bedehus menighetshus,TB,Tatt i bruk,19860219,19860421,19900301,86.0,,,309219132.0,Bedehusvegen,8509.0,20.0,,,6052.0,GISKE
916120,1532,GISKE,10280923,0,111.0,Enebolig,TB,Tatt i bruk,10101,10101,10101,293.0,,,57164414.0,Paulsneset,7014.0,16.0,,,6055.0,GODØYA
916121,1532,GISKE,10280885,0,112.0,Enebolig m/hybel/sokkelleil.,TB,Tatt i bruk,19860219,19860428,19870228,261.0,,,358655046.0,Skjongneset,1018.0,11.0,,,6050.0,VALDERØYA
916122,1532,GISKE,10280893,0,672.0,Bedehus menighetshus,TB,Tatt i bruk,10101,10101,10101,491.0,,,309219132.0,Bedehusvegen,8509.0,20.0,,,6052.0,GISKE
916123,1532,GISKE,10282519,0,181.0,Garasjeuthus anneks til bolig,TB,Tatt i bruk,19870715,19870828,19880229,43.0,,,,,,,,,,
916124,1860,VESTVÅGØY,189628137,0,182.0,Garasjeuth.anneks til fritidb,TB,Tatt i bruk,10101,10101,10101,14.0,,,,,,,,,,
916125,1532,GISKE,10281393,1,112.0,Enebolig m/hybel/sokkelleil.,TB,Tatt i bruk,19860610,19860615,19880729,83.0,,,412747828.0,Vikevegen,4040.0,79.0,,,6040.0,VIGRA
916126,1860,VESTVÅGØY,189628129,0,182.0,Garasjeuth.anneks til fritidb,TB,Tatt i bruk,10101,10101,10101,21.0,,,,,,,,,,
916127,1532,GISKE,10282527,0,111.0,Enebolig,BU,Bygningsnummer utgått,19870716,10101,10101,199.0,,,315275891.0,Knutiteigen,8513.0,7.0,,,6052.0,GISKE
916128,1860,VESTVÅGØY,189628110,0,171.0,Seterhus sel rorbu o.l.,TB,Tatt i bruk,10101,10101,10101,87.0,,,6253340813.0,Veinr. 8113,8113.0,30.0,,,8360.0,BØSTAD
916129,1532,GISKE,10281407,0,181.0,Garasjeuthus anneks til bolig,TB,Tatt i bruk,19860611,19860630,19860930,45.0,,,,,,,,,,
916130,1860,VESTVÅGØY,189628102,0,171.0,Seterhus sel rorbu o.l.,TB,Tatt i bruk,10101,10101,10101,57.0,,,,,,,,,,
916131,1532,GISKE,10282535,0,121.0,"Tomannsbolig, vertikaldelt",TB,Tatt i bruk,19870716,19880920,19890202,183.0,,,57165470.0,Øvstevegen,1000.0,14.0,,,6050.0,VALDERØYA
916132,1860,VESTVÅGØY,189628099,0,171.0,Seterhus sel rorbu o.l.,TB,Tatt i bruk,10101,10101,10101,68.0,,,,,,,,,,
916133,1860,VESTVÅGØY,189628080,0,171.0,Seterhus sel rorbu o.l.,TB,Tatt i bruk,10101,10101,10101,50.0,,,,,,,,,,
916134,1532,GISKE,10281385,0,181.0,Garasjeuthus anneks til bolig,TB,Tatt i bruk,19860610,19860630,19860930,46.0,,,,,,,,,,
916135,1532,GISKE,10282500,0,111.0,Enebolig,BU,Bygningsnummer utgått,10101,10101,10101,0.0,,,407285124.0,Demmevegen,4027.0,15.0,,,6040.0,VIGRA
916136,1860,VESTVÅGØY,189628072,0,171.0,Seterhus sel rorbu o.l.,TB,Tatt i bruk,10101,10101,10101,84.0,,,,,,,,,,
916137,1532,GISKE,10282500,1,111.0,Enebolig,BA,Bygging avlyst,19870715,10101,10101,45.0,,,407285124.0,Demmevegen,4027.0,15.0,,,6040.0,VIGRA
916138,1860,VESTVÅGØY,189628064,0,171.0,Seterhus sel rorbu o.l.,BU,Bygningsnummer utgått,10101,10101,10101,18.0,,,,,,,,,,
916139,1532,GISKE,10281393,0,112.0,Enebolig m/hybel/sokkelleil.,TB,Tatt i bruk,10101,10101,10101,242.0,,,412747828.0,Vikevegen,4040.0,79.0,,,6040.0,VIGRA
916140,1860,VESTVÅGØY,189628056,0,529.0,Annen bygning for overnatting,TB,Tatt i bruk,10101,10101,10101,145.0,,,,,,,,,,
916141,1532,GISKE,10281431,0,219.0,Annen industribygning,TB,Tatt i bruk,19860612,19861001,19870301,720.0,,,403375062.0,Valderøyvegen,1002.0,1129.0,,,6050.0,VALDERØYA
916142,1860,VESTVÅGØY,189628048,0,529.0,Annen bygning for overnatting,TB,Tatt i bruk,10101,10101,10101,94.0,,,,,,,,,,
916143,1860,VESTVÅGØY,189628021,0,181.0,Garasjeuthus anneks til bolig,TB,Tatt i bruk,10101,10101,10101,24.0,,,,,,,,,,
916144,1532,GISKE,10281431,1,219.0,Annen industribygning,TB,Tatt i bruk,19870618,19870817,19880601,510.0,,,403375062.0,Valderøyvegen,1002.0,1129.0,,,6050.0,VALDERØYA
916145,1860,VESTVÅGØY,189628013,0,181.0,Garasjeuthus anneks til bolig,BR,Bygning revet/brent,10101,10101,10101,22.0,,,,,,,,,,
916146,1532,GISKE,10282586,0,311.0,Kontor- og adm.bygning rådhus,TB,Tatt i bruk,10101,10101,10101,0.0,,,413509173.0,Glopvegen,1074.0,3.0,,,6050.0,VALDERØYA
916147,1860,VESTVÅGØY,189628005,0,181.0,Garasjeuthus anneks til bolig,TB,Tatt i bruk,10101,10101,10101,18.0,,,,,,,,,,
916148,1860,VESTVÅGØY,189627998,0,181.0,Garasjeuthus anneks til bolig,TB,Tatt i bruk,10101,10101,10101,42.0,,,,,,,,,,
916149,1532,GISKE,10282543,0,111.0,Enebolig,TB,Tatt i bruk,19870717,19880630,19890619,242.0,,,408382591.0,Sætrevegen,1076.0,126.0,,,6050.0,VALDERØYA
916150,1860,VESTVÅGØY,189627971,0,181.0,Garasjeuthus anneks til bolig,TB,Tatt i bruk,10101,10101,10101,8.0,,,,,,,,,,
916151,1532,GISKE,10281423,0,111.0,Enebolig,TB,Tatt i bruk,19860611,19860829,19880104,280.0,,,407357121.0,Storebakken,4030.0,2.0,,,6040.0,VIGRA
916152,1532,GISKE,10282551,0,111.0,Enebolig,TB,Tatt i bruk,19870806,19870824,19880506,179.0,,,392309130.0,Skarteigane,1066.0,12.0,,,6050.0,VALDERØYA
916153,1860,VESTVÅGØY,189628315,0,181.0,Garasjeuthus anneks til bolig,TB,Tatt i bruk,10101,10101,10101,18.0,,,,,,,,,,
916154,1860,VESTVÅGØY,189628307,0,161.0,Fritidsbygg(hyttersommerh. ol,TB,Tatt i bruk,10101,10101,10101,11.0,,,,,,,,,,
916155,1532,GISKE,10281334,0,181.0,Garasjeuthus anneks til bolig,TB,Tatt i bruk,19860604,19861001,19870331,31.0,,,,,,,,,,
916156,1532,GISKE,10282446,0,111.0,Enebolig,TB,Tatt i bruk,19870617,19870701,19880104,199.0,,,315258574.0,Knutiteigen,8513.0,4.0,,,6052.0,GISKE
916157,1860,VESTVÅGØY,189628293,0,182.0,Garasjeuth.anneks til fritidb,TB,Tatt i bruk,10101,10101,10101,22.0,,,,,,,,,,
916158,1860,VESTVÅGØY,189628285,0,161.0,Fritidsbygg(hyttersommerh. ol,TB,Tatt i bruk,10101,10101,10101,14.0,,,,,,,,,,
916159,1532,GISKE,10281342,0,181.0,Garasjeuthus anneks til bolig,TB,Tatt i bruk,19860610,19860611,19860626,44.0,,,57164483.0,Godøyvegen,7001.0,461.0,,,6055.0,GODØYA
916160,1532,GISKE,10282454,0,111.0,Enebolig,TB,Tatt i bruk,19860715,19870710,19880826,329.0,,,392272162.0,Skarteigane,1066.0,5.0,,,6050.0,VALDERØYA
916161,1860,VESTVÅGØY,189628277,0,181.0,Garasjeuthus anneks til bolig,TB,Tatt i bruk,10101,10101,10101,17.0,,,,,,,,,,
916162,1860,VESTVÅGØY,189628269,0,182.0,Garasjeuth.anneks til fritidb,TB,Tatt i bruk,10101,10101,10101,7.0,,,,,,,,,,
916163,1532,GISKE,10281318,1,111.0,Enebolig,TB,Tatt i bruk,20051115,20051125,20060130,0.0,,,,,,,,,,
916164,1532,GISKE,10282411,0,212.0,Verkstedbygning,TB,Tatt i bruk,19870610,19900629,19911115,274.0,,,57164366.0,Sørestranda,4004.0,264.0,,,6040.0,VIGRA
916165,1860,VESTVÅGØY,189628250,0,183.0,Naust båthus sjøbu,TB,Tatt i bruk,10101,10101,10101,14.0,,,,,,,,,,
916166,1860,VESTVÅGØY,189628242,0,182.0,Garasjeuth.anneks til fritidb,TB,Tatt i bruk,10101,10101,19530101,4.0,,,,,,,,,,
916167,1532,GISKE,10281326,0,181.0,Garasjeuthus anneks til bolig,TB,Tatt i bruk,19860604,19861001,19881230,39.0,,,57164926.0,Nesbakken,7035.0,12.0,,,6055.0,GODØYA
916168,1532,GISKE,10282438,0,161.0,Fritidsbygg(hyttersommerh. ol,TB,Tatt i bruk,19870617,19871030,19900301,67.0,,,57167364.0,Jussbakken,7008.0,17.0,,,6055.0,GODØYA
916169,1860,VESTVÅGØY,189628234,0,183.0,Naust båthus sjøbu,TB,Tatt i bruk,10101,10101,10101,22.0,,,,,,,,,,
916170,1532,GISKE,10281369,0,111.0,Enebolig,TB,Tatt i bruk,19860610,19860630,19870511,200.0,,,392309132.0,Skarteigane,1066.0,16.0,,,6050.0,VALDERØYA
916171,1860,VESTVÅGØY,189628226,0,161.0,Fritidsbygg(hyttersommerh. ol,TB,Tatt i bruk,10101,10101,10101,59.6,,,,,,,,,,
916172,1532,GISKE,10282489,0,183.0,Naust båthus sjøbu,TB,Tatt i bruk,19870710,19870831,19880429,90.0,,,,,,,,,,
916173,1860,VESTVÅGØY,189628218,0,183.0,Naust båthus sjøbu,TB,Tatt i bruk,10101,10101,19710101,19.0,,,,,,,,,,
916174,1532,GISKE,10281377,0,111.0,Enebolig,TB,Tatt i bruk,10101,10101,10101,209.0,,,390695966.0,Klokkmarka,1047.0,18.0,,,6050.0,VALDERØYA
916175,1860,VESTVÅGØY,189628196,0,182.0,Garasjeuth.anneks til fritidb,TB,Tatt i bruk,10101,10101,10101,12.0,,,,,,,,,,
916176,1532,GISKE,10281377,1,111.0,Enebolig,TB,Tatt i bruk,19860610,19860615,19860930,39.0,,,390695966.0,Klokkmarka,1047.0,18.0,,,6050.0,VALDERØYA
916177,1532,GISKE,10282497,0,181.0,Garasjeuthus anneks til bolig,TB,Tatt i bruk,19870703,19870817,19880729,46.0,,,,,,,,,,
916178,1860,VESTVÅGØY,189628188,0,182.0,Garasjeuth.anneks til fritidb,TB,Tatt i bruk,10101,10101,10101,19.0,,,,,,,,,,
916179,1860,VESTVÅGØY,189628161,0,181.0,Garasjeuthus anneks til bolig,GR,Bygning godkjent for riving/brenning,10101,10101,10101,87.0,,,,,,,,,,
916180,1532,GISKE,10281350,0,111.0,Enebolig,TB,Tatt i bruk,19860610,19860826,19870904,186.0,,,396759253.0,Øvre Nordstranda,1072.0,46.0,,,6050.0,VALDERØYA
916181,1532,GISKE,10282462,0,111.0,Enebolig,TB,Tatt i bruk,19870617,19870720,19901228,216.0,,,411519737.0,Røssvikgarden,4046.0,65.0,,,6040.0,VIGRA
916182,1860,VESTVÅGØY,189628153,0,183.0,Naust båthus sjøbu,TB,Tatt i bruk,10101,10101,10101,28.0,,,,,,,,,,
916183,1860,VESTVÅGØY,189628145,0,182.0,Garasjeuth.anneks til fritidb,TB,Tatt i bruk,10101,10101,10101,65.0,,,,,,,,,,
916184,1532,GISKE,10281350,1,111.0,Enebolig,RA,Rammetillatelse,19910318,10101,10101,23.0,,,396759253.0,Øvre Nordstranda,1072.0,46.0,,,6050.0,VALDERØYA
916185,1532,GISKE,10282470,0,111.0,Enebolig,TB,Tatt i bruk,19870618,19870710,19890420,234.0,,,413948439.0,Nordstranda,1060.0,58.0,,,6050.0,VALDERØYA
916186,1860,VESTVÅGØY,189627874,0,183.0,Naust båthus sjøbu,TB,Tatt i bruk,19750612,19750712,19760101,16.0,,,,,,,,,,
916187,1532,GISKE,10281253,0,112.0,Enebolig m/hybel/sokkelleil.,TB,Tatt i bruk,19860526,19860801,19870602,267.0,,,423353505.0,Kristianavegen,1016.0,13.0,,,6050.0,VALDERØYA
916188,1532,GISKE,10282330,0,111.0,Enebolig,TB,Tatt i bruk,19870610,19870810,19880816,294.0,,,57164844.0,Storeteigane,7010.0,6.0,,,6055.0,GODØYA
916189,1860,VESTVÅGØY,189627866,0,181.0,Garasjeuthus anneks til bolig,TB,Tatt i bruk,19780209,19780210,19780301,38.0,,,,,,,,,,
916190,1532,GISKE,10281261,0,111.0,Enebolig,TB,Tatt i bruk,19860604,19860801,19870703,240.0,,,407357125.0,Storebakken,4030.0,12.0,,,6040.0,VIGRA
916191,1860,VESTVÅGØY,189627858,0,161.0,Fritidsbygg(hyttersommerh. ol,TB,Tatt i bruk,19810820,19810920,19820215,100.0,,,520663296.0,Valbergsveien,7007.0,561.0,,,8357.0,VALBERG
916192,1532,GISKE,10281237,0,111.0,Enebolig,TB,Tatt i bruk,19860521,19860615,19880620,244.0,,,57163854.0,Nørestranda,4006.0,329.0,,,6040.0,VIGRA
916193,1860,VESTVÅGØY,189627831,0,214.0,Bygning for renseanlegg,TB,Tatt i bruk,19801108,19801208,19840101,10.0,,,,,,,,,,
916194,1532,GISKE,10281245,0,111.0,Enebolig,TB,Tatt i bruk,19860521,19860630,19871009,262.0,,,57164399.0,Godøyvegen,7001.0,459.0,,,6055.0,GODØYA
916195,1860,VESTVÅGØY,189627823,0,181.0,Garasjeuthus anneks til bolig,TB,Tatt i bruk,10101,10101,19890101,20.0,,,,,,,,,,
916196,1860,VESTVÅGØY,189627815,0,182.0,Garasjeuth.anneks til fritidb,TB,Tatt i bruk,10101,10101,10101,10.0,,,,,,,,,,
916197,1532,GISKE,10281296,0,111.0,Enebolig,TB,Tatt i bruk,19860604,19860801,19870713,312.0,,,407353998.0,Storebakken,4030.0,25.0,,,6040.0,VIGRA
916198,1532,GISKE,10282381,0,181.0,Garasjeuthus anneks til bolig,BR,Bygning revet/brent,19870610,20010301,10101,38.0,,,,,,,,,,
916199,1860,VESTVÅGØY,189627807,0,182.0,Garasjeuth.anneks til fritidb,TB,Tatt i bruk,10101,10101,10101,20.0,,,,,,,,,,
916200,1860,VESTVÅGØY,189627793,0,161.0,Fritidsbygg(hyttersommerh. ol,TB,Tatt i bruk,10101,10101,10101,41.0,,,,,,,,,,
916201,1532,GISKE,10281318,0,111.0,Enebolig,TB,Tatt i bruk,19860604,19860829,19870918,212.0,,,407353997.0,Storebakken,4030.0,23.0,,,6040.0,VIGRA
916202,1532,GISKE,10282403,0,311.0,Kontor- og adm.bygning rådhus,FA,Ferdigattest,19870610,19880229,19890201,3200.0,,,57164364.0,Gjøsundneset,4060.0,5.0,,,6040.0,VIGRA
916203,1860,VESTVÅGØY,189627785,0,673.0,Kremat. gravkapell bårehus,TB,Tatt i bruk,10101,10101,10101,15.0,,,281307527.0,Sandveien,8108.0,96.0,,,8360.0,BØSTAD
916204,1860,VESTVÅGØY,189627777,0,181.0,Garasjeuthus anneks til bolig,TB,Tatt i bruk,10101,10101,10101,97.0,,,,,,,,,,
916205,1532,GISKE,10281261,1,111.0,Enebolig,TB,Tatt i bruk,19980511,20010326,20011203,50.0,,,,,,,,,,
916206,1532,GISKE,10282357,0,181.0,Garasjeuthus anneks til bolig,TB,Tatt i bruk,19870610,19871001,19871127,47.0,,,,,,,,,,
916207,1860,VESTVÅGØY,189627769,0,181.0,Garasjeuthus anneks til bolig,TB,Tatt i bruk,10101,10101,10101,8.0,,,,,,,,,,
916208,1860,VESTVÅGØY,189627750,0,181.0,Garasjeuthus anneks til bolig,TB,Tatt i bruk,10101,10101,10101,16.0,,,,,,,,,,
916209,1532,GISKE,10281288,0,111.0,Enebolig,TB,Tatt i bruk,19860604,19860801,19880125,339.0,,,407353996.0,Storebakken,4030.0,21.0,,,6040.0,VIGRA
916210,1532,GISKE,10282373,0,111.0,Enebolig,TB,Tatt i bruk,19870610,19871120,19890102,221.0,,,407357119.0,Storebakken,4030.0,27.0,,,6040.0,VIGRA
916211,1860,VESTVÅGØY,189627963,0,181.0,Garasjeuthus anneks til bolig,TB,Tatt i bruk,19920728,19920828,19930101,28.0,,,,,,,,,,
916212,1532,GISKE,10281164,0,111.0,Enebolig,TB,Tatt i bruk,19860501,19861001,19870922,211.0,,,411234601.0,Hamnevegen,4045.0,110.0,,,6040.0,VIGRA
916213,1860,VESTVÅGØY,189627955,0,181.0,Garasjeuthus anneks til bolig,TB,Tatt i bruk,19880101,19880201,19920408,25.0,,,,,,,,,,
916214,1860,VESTVÅGØY,189627947,0,181.0,Garasjeuthus anneks til bolig,TB,Tatt i bruk,10101,10101,10101,29.0,,,,,,,,,,
916215,1532,GISKE,10281180,0,111.0,Enebolig,TB,Tatt i bruk,19860501,19860615,19861229,177.0,,,413950939.0,Nordstranda,1060.0,106.0,,,6050.0,VALDERØYA
916216,1860,VESTVÅGØY,189627939,0,249.0,Annen landbruksbygning,TB,Tatt i bruk,10101,10101,10101,227.0,,,,,,,,,,
916217,1532,GISKE,10281121,1,181.0,Garasjeuthus anneks til bolig,TB,Tatt i bruk,10101,19860401,19890127,35.0,,,396954508.0,Nedre Grødalsvegen,1078.0,20.0,,,6050.0,VALDERØYA
916218,1532,GISKE,10281148,0,181.0,Garasjeuthus anneks til bolig,TB,Tatt i bruk,10101,19860401,19860930,56.0,,,,,,,,,,
916219,1860,VESTVÅGØY,189627920,0,181.0,Garasjeuthus anneks til bolig,TB,Tatt i bruk,19760916,19761016,19770101,20.0,,,,,,,,,,
916220,1532,GISKE,10281156,0,111.0,Enebolig,TB,Tatt i bruk,19860501,19860630,19871014,309.0,,,407353993.0,Storebakken,4030.0,15.0,,,6040.0,VIGRA
916221,1860,VESTVÅGØY,189627912,0,183.0,Naust båthus sjøbu,TB,Tatt i bruk,19771103,19771203,19800617,18.0,,,,,,,,,,
916222,1532,GISKE,10281210,0,241.0,Hus for dyr/landbr.lager/silo,TB,Tatt i bruk,19860514,19870315,19880620,287.0,,,57163837.0,Nørestranda,4006.0,330.0,,,6040.0,VIGRA
916223,1860,VESTVÅGØY,189627904,0,111.0,Enebolig,BU,Bygningsnummer utgått,19900629,19900729,19920324,194.0,,,,,,,,,,
916224,1532,GISKE,10281229,0,241.0,Hus for dyr/landbr.lager/silo,TB,Tatt i bruk,19860514,19861001,19880620,160.0,,,,,,,,,,
916225,1860,VESTVÅGØY,189627890,0,529.0,Annen bygning for overnatting,TB,Tatt i bruk,10101,10101,19890101,16.0,,,,,,,,,,
916226,1532,GISKE,10281199,0,111.0,Enebolig,TB,Tatt i bruk,19860501,19860801,19870504,200.0,,,407345786.0,Hagardsvegen,4029.0,6.0,,,6040.0,VIGRA
916227,1860,VESTVÅGØY,189627882,1,161.0,Fritidsbygg(hyttersommerh. ol,BR,Bygning revet/brent,19860911,19861011,19890208,10.0,,,,,,,,,,
916228,1860,VESTVÅGØY,189627882,0,161.0,Fritidsbygg(hyttersommerh. ol,BR,Bygning revet/brent,10101,10101,10101,13.0,,,,,,,,,,
916229,1532,GISKE,10281202,0,113.0,Våningshus,TB,Tatt i bruk,19860514,19861015,19880620,319.0,,,57163837.0,Nørestranda,4006.0,330.0,,,6040.0,VIGRA
916230,1532,GISKE,10279240,2,111.0,Enebolig,TB,Tatt i bruk,20070319,20070321,20070801,7.0,,,,,,,,,,
916231,1532,GISKE,10279259,0,111.0,Enebolig,TB,Tatt i bruk,10101,10101,10101,93.0,,,57164354.0,Gjøsundremane,4061.0,42.0,,,6040.0,VIGRA
916232,1532,GISKE,10279259,1,111.0,Enebolig,TB,Tatt i bruk,10101,19840502,19840830,47.0,,,,,,,,,,
916233,1532,GISKE,10279240,0,111.0,Enebolig,TB,Tatt i bruk,10101,19840504,19850529,261.0,,,413505882.0,Smevegen,4016.0,10.0,,,6040.0,VIGRA
916234,1532,GISKE,10279240,1,111.0,Enebolig,TB,Tatt i bruk,20070319,20070321,20070801,0.0,,,,,,,,,,
916235,1532,GISKE,10279283,0,112.0,Enebolig m/hybel/sokkelleil.,TB,Tatt i bruk,10101,19840702,19850328,195.0,,,392272160.0,Skarteigane,1066.0,1.0,,,6050.0,VALDERØYA
916236,1532,GISKE,10279283,1,112.0,Enebolig m/hybel/sokkelleil.,TB,Tatt i bruk,19940425,19940601,19941017,81.0,,,392272160.0,Skarteigane,1066.0,1.0,,,6050.0,VALDERØYA
916237,1532,GISKE,10279283,2,112.0,Enebolig m/hybel/sokkelleil.,RA,Rammetillatelse,20000419,10101,10101,13.0,,,392272160.0,Skarteigane,1066.0,1.0,,,6050.0,VALDERØYA
916238,1532,GISKE,10279267,0,111.0,Enebolig,TB,Tatt i bruk,10101,19840507,19851230,256.0,,,57164839.0,Jussmarka,7007.0,4.0,,,6055.0,GODØYA
916239,1532,GISKE,10279275,0,111.0,Enebolig,TB,Tatt i bruk,10101,19840521,19841120,281.0,,,57164511.0,Leitebakken,7025.0,17.0,,,6055.0,GODØYA
916240,1532,GISKE,10279178,0,113.0,Våningshus,TB,Tatt i bruk,10101,10101,18900101,192.0,,,411170603.0,Synesvegen,4003.0,208.0,,,6040.0,VIGRA
916241,1532,GISKE,10279178,1,113.0,Våningshus,TB,Tatt i bruk,10101,19840301,19840620,68.0,,,411170603.0,Synesvegen,4003.0,208.0,,,6040.0,VIGRA
916242,1532,GISKE,10279186,0,111.0,Enebolig,TB,Tatt i bruk,10101,19840301,19850326,133.0,,,321071212.0,Rabbevegen,8505.0,24.0,,,6052.0,GISKE
916243,1532,GISKE,10279143,0,111.0,Enebolig,TB,Tatt i bruk,10101,10101,10101,194.0,,,378828037.0,Jusspivegen,1028.0,28.0,,,6050.0,VALDERØYA
916244,1532,GISKE,10279143,1,111.0,Enebolig,TB,Tatt i bruk,10101,19840205,19840830,75.0,,,378828037.0,Jusspivegen,1028.0,28.0,,,6050.0,VALDERØYA
916245,1532,GISKE,10279151,0,111.0,Enebolig,TB,Tatt i bruk,10101,19840301,19850505,198.0,,,407654869.0,Molnesvegen,4005.0,417.0,,,6040.0,VIGRA
916246,1532,GISKE,10279216,0,112.0,Enebolig m/hybel/sokkelleil.,TB,Tatt i bruk,10101,19840410,19841129,261.0,,,354829309.0,Skjongvika,1013.0,6.0,,,6050.0,VALDERØYA
916247,1532,GISKE,10279224,0,111.0,Enebolig,TB,Tatt i bruk,10101,19840514,19850417,277.0,,,354829310.0,Skjongvika,1013.0,8.0,,,6050.0,VALDERØYA
916248,1532,GISKE,10279232,0,111.0,Enebolig,TB,Tatt i bruk,19840410,19840530,19860101,343.0,,,375080363.0,Skjongstranda,1019.0,38.0,,,6050.0,VALDERØYA
916249,1532,GISKE,10279186,1,111.0,Enebolig,RA,Rammetillatelse,19961227,10101,10101,18.0,,,321071212.0,Rabbevegen,8505.0,24.0,,,6052.0,GISKE
916250,1532,GISKE,10279194,0,111.0,Enebolig,TB,Tatt i bruk,10101,19840410,19851022,248.0,,,408381937.0,Sætrevegen,1076.0,80.0,,,6050.0,VALDERØYA
916251,1532,GISKE,10279208,0,111.0,Enebolig,TB,Tatt i bruk,10101,19840410,19850419,293.0,,,57164426.0,Godøyvegen,7001.0,188.0,,,6055.0,GODØYA
916252,1532,GISKE,10279089,0,181.0,Garasjeuthus anneks til bolig,BR,Bygning revet/brent,10101,19831201,19840214,33.0,,,,,,,,,,
916253,1532,GISKE,10279097,0,111.0,Enebolig,TB,Tatt i bruk,10101,10101,10101,193.0,,,57164489.0,Leitebakken,7025.0,10.0,,,6055.0,GODØYA
916254,1532,GISKE,10279097,1,111.0,Enebolig,TB,Tatt i bruk,10101,19831201,19840214,82.0,,,57164489.0,Leitebakken,7025.0,10.0,,,6055.0,GODØYA
916255,1532,GISKE,10279062,2,241.0,Hus for dyr/landbr.lager/silo,TB,Tatt i bruk,19921021,19930201,19930225,17.0,,,411510188.0,Blindheimsgarden,4035.0,214.0,,,6040.0,VIGRA
916256,1532,GISKE,10279070,0,181.0,Garasjeuthus anneks til bolig,TB,Tatt i bruk,10101,19831201,19840214,36.0,,,57164485.0,Leitebakken,7025.0,4.0,,,6055.0,GODØYA
916257,1532,GISKE,10279135,0,113.0,Våningshus,TB,Tatt i bruk,10101,19840214,19840910,262.0,,,407973425.0,Postvegen,4001.0,121.0,,,6040.0,VIGRA
916258,1532,GISKE,10279135,1,113.0,Våningshus,TB,Tatt i bruk,20060830,20060830,20061201,30.0,,,,,,,,,,
916259,1532,GISKE,10279100,0,245.0,Naust/redskapshus for fiske,TB,Tatt i bruk,10101,19831221,19840830,53.0,,,,,,,,,,
916260,1532,GISKE,10279119,0,112.0,Enebolig m/hybel/sokkelleil.,TB,Tatt i bruk,10101,19831215,19840626,301.0,,,355427065.0,Skjongvika,1013.0,20.0,,,6050.0,VALDERØYA
916261,1532,GISKE,10279127,0,111.0,Enebolig,TB,Tatt i bruk,10101,19840109,19840810,254.0,,,320959634.0,Halvardsrema,8515.0,12.0,,,6052.0,GISKE
916262,1532,GISKE,10279003,0,121.0,"Tomannsbolig, vertikaldelt",TB,Tatt i bruk,10101,10101,10101,305.0,,,354821291.0,Skjongmyra,1010.0,6.0,,,6050.0,VALDERØYA
916263,1532,GISKE,10279003,1,121.0,"Tomannsbolig, vertikaldelt",TB,Tatt i bruk,10101,19831005,19840214,116.0,,,354821291.0,Skjongmyra,1010.0,6.0,,,6050.0,VALDERØYA
916264,1532,GISKE,10279011,0,113.0,Våningshus,TB,Tatt i bruk,10101,19831114,19841119,205.0,,,411195333.0,Synesvegen,4003.0,783.0,,,6040.0,VIGRA
916265,1532,GISKE,10278961,0,111.0,Enebolig,TB,Tatt i bruk,10101,19831006,19840626,351.7,,,57164925.0,Nesbakken,7035.0,26.0,,,6055.0,GODØYA
916266,1532,GISKE,10278988,0,241.0,Hus for dyr/landbr.lager/silo,TB,Tatt i bruk,10101,19831007,19831130,52.0,,,,,,,,,,
916267,1532,GISKE,10278996,0,162.0,Helårsb.benyttes som fritidsb.,TB,Tatt i bruk,10101,19831006,19840814,245.0,,,57164924.0,Alnesvegen,7032.0,112.0,,,6055.0,GODØYA
916268,1532,GISKE,10279054,0,241.0,Hus for dyr/landbr.lager/silo,TB,Tatt i bruk,10101,19831201,19840214,117.0,,,412752861.0,Malivegen,4037.0,121.0,,,6040.0,VIGRA
916269,1532,GISKE,10279062,0,241.0,Hus for dyr/landbr.lager/silo,TB,Tatt i bruk,10101,10101,10101,545.0,,,411510188.0,Blindheimsgarden,4035.0,214.0,,,6040.0,VIGRA
916270,1532,GISKE,10279062,1,241.0,Hus for dyr/landbr.lager/silo,TB,Tatt i bruk,10101,19831201,19840214,36.0,,,411510188.0,Blindheimsgarden,4035.0,214.0,,,6040.0,VIGRA
916271,1532,GISKE,10279038,0,111.0,Enebolig,TB,Tatt i bruk,10101,10101,10101,188.0,,,408519515.0,Sommarsgjerdevegen,1086.0,11.0,,,6050.0,VALDERØYA
916272,1532,GISKE,10279038,1,111.0,Enebolig,TB,Tatt i bruk,10101,19831201,19870401,34.0,,,408519515.0,Sommarsgjerdevegen,1086.0,11.0,,,6050.0,VALDERØYA
916273,1532,GISKE,10279046,0,181.0,Garasjeuthus anneks til bolig,TB,Tatt i bruk,10101,19831201,19840214,34.0,,,57165454.0,Grovenbakken,1102.0,11.0,,,6050.0,VALDERØYA
916274,1532,GISKE,10279615,0,112.0,Enebolig m/hybel/sokkelleil.,TB,Tatt i bruk,10101,10101,10101,195.0,,,407720929.0,Rotmyrvegen,4015.0,8.0,,,6040.0,VIGRA
916275,1532,GISKE,10280761,0,111.0,Enebolig,TB,Tatt i bruk,10101,10101,10101,190.0,,,396954505.0,Nedre Grødalsvegen,1078.0,24.0,,,6050.0,VALDERØYA
916276,1532,GISKE,10279615,1,112.0,Enebolig m/hybel/sokkelleil.,TB,Tatt i bruk,10101,19841101,19841217,42.0,,,407720929.0,Rotmyrvegen,4015.0,8.0,,,6040.0,VIGRA
916277,1532,GISKE,10280761,1,111.0,Enebolig,TB,Tatt i bruk,10101,19851202,19920601,37.0,,,396954505.0,Nedre Grødalsvegen,1078.0,24.0,,,6050.0,VALDERØYA
916278,1532,GISKE,10279623,0,322.0,Butikk/forretningsbygning,TB,Tatt i bruk,10101,10101,10101,285.0,,,57164460.0,Teppemyra,7021.0,3.0,,,6055.0,GODØYA
916279,1532,GISKE,10280788,0,111.0,Enebolig,TB,Tatt i bruk,19851201,19860401,19861106,228.0,,,57164476.0,Leitebø,7027.0,2.0,,,6055.0,GODØYA
916280,1532,GISKE,10279623,2,322.0,Butikk/forretningsbygning,TB,Tatt i bruk,10101,19841101,19850830,228.0,,,57164460.0,Teppemyra,7021.0,3.0,,,6055.0,GODØYA
916281,1532,GISKE,10280745,0,111.0,Enebolig,TB,Tatt i bruk,19851120,19860428,19870225,208.0,,,57165948.0,Joteigen,1099.0,14.0,,,6050.0,VALDERØYA
916282,1532,GISKE,10279585,0,136.0,Andre småhus m/3 boliger el fl,TB,Tatt i bruk,10101,19840903,19851216,254.0,,,358655047.0,Skjongneset,1018.0,13.0,,,6050.0,VALDERØYA
916283,1532,GISKE,10279607,0,111.0,Enebolig,TB,Tatt i bruk,10101,19841105,19860217,190.0,,,387519051.0,Rokkevegen,1036.0,7.0,,,6050.0,VALDERØYA
916284,1532,GISKE,10280753,0,181.0,Garasjeuthus anneks til bolig,TB,Tatt i bruk,19851120,19860428,19860930,33.0,,,57163420.0,Markevegen,4014.0,41.0,,,6040.0,VIGRA
916285,1532,GISKE,10280818,0,533.0,Gatekjøkken kioskbygning,TB,Tatt i bruk,19851211,19860401,19860527,81.0,,,57168520.0,Godøyvegen,7001.0,2.0,,,6055.0,GODØYA
916286,1532,GISKE,10279674,0,181.0,Garasjeuthus anneks til bolig,TB,Tatt i bruk,10101,19841109,19841217,45.0,,,407345188.0,Aglasgjerdet,4026.0,8.0,,,6040.0,VIGRA
916287,1532,GISKE,10280826,0,111.0,Enebolig,BA,Bygging avlyst,19851211,10101,10101,185.0,,,,,,,,,,
916288,1532,GISKE,10279682,0,111.0,Enebolig,TB,Tatt i bruk,10101,19841112,19850905,168.0,,,407825503.0,Tevegen,4017.0,2.0,,,6040.0,VIGRA
916289,1532,GISKE,10280834,0,183.0,Naust båthus sjøbu,TB,Tatt i bruk,19851211,19860630,19861201,52.0,,,,,,,,,,
916290,1532,GISKE,10279623,3,322.0,Butikk/forretningsbygning,RA,Rammetillatelse,20000523,10101,10101,22.0,,,57164460.0,Teppemyra,7021.0,3.0,,,6055.0,GODØYA
916291,1532,GISKE,10280788,1,111.0,Enebolig,RA,Rammetillatelse,20000105,10101,10101,14.0,,,,,,,,,,
916292,1532,GISKE,10279658,0,111.0,Enebolig,TB,Tatt i bruk,10101,19841121,19851204,168.0,,,430105625.0,Borniteigen,4049.0,6.0,,,6040.0,VIGRA
916293,1532,GISKE,10280796,0,111.0,Enebolig,TB,Tatt i bruk,19851211,19860423,19861208,234.0,,,407563763.0,Molnesvegen,4005.0,291.0,,,6040.0,VIGRA
916294,1532,GISKE,10279666,0,231.0,Lagerhall,TB,Tatt i bruk,10101,19841101,19850326,290.0,,,,,,,,,,
916295,1532,GISKE,10280672,0,181.0,Garasjeuthus anneks til bolig,TB,Tatt i bruk,10101,19851001,19870831,47.0,,,415600555.0,Nordstrandfjørå,1084.0,13.0,,,6050.0,VALDERØYA
916296,1532,GISKE,10279534,0,111.0,Enebolig,TB,Tatt i bruk,10101,10101,10101,189.0,,,57164922.0,Nesbakken,7035.0,6.0,,,6055.0,GODØYA
916297,1532,GISKE,10279534,1,111.0,Enebolig,TB,Tatt i bruk,10101,19840926,19841120,38.0,,,57164922.0,Nesbakken,7035.0,6.0,,,6055.0,GODØYA
916298,1532,GISKE,10280699,0,181.0,Garasjeuthus anneks til bolig,TB,Tatt i bruk,19851007,19860615,19870831,33.0,,,372466605.0,Øvre Skjong,1021.0,11.0,,,6050.0,VALDERØYA
916299,1532,GISKE,10279534,2,111.0,Enebolig,TB,Tatt i bruk,19911001,19911101,19911203,5.0,,,57164922.0,Nesbakken,7035.0,6.0,,,6055.0,GODØYA
916300,1532,GISKE,10280702,0,181.0,Garasjeuthus anneks til bolig,TB,Tatt i bruk,19851007,19851202,19870831,48.0,,,396926836.0,Grødalsvegen,1045.0,25.0,,,6050.0,VALDERØYA
916301,1532,GISKE,10279518,1,113.0,Våningshus,TB,Tatt i bruk,10101,19840904,19841029,115.0,,,323360323.0,Kvalneset,8521.0,3.0,,,6052.0,GISKE
916302,1532,GISKE,10280664,0,121.0,"Tomannsbolig, vertikaldelt",TB,Tatt i bruk,19851002,19851202,19870115,198.0,,,57165939.0,Joteigen,1099.0,29.0,,,6050.0,VALDERØYA
916303,1532,GISKE,10279526,0,111.0,Enebolig,TB,Tatt i bruk,10101,10101,10101,184.0,,,,,,,,,,
916304,1532,GISKE,10280664,1,121.0,"Tomannsbolig, vertikaldelt",IG,Igangsettingstillatelse,19991101,20000120,10101,18.0,,,57165939.0,Joteigen,1099.0,29.0,,,6050.0,VALDERØYA
916305,1532,GISKE,10279526,1,111.0,Enebolig,TB,Tatt i bruk,10101,19840910,19841214,59.0,,,411173256.0,Synesvegen,4003.0,472.0,,,6040.0,VIGRA
916306,1532,GISKE,10279569,0,111.0,Enebolig,TB,Tatt i bruk,10101,19840904,19850130,158.0,,,57164551.0,Leitebakken,7025.0,43.0,,,6055.0,GODØYA
916307,1532,GISKE,10280729,0,111.0,Enebolig,TB,Tatt i bruk,19851121,19851202,19861127,330.0,,,355427067.0,Skjongvika,1013.0,24.0,,,6050.0,VALDERØYA
916308,1532,GISKE,10279569,1,111.0,Enebolig,TB,Tatt i bruk,19890714,19890815,19900301,30.0,,,57164551.0,Leitebakken,7025.0,43.0,,,6055.0,GODØYA
916309,1532,GISKE,10280737,0,111.0,Enebolig,TB,Tatt i bruk,19851120,19860401,19861229,218.0,,,57164400.0,Paulsneset,7014.0,3.0,,,6055.0,GODØYA
916310,1532,GISKE,10279577,0,181.0,Garasjeuthus anneks til bolig,TB,Tatt i bruk,10101,19840927,19841120,58.0,,,401966876.0,Valderhaugbakkane,1069.0,50.0,,,6050.0,VALDERØYA
916311,5058,ÅFJORD,183624318,1,161.0,Fritidsbygg(hyttersommerh. ol,FA,Ferdigattest,20070403,20070507,10101,40.0,,,,,,,,,,
916312,5058,ÅFJORD,300001612,0,241.0,Hus for dyr/landbr.lager/silo,MF,Meldingssak tiltak fullført,10101,10101,10101,0.0,,,,,,,,,,
916313,1532,GISKE,10279542,0,111.0,Enebolig,TB,Tatt i bruk,10101,19840903,19850329,417.0,,,430100762.0,Borniteigen,4049.0,3.0,,,6040.0,VIGRA
916314,1532,GISKE,10280710,0,219.0,Annen industribygning,TB,Tatt i bruk,10101,10101,10101,0.0,,,403375062.0,Valderøyvegen,1002.0,1129.0,,,6050.0,VALDERØYA
916315,1532,GISKE,10279550,0,181.0,Garasjeuthus anneks til bolig,TB,Tatt i bruk,10101,19840910,19850422,45.0,,,396951260.0,Grødalsvegen,1045.0,36.0,,,6050.0,VALDERØYA
916316,1532,GISKE,10280710,1,219.0,Annen industribygning,TB,Tatt i bruk,19851120,19851202,19860930,1000.0,,,403375062.0,Valderøyvegen,1002.0,1129.0,,,6050.0,VALDERØYA
916317,5058,ÅFJORD,300001609,0,182.0,Garasjeuth.anneks til fritidb,MF,Meldingssak tiltak fullført,10101,10101,10101,21.0,,,,,,,,,,
916318,1532,GISKE,10279429,0,181.0,Garasjeuthus anneks til bolig,TB,Tatt i bruk,10101,19840830,19841015,35.0,,,354822876.0,Skjongvika,1013.0,9.0,,,6050.0,VALDERØYA
916319,1532,GISKE,10279437,0,181.0,Garasjeuthus anneks til bolig,TB,Tatt i bruk,10101,19840928,19870331,54.0,,,57164498.0,Leitebakken,7025.0,6.0,,,6055.0,GODØYA
916320,1532,GISKE,10280605,0,111.0,Enebolig,TB,Tatt i bruk,19851001,19851001,19860620,198.0,,,408508427.0,Trollhaugane,1087.0,2.0,,,6050.0,VALDERØYA
916321,1532,GISKE,10279402,0,219.0,Annen industribygning,TB,Tatt i bruk,10101,10101,10101,3127.0,,,57164361.0,Gjøsundneset,4060.0,9.0,,,6040.0,VIGRA
916322,1532,GISKE,10279402,1,219.0,Annen industribygning,TB,Tatt i bruk,10101,19840702,19860306,1085.0,,,57164361.0,Gjøsundneset,4060.0,9.0,,,6040.0,VIGRA
916323,1532,GISKE,10279402,2,219.0,Annen industribygning,RA,Rammetillatelse,20021022,10101,10101,1530.0,,,57164361.0,Gjøsundneset,4060.0,9.0,,,6040.0,VIGRA
916324,1532,GISKE,10279410,0,183.0,Naust båthus sjøbu,TB,Tatt i bruk,10101,19840830,19841015,66.0,,,,,,,,,,
916325,1532,GISKE,10279488,0,113.0,Våningshus,TB,Tatt i bruk,10101,19840903,19850830,303.0,,,320949891.0,Sperravegen,8522.0,69.0,,,6052.0,GISKE
916326,1532,GISKE,10280648,0,181.0,Garasjeuthus anneks til bolig,TB,Tatt i bruk,19851002,19861015,20100101,43.0,,,,,,,,,,
916327,1532,GISKE,10280656,0,181.0,Garasjeuthus anneks til bolig,TB,Tatt i bruk,19851002,19851010,19860930,35.0,,,408515744.0,Trollhaugane,1087.0,70.0,,,6050.0,VALDERØYA
916328,1532,GISKE,10279518,0,113.0,Våningshus,TB,Tatt i bruk,10101,10101,10101,243.0,,,323360323.0,Kvalneset,8521.0,3.0,,,6052.0,GISKE
916329,1532,GISKE,10279445,0,183.0,Naust båthus sjøbu,TB,Tatt i bruk,10101,19840901,19841121,88.0,,,,,,,,,,
916330,1532,GISKE,10280613,0,111.0,Enebolig,TB,Tatt i bruk,19851001,19851001,19860429,217.0,,,411343279.0,Romsdalsvegen,4056.0,76.0,,,6040.0,VIGRA
916331,1532,GISKE,10279453,0,183.0,Naust båthus sjøbu,TB,Tatt i bruk,10101,19840901,19841121,101.0,,,,,,,,,,
916332,1532,GISKE,10279461,0,111.0,Enebolig,TB,Tatt i bruk,10101,19840903,19860128,256.0,,,396602325.0,Skomakarvegen,1041.0,24.0,,,6050.0,VALDERØYA
916333,1532,GISKE,10280621,0,181.0,Garasjeuthus anneks til bolig,TB,Tatt i bruk,19851019,19880610,19921130,41.0,,,407345186.0,Aglasgjerdet,4026.0,4.0,,,6040.0,VIGRA
916334,1532,GISKE,10279356,0,111.0,Enebolig,TB,Tatt i bruk,10101,19840720,19850804,191.0,,,320715593.0,Burmavegen,8523.0,14.0,,,6052.0,GISKE
916335,1532,GISKE,10279364,0,181.0,Garasjeuthus anneks til bolig,TB,Tatt i bruk,10101,19840721,19840830,39.0,,,400148077.0,Krissenvegen,1052.0,16.0,,,6050.0,VALDERØYA
916336,1532,GISKE,10279305,0,181.0,Garasjeuthus anneks til bolig,TB,Tatt i bruk,10101,19840712,19840830,42.0,,,,,,,,,,
916337,1532,GISKE,10279313,0,181.0,Garasjeuthus anneks til bolig,TB,Tatt i bruk,10101,19840716,19841031,42.0,,,57165884.0,Øvstevegen,1000.0,4.0,,,6050.0,VALDERØYA
916338,1532,GISKE,10279321,0,181.0,Garasjeuthus anneks til bolig,TB,Tatt i bruk,10101,19840716,19841012,40.0,,,354821292.0,Skjongmyra,1010.0,8.0,,,6050.0,VALDERØYA
916339,1532,GISKE,10279399,1,111.0,Enebolig,IG,Igangsettingstillatelse,19950703,19950814,10101,11.0,,,355486495.0,Skjongvika,1013.0,17.0,,,6050.0,VALDERØYA
916340,1532,GISKE,10279399,2,111.0,Enebolig,TB,Tatt i bruk,19990519,19991211,20000113,30.0,,,355486495.0,Skjongvika,1013.0,17.0,,,6050.0,VALDERØYA
916341,1532,GISKE,10279372,0,241.0,Hus for dyr/landbr.lager/silo,TB,Tatt i bruk,10101,19840730,19840830,50.0,,,407973420.0,Postvegen,4001.0,104.0,,,6040.0,VIGRA
916342,1532,GISKE,10279380,0,113.0,Våningshus,TB,Tatt i bruk,10101,19840730,19850816,264.0,,,57164860.0,Alnesgarden,7040.0,13.0,,,6055.0,GODØYA
916343,1532,GISKE,10279399,0,111.0,Enebolig,TB,Tatt i bruk,10101,19840708,19841214,258.0,,,355486495.0,Skjongvika,1013.0,17.0,,,6050.0,VALDERØYA
916344,1860,VESTVÅGØY,189627017,0,241.0,Hus for dyr/landbr.lager/silo,TB,Tatt i bruk,10101,10101,10101,12.0,,,,,,,,,,
916345,1860,VESTVÅGØY,189627009,0,241.0,Hus for dyr/landbr.lager/silo,TB,Tatt i bruk,10101,10101,10101,39.0,,,,,,,,,,
916346,1860,VESTVÅGØY,189626991,0,161.0,Fritidsbygg(hyttersommerh. ol,TB,Tatt i bruk,10101,10101,10101,21.0,,,,,,,,,,
916347,1860,VESTVÅGØY,189626983,0,161.0,Fritidsbygg(hyttersommerh. ol,TB,Tatt i bruk,10101,10101,10101,27.0,,,,,,,,,,
916348,1860,VESTVÅGØY,189626975,0,161.0,Fritidsbygg(hyttersommerh. ol,BR,Bygning revet/brent,10101,10101,10101,32.0,,,,,,,,,,
916349,1860,VESTVÅGØY,189626967,0,181.0,Garasjeuthus anneks til bolig,TB,Tatt i bruk,10101,10101,10101,9.0,,,,,,,,,,
916350,1860,VESTVÅGØY,189626959,0,181.0,Garasjeuthus anneks til bolig,TB,Tatt i bruk,10101,10101,19470101,8.0,,,,,,,,,,
916351,1860,VESTVÅGØY,189626940,0,161.0,Fritidsbygg(hyttersommerh. ol,TB,Tatt i bruk,10101,10101,19580101,31.0,,,,,,,,,,
916352,1860,VESTVÅGØY,189626932,0,181.0,Garasjeuthus anneks til bolig,TB,Tatt i bruk,10101,10101,19580101,8.0,,,,,,,,,,
916353,1860,VESTVÅGØY,189626924,0,181.0,Garasjeuthus anneks til bolig,TB,Tatt i bruk,10101,10101,19490101,4.0,,,,,,,,,,
916354,1860,VESTVÅGØY,189626916,0,161.0,Fritidsbygg(hyttersommerh. ol,TB,Tatt i bruk,10101,10101,19490101,32.0,,,,,,,,,,
916355,1860,VESTVÅGØY,189626908,0,183.0,Naust båthus sjøbu,TB,Tatt i bruk,10101,10101,19580101,20.0,,,,,,,,,,
916356,1860,VESTVÅGØY,189626894,0,181.0,Garasjeuthus anneks til bolig,TB,Tatt i bruk,10101,10101,19580101,15.0,,,,,,,,,,
916357,1860,VESTVÅGØY,189626886,0,181.0,Garasjeuthus anneks til bolig,TB,Tatt i bruk,10101,10101,19760101,16.0,,,,,,,,,,
916358,1860,VESTVÅGØY,189626878,0,249.0,Annen landbruksbygning,TB,Tatt i bruk,10101,10101,10101,28.0,,,,,,,,,,
916359,1860,VESTVÅGØY,189626851,0,181.0,Garasjeuthus anneks til bolig,TB,Tatt i bruk,10101,10101,10101,39.0,,,,,,,,,,
916360,1860,VESTVÅGØY,189627181,0,161.0,Fritidsbygg(hyttersommerh. ol,TB,Tatt i bruk,10101,10101,10101,62.0,,,,,,,,,,
916361,1860,VESTVÅGØY,189627173,0,181.0,Garasjeuthus anneks til bolig,TB,Tatt i bruk,10101,10101,10101,20.0,,,,,,,,,,
916362,1860,VESTVÅGØY,189627165,0,181.0,Garasjeuthus anneks til bolig,TB,Tatt i bruk,10101,10101,10101,32.0,,,,,,,,,,
916363,1860,VESTVÅGØY,189627157,0,183.0,Naust båthus sjøbu,TB,Tatt i bruk,10101,10101,10101,17.0,,,,,,,,,,
916364,1860,VESTVÅGØY,189627149,0,241.0,Hus for dyr/landbr.lager/silo,TB,Tatt i bruk,10101,10101,19200101,32.0,,,,,,,,,,
916365,1860,VESTVÅGØY,189627130,0,181.0,Garasjeuthus anneks til bolig,TB,Tatt i bruk,10101,10101,10101,30.0,,,,,,,,,,
916366,1860,VESTVÅGØY,189627122,0,181.0,Garasjeuthus anneks til bolig,TB,Tatt i bruk,10101,10101,10101,16.0,,,,,,,,,,
916367,1860,VESTVÅGØY,189627114,0,181.0,Garasjeuthus anneks til bolig,TB,Tatt i bruk,10101,10101,10101,19.0,,,,,,,,,,
916368,1860,VESTVÅGØY,189627106,0,181.0,Garasjeuthus anneks til bolig,TB,Tatt i bruk,10101,10101,10101,8.0,,,,,,,,,,
916369,1860,VESTVÅGØY,189627092,0,181.0,Garasjeuthus anneks til bolig,TB,Tatt i bruk,10101,10101,10101,20.0,,,,,,,,,,
916370,1860,VESTVÅGØY,189627084,0,161.0,Fritidsbygg(hyttersommerh. ol,TB,Tatt i bruk,10101,10101,10101,23.0,,,,,,,,,,
916371,1860,VESTVÅGØY,189627076,0,181.0,Garasjeuthus anneks til bolig,TB,Tatt i bruk,10101,10101,10101,9.0,,,,,,,,,,
916372,1860,VESTVÅGØY,189627068,0,241.0,Hus for dyr/landbr.lager/silo,TB,Tatt i bruk,10101,10101,10101,28.0,,,,,,,,,,
916373,1860,VESTVÅGØY,189627041,0,181.0,Garasjeuthus anneks til bolig,TB,Tatt i bruk,10101,10101,19680101,17.0,,,,,,,,,,
916374,1860,VESTVÅGØY,189627033,0,181.0,Garasjeuthus anneks til bolig,TB,Tatt i bruk,10101,10101,19560101,5.0,,,,,,,,,,
916375,1860,VESTVÅGØY,189627025,0,181.0,Garasjeuthus anneks til bolig,TB,Tatt i bruk,10101,10101,10101,47.0,,,,,,,,,,
916376,1860,VESTVÅGØY,189626665,0,181.0,Garasjeuthus anneks til bolig,TB,Tatt i bruk,10101,10101,10101,10.0,,,,,,,,,,
916377,1860,VESTVÅGØY,189626657,0,181.0,Garasjeuthus anneks til bolig,TB,Tatt i bruk,10101,10101,10101,37.0,,,,,,,,,,
916378,1860,VESTVÅGØY,189626649,0,181.0,Garasjeuthus anneks til bolig,TB,Tatt i bruk,10101,10101,10101,34.0,,,,,,,,,,
916379,1860,VESTVÅGØY,189626630,0,181.0,Garasjeuthus anneks til bolig,TB,Tatt i bruk,10101,10101,10101,25.0,,,,,,,,,,
916380,1860,VESTVÅGØY,189626622,0,181.0,Garasjeuthus anneks til bolig,TB,Tatt i bruk,10101,10101,10101,26.0,,,,,,,,,,
916381,1860,VESTVÅGØY,189626614,0,181.0,Garasjeuthus anneks til bolig,TB,Tatt i bruk,10101,10101,10101,14.0,,,,,,,,,,
916382,1860,VESTVÅGØY,189626606,0,181.0,Garasjeuthus anneks til bolig,TB,Tatt i bruk,10101,10101,10101,20.0,,,,,,,,,,
916383,1860,VESTVÅGØY,189626592,0,183.0,Naust båthus sjøbu,TB,Tatt i bruk,10101,10101,10101,9.0,,,,,,,,,,
916384,1860,VESTVÅGØY,189626584,0,999.0,,TB,Tatt i bruk,10101,10101,10101,0.0,,,,,,,,,,
916385,1860,VESTVÅGØY,189626576,0,181.0,Garasjeuthus anneks til bolig,TB,Tatt i bruk,10101,10101,10101,51.0,,,,,,,,,,
916386,1860,VESTVÅGØY,189626568,0,181.0,Garasjeuthus anneks til bolig,TB,Tatt i bruk,10101,10101,10101,33.0,,,,,,,,,,
916387,1860,VESTVÅGØY,189626541,0,181.0,Garasjeuthus anneks til bolig,TB,Tatt i bruk,10101,10101,10101,24.0,,,,,,,,,,
916388,1860,VESTVÅGØY,189626533,0,181.0,Garasjeuthus anneks til bolig,TB,Tatt i bruk,10101,10101,10101,37.0,,,,,,,,,,
916389,1860,VESTVÅGØY,189626525,0,181.0,Garasjeuthus anneks til bolig,TB,Tatt i bruk,10101,10101,10101,18.0,,,,,,,,,,
916390,1860,VESTVÅGØY,189626517,0,181.0,Garasjeuthus anneks til bolig,TB,Tatt i bruk,10101,10101,10101,37.0,,,,,,,,,,
916391,1860,VESTVÅGØY,189626509,0,181.0,Garasjeuthus anneks til bolig,TB,Tatt i bruk,10101,10101,10101,30.0,,,,,,,,,,
916392,1860,VESTVÅGØY,189626843,0,524.0,Camping/utleiehytte,TB,Tatt i bruk,10101,10101,10101,94.0,,,,,,,,,,
916393,1860,VESTVÅGØY,189626835,0,181.0,Garasjeuthus anneks til bolig,TB,Tatt i bruk,10101,10101,10101,40.0,,,,,,,,,,
916394,1860,VESTVÅGØY,189626827,0,181.0,Garasjeuthus anneks til bolig,TB,Tatt i bruk,10101,10101,10101,6.0,,,,,,,,,,
916395,1860,VESTVÅGØY,189626819,0,183.0,Naust båthus sjøbu,TB,Tatt i bruk,10101,10101,10101,13.0,,,,,,,,,,
916396,1860,VESTVÅGØY,189626800,0,181.0,Garasjeuthus anneks til bolig,TB,Tatt i bruk,10101,10101,10101,37.0,,,,,,,,,,
916397,1860,VESTVÅGØY,189626797,0,181.0,Garasjeuthus anneks til bolig,TB,Tatt i bruk,10101,10101,10101,9.0,,,,,,,,,,
916398,1860,VESTVÅGØY,189626789,0,181.0,Garasjeuthus anneks til bolig,BR,Bygning revet/brent,10101,10101,10101,18.0,,,,,,,,,,
916399,1860,VESTVÅGØY,189626770,0,181.0,Garasjeuthus anneks til bolig,TB,Tatt i bruk,10101,10101,10101,19.0,,,,,,,,,,
916400,1860,VESTVÅGØY,189626762,0,183.0,Naust båthus sjøbu,TB,Tatt i bruk,10101,10101,19880101,46.0,,,,,,,,,,
916401,1860,VESTVÅGØY,189626754,0,182.0,Garasjeuth.anneks til fritidb,TB,Tatt i bruk,10101,10101,10101,0.0,,,,,,,,,,
916402,1860,VESTVÅGØY,189626746,0,181.0,Garasjeuthus anneks til bolig,TB,Tatt i bruk,10101,10101,10101,18.0,,,,,,,,,,
916403,1860,VESTVÅGØY,189626738,0,181.0,Garasjeuthus anneks til bolig,TB,Tatt i bruk,10101,10101,10101,22.0,,,,,,,,,,
916404,1860,VESTVÅGØY,189626711,0,181.0,Garasjeuthus anneks til bolig,TB,Tatt i bruk,10101,10101,10101,21.0,,,,,,,,,,
916405,1860,VESTVÅGØY,189626703,0,181.0,Garasjeuthus anneks til bolig,TB,Tatt i bruk,10101,10101,10101,28.0,,,,,,,,,,
916406,1860,VESTVÅGØY,189626681,0,183.0,Naust båthus sjøbu,TB,Tatt i bruk,10101,10101,10101,20.0,,,,,,,,,,
916407,1860,VESTVÅGØY,189626673,0,183.0,Naust båthus sjøbu,TB,Tatt i bruk,10101,10101,19000101,46.0,,,,,,,,,,
916408,1532,GISKE,10278880,0,113.0,Våningshus,TB,Tatt i bruk,10101,19831005,19841030,205.0,,,408356092.0,Kyrkjevegen,4002.0,601.0,,,6040.0,VIGRA
916409,1532,GISKE,10278899,0,181.0,Garasjeuthus anneks til bolig,TB,Tatt i bruk,10101,19831028,19840830,41.0,,,,,,,,,,
916410,1532,GISKE,10278902,0,419.0,Annen eksp. og terminalbygning,TB,Tatt i bruk,10101,19831005,19840608,45.0,,,,,,,,,,
916411,1532,GISKE,10278864,0,111.0,Enebolig,TB,Tatt i bruk,10101,19830829,19840609,236.0,,,355486493.0,Skjongvika,1013.0,13.0,,,6050.0,VALDERØYA
916412,1532,GISKE,10278872,0,181.0,Garasjeuthus anneks til bolig,TB,Tatt i bruk,10101,19831003,19831130,34.0,,,396954500.0,Nedre Grødalsvegen,1078.0,17.0,,,6050.0,VALDERØYA
916413,1532,GISKE,10278945,0,181.0,Garasjeuthus anneks til bolig,TB,Tatt i bruk,10101,19831003,19831130,47.0,,,,,,,,,,
916414,1532,GISKE,10278953,0,241.0,Hus for dyr/landbr.lager/silo,TB,Tatt i bruk,10101,19831005,19831130,57.0,,,,,,,,,,
916415,1532,GISKE,10278910,0,181.0,Garasjeuthus anneks til bolig,TB,Tatt i bruk,10101,19831014,19831130,45.0,,,,,,,,,,
916416,1532,GISKE,10278929,0,181.0,Garasjeuthus anneks til bolig,TB,Tatt i bruk,10101,19831014,19831130,31.0,,,396951261.0,Grødalsvegen,1045.0,38.0,,,6050.0,VALDERØYA
916417,1532,GISKE,10278937,0,181.0,Garasjeuthus anneks til bolig,TB,Tatt i bruk,10101,19831007,19831130,45.0,,,354718285.0,Nilsgarden,1011.0,12.0,,,6050.0,VALDERØYA
916418,1860,VESTVÅGØY,189627378,0,181.0,Garasjeuthus anneks til bolig,TB,Tatt i bruk,10101,10101,10101,12.0,,,,,,,,,,
916419,1860,VESTVÅGØY,189627351,0,181.0,Garasjeuthus anneks til bolig,TB,Tatt i bruk,10101,10101,10101,15.0,,,,,,,,,,
916420,1860,VESTVÅGØY,189627343,0,181.0,Garasjeuthus anneks til bolig,TB,Tatt i bruk,10101,10101,19630101,13.0,,,,,,,,,,
916421,1860,VESTVÅGØY,189627335,0,161.0,Fritidsbygg(hyttersommerh. ol,TB,Tatt i bruk,10101,10101,10101,24.0,,,,,,,,,,
916422,1860,VESTVÅGØY,189627327,0,181.0,Garasjeuthus anneks til bolig,TB,Tatt i bruk,10101,10101,10101,18.0,,,,,,,,,,
916423,1860,VESTVÅGØY,189627319,0,181.0,Garasjeuthus anneks til bolig,TB,Tatt i bruk,10101,10101,10101,12.0,,,,,,,,,,
916424,1860,VESTVÅGØY,189627300,0,181.0,Garasjeuthus anneks til bolig,TB,Tatt i bruk,10101,10101,10101,17.0,,,,,,,,,,
916425,1860,VESTVÅGØY,189627297,0,181.0,Garasjeuthus anneks til bolig,TB,Tatt i bruk,10101,10101,10101,14.0,,,,,,,,,,
916426,1860,VESTVÅGØY,189627289,0,181.0,Garasjeuthus anneks til bolig,TB,Tatt i bruk,10101,10101,10101,13.0,,,,,,,,,,
916427,1860,VESTVÅGØY,189627270,0,249.0,Annen landbruksbygning,GR,Bygning godkjent for riving/brenning,10101,10101,18800101,35.0,,,,,,,,,,
916428,1860,VESTVÅGØY,189627262,0,181.0,Garasjeuthus anneks til bolig,TB,Tatt i bruk,10101,10101,19800101,5.0,,,,,,,,,,
916429,1860,VESTVÅGØY,189627254,0,181.0,Garasjeuthus anneks til bolig,TB,Tatt i bruk,10101,10101,10101,8.0,,,,,,,,,,
916430,1860,VESTVÅGØY,189627246,0,161.0,Fritidsbygg(hyttersommerh. ol,TB,Tatt i bruk,10101,10101,10101,11.0,,,,,,,,,,
916431,1860,VESTVÅGØY,189627238,0,183.0,Naust båthus sjøbu,TB,Tatt i bruk,10101,10101,10101,66.0,,,,,,,,,,
916432,1860,VESTVÅGØY,189627211,0,181.0,Garasjeuthus anneks til bolig,TB,Tatt i bruk,10101,10101,10101,24.0,,,,,,,,,,
916433,1860,VESTVÅGØY,189627203,0,183.0,Naust båthus sjøbu,TB,Tatt i bruk,10101,10101,10101,15.0,,,,,,,,,,
916434,1860,VESTVÅGØY,189627475,0,524.0,Camping/utleiehytte,TB,Tatt i bruk,10101,10101,19980101,39.0,,,,,,,,,,
916435,1860,VESTVÅGØY,189627467,0,524.0,Camping/utleiehytte,TB,Tatt i bruk,10101,10101,19980101,39.0,,,,,,,,,,
916436,1860,VESTVÅGØY,189627459,0,524.0,Camping/utleiehytte,TB,Tatt i bruk,10101,10101,19980101,27.0,,,,,,,,,,
916437,1860,VESTVÅGØY,189627440,0,524.0,Camping/utleiehytte,TB,Tatt i bruk,10101,10101,19980101,27.0,,,,,,,,,,
916438,1860,VESTVÅGØY,189627432,0,524.0,Camping/utleiehytte,TB,Tatt i bruk,10101,10101,19980101,27.0,,,,,,,,,,
916439,1860,VESTVÅGØY,189627424,0,524.0,Camping/utleiehytte,TB,Tatt i bruk,10101,10101,19980101,27.0,,,,,,,,,,
916440,1860,VESTVÅGØY,189627416,0,524.0,Camping/utleiehytte,TB,Tatt i bruk,10101,10101,19980101,27.0,,,,,,,,,,
916441,1860,VESTVÅGØY,189627408,0,161.0,Fritidsbygg(hyttersommerh. ol,TB,Tatt i bruk,10101,10101,10101,50.0,,,,,,,,,,
916442,1860,VESTVÅGØY,189627394,0,183.0,Naust båthus sjøbu,TB,Tatt i bruk,10101,10101,10101,8.0,,,,,,,,,,
916443,1860,VESTVÅGØY,189627386,0,181.0,Garasjeuthus anneks til bolig,TB,Tatt i bruk,10101,10101,10101,22.0,,,,,,,,,,
916444,1860,VESTVÅGØY,189629877,0,161.0,Fritidsbygg(hyttersommerh. ol,TB,Tatt i bruk,10101,10101,10101,18.0,,,,,,,,,,
916445,1532,GISKE,10282233,0,111.0,Enebolig,TB,Tatt i bruk,19870520,19871030,19880816,135.0,,,,,,,,,,
916446,1860,VESTVÅGØY,189629869,0,662.0,Samfunnshus grendehus,TB,Tatt i bruk,10101,10101,10101,245.0,,,56498360.0,Reinhaugveien,8202.0,265.0,,,8360.0,BØSTAD
916447,1860,VESTVÅGØY,189629850,0,241.0,Hus for dyr/landbr.lager/silo,TB,Tatt i bruk,10101,10101,10101,113.0,,,,,,,,,,
916448,1532,GISKE,10282241,0,111.0,Enebolig,TB,Tatt i bruk,19870520,19870831,19880825,243.0,,,320963480.0,Halvardsrema,8515.0,20.0,,,6052.0,GISKE
916449,1860,VESTVÅGØY,189629842,0,181.0,Garasjeuthus anneks til bolig,TB,Tatt i bruk,10101,10101,10101,50.0,,,,,,,,,,
916450,1860,VESTVÅGØY,189629834,0,161.0,Fritidsbygg(hyttersommerh. ol,TB,Tatt i bruk,10101,10101,10101,20.0,,,,,,,,,,
916451,1860,VESTVÅGØY,189629826,0,161.0,Fritidsbygg(hyttersommerh. ol,TB,Tatt i bruk,10101,10101,10101,9.0,,,,,,,,,,
916452,1532,GISKE,10282225,0,112.0,Enebolig m/hybel/sokkelleil.,TB,Tatt i bruk,10101,10101,10101,247.0,,,388530023.0,Valderhaugstranda,1039.0,18.0,,,6050.0,VALDERØYA
916453,1860,VESTVÅGØY,189629818,0,161.0,Fritidsbygg(hyttersommerh. ol,TB,Tatt i bruk,10101,10101,10101,14.0,,,,,,,,,,
916454,1532,GISKE,10282225,1,112.0,Enebolig m/hybel/sokkelleil.,TB,Tatt i bruk,19870529,19880201,19880808,55.0,,,388530023.0,Valderhaugstranda,1039.0,18.0,,,6050.0,VALDERØYA
916455,1860,VESTVÅGØY,189629796,0,161.0,Fritidsbygg(hyttersommerh. ol,TB,Tatt i bruk,10101,10101,10101,6.0,,,,,,,,,,
916456,1860,VESTVÅGØY,189629788,0,161.0,Fritidsbygg(hyttersommerh. ol,TB,Tatt i bruk,10101,10101,10101,4.0,,,,,,,,,,
916457,1532,GISKE,10282284,0,111.0,Enebolig,TB,Tatt i bruk,19870520,19870701,19881124,282.0,,,57165974.0,Malnavegen,1043.0,46.0,,,6050.0,VALDERØYA
916458,1860,VESTVÅGØY,189629761,0,239.0,Annen lagerbygning,TB,Tatt i bruk,10101,10101,10101,76.0,,,,,,,,,,
916459,1860,VESTVÅGØY,189629753,0,111.0,Enebolig,TB,Tatt i bruk,10101,10101,19700101,152.0,,,56498361.0,Reinhaugveien,8202.0,271.0,,,8360.0,BØSTAD
916460,1532,GISKE,10282292,0,322.0,Butikk/forretningsbygning,TB,Tatt i bruk,10101,10101,10101,692.0,,,391345963.0,Pettervegen,1061.0,15.0,,,6050.0,VALDERØYA
916461,1860,VESTVÅGØY,189629745,0,111.0,Enebolig,TB,Tatt i bruk,10101,10101,19400101,127.0,,,56498362.0,Reinhaugveien,8202.0,272.0,,,8360.0,BØSTAD
916462,1532,GISKE,10282292,1,322.0,Butikk/forretningsbygning,BU,Bygningsnummer utgått,19870520,19871001,19880323,579.0,,,57166397.0,Valderøyvegen,1002.0,452.0,,,6050.0,VALDERØYA
916463,1860,VESTVÅGØY,189629737,0,241.0,Hus for dyr/landbr.lager/silo,TB,Tatt i bruk,10101,10101,10101,285.0,,,,,,,,,,
916464,1532,GISKE,10282268,0,111.0,Enebolig,TB,Tatt i bruk,19870520,19870701,19881202,265.0,,,403352357.0,Valderøyvegen,1002.0,989.0,,,6050.0,VALDERØYA
916465,1860,VESTVÅGØY,189629729,0,241.0,Hus for dyr/landbr.lager/silo,TB,Tatt i bruk,10101,10101,10101,73.0,,,,,,,,,,
916466,1860,VESTVÅGØY,189629710,0,241.0,Hus for dyr/landbr.lager/silo,TB,Tatt i bruk,10101,10101,10101,65.0,,,,,,,,,,
916467,1532,GISKE,10282276,0,111.0,Enebolig,TB,Tatt i bruk,19870520,19870701,19881025,200.0,,,57165975.0,Malnavegen,1043.0,44.0,,,6050.0,VALDERØYA
916468,1860,VESTVÅGØY,189629702,0,241.0,Hus for dyr/landbr.lager/silo,TB,Tatt i bruk,10101,10101,10101,70.0,,,,,,,,,,
916469,1860,VESTVÅGØY,189630050,0,181.0,Garasjeuthus anneks til bolig,TB,Tatt i bruk,10101,10101,19850101,52.0,,,,,,,,,,
916470,1532,GISKE,10282187,1,111.0,Enebolig,TB,Tatt i bruk,19870429,19870504,19871127,50.0,,,372466599.0,Øvre Skjong,1021.0,1.0,,,6050.0,VALDERØYA
916471,1860,VESTVÅGØY,189630042,0,183.0,Naust båthus sjøbu,TB,Tatt i bruk,10101,10101,10101,12.0,,,,,,,,,,
916472,1860,VESTVÅGØY,189630034,0,181.0,Garasjeuthus anneks til bolig,TB,Tatt i bruk,10101,10101,10101,47.0,,,,,,,,,,
916473,1532,GISKE,10282187,2,111.0,Enebolig,TB,Tatt i bruk,19930429,19930701,19930715,14.0,,,,,,,,,,
916474,1860,VESTVÅGØY,189630026,0,161.0,Fritidsbygg(hyttersommerh. ol,TB,Tatt i bruk,10101,10101,10101,56.0,,,56491592.0,Valbergsveien,7007.0,868.0,,,8357.0,VALBERG
916475,1860,VESTVÅGØY,189630018,0,111.0,Enebolig,BR,Bygning revet/brent,10101,10101,10101,55.0,,,,,,,,,,
916476,1532,GISKE,10282160,1,111.0,Enebolig,TB,Tatt i bruk,19870429,19870504,19900301,49.0,,,396745421.0,Øvre Nordstranda,1072.0,18.0,,,6050.0,VALDERØYA
916477,1860,VESTVÅGØY,189629990,0,161.0,Fritidsbygg(hyttersommerh. ol,TB,Tatt i bruk,10101,10101,10101,27.0,,,,,,,,,,
916478,1860,VESTVÅGØY,189629982,0,182.0,Garasjeuth.anneks til fritidb,TB,Tatt i bruk,10101,10101,20020101,15.0,,,,,,,,,,
916479,1532,GISKE,10282179,0,181.0,Garasjeuthus anneks til bolig,IG,Igangsettingstillatelse,19870429,19870504,10101,49.0,,,,,,,,,,
916480,1860,VESTVÅGØY,189629974,0,161.0,Fritidsbygg(hyttersommerh. ol,BU,Bygningsnummer utgått,10101,10101,10101,0.0,,,,,,,,,,
916481,1532,GISKE,10282187,0,111.0,Enebolig,TB,Tatt i bruk,10101,10101,10101,250.0,,,372466599.0,Øvre Skjong,1021.0,1.0,,,6050.0,VALDERØYA
916482,1860,VESTVÅGØY,189629966,0,183.0,Naust båthus sjøbu,TB,Tatt i bruk,10101,10101,10101,16.0,,,,,,,,,,
916483,1532,GISKE,10282209,0,111.0,Enebolig,TB,Tatt i bruk,19870501,19870504,19880209,358.0,,,57163538.0,Markevegen,4014.0,66.0,,,6040.0,VIGRA
916484,1860,VESTVÅGØY,189629958,0,161.0,Fritidsbygg(hyttersommerh. ol,TB,Tatt i bruk,10101,10101,10101,13.0,,,,,,,,,,
916485,1860,VESTVÅGØY,189629931,0,161.0,Fritidsbygg(hyttersommerh. ol,TB,Tatt i bruk,10101,10101,10101,13.0,,,,,,,,,,
916486,1532,GISKE,10282209,1,111.0,Enebolig,RA,Rammetillatelse,20010612,10101,10101,49.0,,,57163538.0,Markevegen,4014.0,66.0,,,6040.0,VIGRA
916487,1860,VESTVÅGØY,189629923,0,161.0,Fritidsbygg(hyttersommerh. ol,TB,Tatt i bruk,10101,10101,10101,10.0,,,,,,,,,,
916488,1532,GISKE,10282217,0,181.0,Garasjeuthus anneks til bolig,TB,Tatt i bruk,19870501,19870701,19880729,40.0,,,396779078.0,Øvre Nordstranda,1072.0,79.0,,,6050.0,VALDERØYA
916489,1860,VESTVÅGØY,189629915,0,161.0,Fritidsbygg(hyttersommerh. ol,TB,Tatt i bruk,10101,10101,10101,32.0,,,,,,,,,,
916490,1532,GISKE,10282195,0,181.0,Garasjeuthus anneks til bolig,TB,Tatt i bruk,19870429,19871001,19880429,39.0,,,,,,,,,,
916491,1860,VESTVÅGØY,189629907,0,161.0,Fritidsbygg(hyttersommerh. ol,TB,Tatt i bruk,10101,10101,10101,11.0,,,,,,,,,,
916492,1860,VESTVÅGØY,189629893,0,183.0,Naust båthus sjøbu,TB,Tatt i bruk,10101,10101,10101,13.0,,,,,,,,,,
916493,1532,GISKE,10282195,1,181.0,Garasjeuthus anneks til bolig,BU,Bygningsnummer utgått,10101,10101,10101,50.0,,,,,,,,,,
916494,1860,VESTVÅGØY,189629885,0,161.0,Fritidsbygg(hyttersommerh. ol,TB,Tatt i bruk,10101,10101,10101,7.0,,,,,,,,,,
916495,1532,GISKE,10282195,2,181.0,Garasjeuthus anneks til bolig,BA,Bygging avlyst,19930429,10101,10101,47.0,,,372466599.0,Øvre Skjong,1021.0,1.0,,,6050.0,VALDERØYA
916496,1532,GISKE,10282101,0,181.0,Garasjeuthus anneks til bolig,TB,Tatt i bruk,19870303,19870303,19881031,47.0,,,,,,,,,,
916497,1532,GISKE,10282128,0,122.0,"Tomannsbolig, horisontaldelt",TB,Tatt i bruk,19870304,19871001,19880510,215.0,,,411343286.0,Romsdalsvegen,4056.0,94.0,,,6040.0,VIGRA
916498,1532,GISKE,10282071,0,112.0,Enebolig m/hybel/sokkelleil.,TB,Tatt i bruk,19870221,19870331,19880617,350.0,,,413869289.0,Søre Oksneset,1067.0,37.0,,,6050.0,VALDERØYA
916499,1532,GISKE,10282098,0,183.0,Naust båthus sjøbu,TB,Tatt i bruk,19870209,19871001,19871127,47.0,,,,,,,,,,
916500,1532,GISKE,10282136,2,662.0,Samfunnshus grendehus,RA,Rammetillatelse,19951222,10101,10101,20.0,,,408292353.0,Kyrkjevegen,4002.0,337.0,,,6040.0,VIGRA
916501,1532,GISKE,10282152,0,111.0,Enebolig,TB,Tatt i bruk,19870429,19870701,19880307,317.0,,,415600557.0,Nordstrandfjørå,1084.0,17.0,,,6050.0,VALDERØYA
916502,1532,GISKE,10282160,0,111.0,Enebolig,TB,Tatt i bruk,10101,10101,10101,302.0,,,396745421.0,Øvre Nordstranda,1072.0,18.0,,,6050.0,VALDERØYA
916503,1532,GISKE,10282136,0,662.0,Samfunnshus grendehus,TB,Tatt i bruk,10101,10101,10101,549.0,,,408292353.0,Kyrkjevegen,4002.0,337.0,,,6040.0,VIGRA
916504,1532,GISKE,10282136,1,662.0,Samfunnshus grendehus,TB,Tatt i bruk,19870304,19881003,19900301,45.0,,,408292353.0,Kyrkjevegen,4002.0,337.0,,,6040.0,VIGRA
916505,1860,VESTVÅGØY,189629699,0,181.0,Garasjeuthus anneks til bolig,BR,Bygning revet/brent,10101,10101,10101,18.0,,,,,,,,,,
916506,1860,VESTVÅGØY,189629680,0,181.0,Garasjeuthus anneks til bolig,BR,Bygning revet/brent,10101,10101,10101,12.0,,,,,,,,,,
916507,1532,GISKE,10282047,1,311.0,Kontor- og adm.bygning rådhus,TB,Tatt i bruk,19930723,19940601,19940712,141.0,,,57166955.0,Sætrehamna,1089.0,5.0,,,6050.0,VALDERØYA
916508,1860,VESTVÅGØY,189629672,0,181.0,Garasjeuthus anneks til bolig,TB,Tatt i bruk,10101,10101,10101,16.0,,,,,,,,,,
916509,1532,GISKE,10282047,2,311.0,Kontor- og adm.bygning rådhus,IG,Igangsettingstillatelse,20020218,20020823,10101,135.0,,,57166955.0,Sætrehamna,1089.0,5.0,,,6050.0,VALDERØYA
916510,1532,GISKE,10282039,0,113.0,Våningshus,TB,Tatt i bruk,10101,10101,10101,247.0,,,57167963.0,Alnesvegen,7032.0,56.0,,,6055.0,GODØYA
916511,1532,GISKE,10282039,1,113.0,Våningshus,TB,Tatt i bruk,19870112,19871001,19881031,35.0,,,57167963.0,Alnesvegen,7032.0,56.0,,,6055.0,GODØYA
916512,1532,GISKE,10282047,0,311.0,Kontor- og adm.bygning rådhus,TB,Tatt i bruk,19870121,19870323,19880419,499.0,,,57166955.0,Sætrehamna,1089.0,5.0,,,6050.0,VALDERØYA
916513,1532,GISKE,10282063,0,219.0,Annen industribygning,TB,Tatt i bruk,10101,10101,10101,682.0,,,415612442.0,Nordstrandfjørå,1084.0,71.0,,,6050.0,VALDERØYA
916514,1532,GISKE,10282063,1,219.0,Annen industribygning,TB,Tatt i bruk,19870121,19870511,19871030,500.0,,,415612442.0,Nordstrandfjørå,1084.0,71.0,,,6050.0,VALDERØYA
916515,1532,GISKE,10282063,2,219.0,Annen industribygning,TB,Tatt i bruk,19991115,19991215,20000323,465.0,,,415612442.0,Nordstrandfjørå,1084.0,71.0,,,6050.0,VALDERØYA
916516,1532,GISKE,10282055,0,212.0,Verkstedbygning,TB,Tatt i bruk,10101,10101,19790101,2406.0,,,57164363.0,Gjøsundneset,4060.0,17.0,,,6040.0,VIGRA
916517,1532,GISKE,10282055,1,212.0,Verkstedbygning,TB,Tatt i bruk,19870121,19870504,19890906,938.0,,,57164363.0,Gjøsundneset,4060.0,17.0,,,6040.0,VIGRA
916518,1860,VESTVÅGØY,189626495,0,181.0,Garasjeuthus anneks til bolig,TB,Tatt i bruk,10101,10101,10101,18.0,,,,,,,,,,
916519,1860,VESTVÅGØY,189626487,0,181.0,Garasjeuthus anneks til bolig,TB,Tatt i bruk,10101,10101,10101,44.0,,,,,,,,,,
916520,1860,VESTVÅGØY,189626479,0,181.0,Garasjeuthus anneks til bolig,TB,Tatt i bruk,10101,10101,10101,31.0,,,,,,,,,,
916521,1860,VESTVÅGØY,189626460,0,181.0,Garasjeuthus anneks til bolig,TB,Tatt i bruk,10101,10101,10101,27.0,,,,,,,,,,
916522,1860,VESTVÅGØY,189626452,0,181.0,Garasjeuthus anneks til bolig,BR,Bygning revet/brent,10101,10101,10101,107.0,,,,,,,,,,
916523,1860,VESTVÅGØY,189626444,0,161.0,Fritidsbygg(hyttersommerh. ol,TB,Tatt i bruk,10101,10101,19310101,43.0,,,56499022.0,Eggumsveien,5013.0,839.0,,,8360.0,BØSTAD
916524,1860,VESTVÅGØY,189626436,0,241.0,Hus for dyr/landbr.lager/silo,BR,Bygning revet/brent,10101,10101,19300101,17.0,,,,,,,,,,
916525,1860,VESTVÅGØY,189626428,0,181.0,Garasjeuthus anneks til bolig,TB,Tatt i bruk,10101,10101,10101,21.0,,,,,,,,,,
916526,1860,VESTVÅGØY,189626401,0,181.0,Garasjeuthus anneks til bolig,TB,Tatt i bruk,10101,10101,10101,33.0,,,,,,,,,,
916527,1860,VESTVÅGØY,189626398,0,161.0,Fritidsbygg(hyttersommerh. ol,TB,Tatt i bruk,10101,10101,10101,27.5,,,518845798.0,,,,,0.0,8360.0,BØSTAD
916528,1860,VESTVÅGØY,189630212,1,161.0,Fritidsbygg(hyttersommerh. ol,TB,Tatt i bruk,20010313,20010501,20011215,28.0,,,,,,,,,,
916529,1860,VESTVÅGØY,189630212,0,161.0,Fritidsbygg(hyttersommerh. ol,TB,Tatt i bruk,10101,10101,19900101,46.0,,,,,,,,,,
916530,1860,VESTVÅGØY,189630204,0,182.0,Garasjeuth.anneks til fritidb,TB,Tatt i bruk,10101,10101,10101,25.0,,,,,,,,,,
916531,1860,VESTVÅGØY,189630190,0,182.0,Garasjeuth.anneks til fritidb,TB,Tatt i bruk,10101,10101,10101,21.0,,,,,,,,,,
916532,1860,VESTVÅGØY,189630182,0,182.0,Garasjeuth.anneks til fritidb,TB,Tatt i bruk,10101,10101,10101,17.0,,,,,,,,,,
916533,1860,VESTVÅGØY,189630174,0,182.0,Garasjeuth.anneks til fritidb,TB,Tatt i bruk,10101,10101,10101,34.0,,,,,,,,,,
916534,1860,VESTVÅGØY,189630166,0,182.0,Garasjeuth.anneks til fritidb,TB,Tatt i bruk,10101,10101,10101,55.0,,,,,,,,,,
916535,1860,VESTVÅGØY,189630158,0,182.0,Garasjeuth.anneks til fritidb,TB,Tatt i bruk,10101,10101,10101,31.0,,,,,,,,,,
916536,1860,VESTVÅGØY,189630131,0,248.0,Annen fiskeri- og fangstbygn.,TB,Tatt i bruk,10101,10101,10101,99.0,,,,,,,,,,
916537,1860,VESTVÅGØY,189630123,0,248.0,Annen fiskeri- og fangstbygn.,TB,Tatt i bruk,10101,10101,10101,322.0,,,,,,,,,,
916538,1860,VESTVÅGØY,189630115,0,181.0,Garasjeuthus anneks til bolig,TB,Tatt i bruk,10101,10101,10101,16.0,,,,,,,,,,
916539,1860,VESTVÅGØY,189630107,0,161.0,Fritidsbygg(hyttersommerh. ol,TB,Tatt i bruk,10101,10101,10101,20.0,,,,,,,,,,
916540,1860,VESTVÅGØY,189630093,0,183.0,Naust båthus sjøbu,TB,Tatt i bruk,10101,10101,10101,28.0,,,,,,,,,,
916541,1860,VESTVÅGØY,189630085,0,183.0,Naust båthus sjøbu,TB,Tatt i bruk,10101,10101,10101,22.0,,,,,,,,,,
916542,1860,VESTVÅGØY,189630077,0,161.0,Fritidsbygg(hyttersommerh. ol,TB,Tatt i bruk,10101,10101,10101,49.0,,,56489932.0,Torbergjorda,4050.0,62.0,,,8340.0,STAMSUND
916543,1860,VESTVÅGØY,189630069,0,161.0,Fritidsbygg(hyttersommerh. ol,TB,Tatt i bruk,10101,10101,10101,124.0,,,56495162.0,Finstadveien,6016.0,52.0,,,8340.0,STAMSUND
916544,1532,GISKE,10282292,4,322.0,Butikk/forretningsbygning,IG,Igangsettingstillatelse,19960701,19960716,10101,275.0,,,,,,,,,,
916545,1532,GISKE,10282292,5,322.0,Butikk/forretningsbygning,TB,Tatt i bruk,20050120,20050216,20060501,264.0,,,,,,,,,,
916546,1860,VESTVÅGØY,189630344,0,121.0,"Tomannsbolig, vertikaldelt",TB,Tatt i bruk,10101,10101,10101,131.0,,,56499439.0,Vikveien,8313.0,9.0,,,8370.0,LEKNES
916547,1860,VESTVÅGØY,189630336,0,182.0,Garasjeuth.anneks til fritidb,TB,Tatt i bruk,10101,10101,20040101,17.0,,,,,,,,,,
916548,1860,VESTVÅGØY,189630328,0,524.0,Camping/utleiehytte,TB,Tatt i bruk,10101,10101,20040101,66.0,,,6390366140.0,Sjøbergveien,6019.0,15.0,,,8352.0,SENNESVIK
916549,1532,GISKE,10282292,2,322.0,Butikk/forretningsbygning,RA,Rammetillatelse,19880316,10101,10101,883.0,,,57166397.0,Valderøyvegen,1002.0,452.0,,,6050.0,VALDERØYA
916550,1860,VESTVÅGØY,189630301,0,524.0,Camping/utleiehytte,TB,Tatt i bruk,10101,10101,20000101,10.0,,,,,,,,,,
916551,1532,GISKE,10282292,3,322.0,Butikk/forretningsbygning,TB,Tatt i bruk,19960227,19960716,19970716,113.0,,,,,,,,,,
916552,1860,VESTVÅGØY,189630298,0,524.0,Camping/utleiehytte,TB,Tatt i bruk,10101,10101,20000101,10.0,,,,,,,,,,
916553,1860,VESTVÅGØY,189630271,0,161.0,Fritidsbygg(hyttersommerh. ol,TB,Tatt i bruk,10101,10101,19800101,27.0,,,,,,,,,,
916554,1532,GISKE,10282314,0,181.0,Garasjeuthus anneks til bolig,TB,Tatt i bruk,19870521,19871001,19871127,40.0,,,430095646.0,Klungreteigen,4063.0,5.0,,,6040.0,VIGRA
916555,1860,VESTVÅGØY,189630263,0,181.0,Garasjeuthus anneks til bolig,TB,Tatt i bruk,10101,10101,10101,15.0,,,,,,,,,,
916556,1860,VESTVÅGØY,189630247,0,121.0,"Tomannsbolig, vertikaldelt",TB,Tatt i bruk,10101,10101,10101,117.0,,,56499063.0,Vikingveien,8011.0,598.0,B,,8360.0,BØSTAD
916557,1532,GISKE,10282322,0,181.0,Garasjeuthus anneks til bolig,TB,Tatt i bruk,19870521,19880601,19890428,46.0,,,57164519.0,Leitebakken,7025.0,19.0,,,6055.0,GODØYA
916558,1860,VESTVÅGØY,189630239,0,183.0,Naust båthus sjøbu,TB,Tatt i bruk,10101,10101,19900101,62.0,,,,,,,,,,
916559,1860,VESTVÅGØY,189630220,0,182.0,Garasjeuth.anneks til fritidb,TB,Tatt i bruk,10101,10101,19900101,24.0,,,,,,,,,,
916560,1532,GISKE,10282306,0,111.0,Enebolig,TB,Tatt i bruk,19870521,19870701,19881227,244.0,,,407357127.0,Storebakken,4030.0,16.0,,,6040.0,VIGRA
916561,1860,VESTVÅGØY,189630212,2,161.0,Fritidsbygg(hyttersommerh. ol,FA,Ferdigattest,20070601,20070701,10101,8.0,,,,,,,,,,
916562,1532,GISKE,10282306,1,111.0,Enebolig,TB,Tatt i bruk,19980608,20000107,20010322,45.0,,,407357127.0,Storebakken,4030.0,16.0,,,6040.0,VIGRA
916563,1532,GISKE,10280524,0,181.0,Garasjeuthus anneks til bolig,TB,Tatt i bruk,19850901,19851001,19860930,40.0,,,408511982.0,Trollhaugane,1087.0,24.0,,,6050.0,VALDERØYA
916564,1532,GISKE,10281644,0,112.0,Enebolig m/hybel/sokkelleil.,TB,Tatt i bruk,19860911,19861001,19880104,333.0,,,407353995.0,Storebakken,4030.0,19.0,,,6040.0,VIGRA
916565,1532,GISKE,10280532,0,181.0,Garasjeuthus anneks til bolig,TB,Tatt i bruk,19850901,19851002,19860930,43.0,,,407825504.0,Tevegen,4017.0,4.0,,,6040.0,VIGRA
916566,1532,GISKE,10281652,0,181.0,Garasjeuthus anneks til bolig,TB,Tatt i bruk,19860907,19861001,19861201,32.0,,,,,,,,,,
916567,1532,GISKE,10280508,0,111.0,Enebolig,TB,Tatt i bruk,19850901,19860415,19870504,260.0,,,355486494.0,Skjongvika,1013.0,15.0,,,6050.0,VALDERØYA
916568,1532,GISKE,10281628,1,111.0,Enebolig,TB,Tatt i bruk,19860819,19861001,19870331,43.0,,,415600551.0,Nordstranda,1060.0,17.0,,,6050.0,VALDERØYA
916569,1860,VESTVÅGØY,189626371,0,181.0,Garasjeuthus anneks til bolig,TB,Tatt i bruk,10101,10101,10101,29.0,,,,,,,,,,
916570,1532,GISKE,10280516,0,111.0,Enebolig,TB,Tatt i bruk,19850901,19860429,19870831,262.0,,,372828923.0,Skjongskaret,1022.0,38.0,,,6050.0,VALDERØYA
916571,1532,GISKE,10281636,0,419.0,Annen eksp. og terminalbygning,TB,Tatt i bruk,10101,10101,10101,2090.0,,,57168337.0,Flyplassvegen,4033.0,33.0,,,6040.0,VIGRA
916572,1860,VESTVÅGØY,189626363,0,181.0,Garasjeuthus anneks til bolig,TB,Tatt i bruk,10101,10101,10101,16.0,,,,,,,,,,
916573,1532,GISKE,10281636,1,419.0,Annen eksp. og terminalbygning,TB,Tatt i bruk,19860827,19861110,19870713,1987.0,,,57168337.0,Flyplassvegen,4033.0,33.0,,,6040.0,VIGRA
916574,1860,VESTVÅGØY,189626355,0,181.0,Garasjeuthus anneks til bolig,TB,Tatt i bruk,10101,10101,10101,109.0,,,,,,,,,,
916575,1532,GISKE,10280567,0,212.0,Verkstedbygning,TB,Tatt i bruk,10101,10101,20061121,1928.0,,,408077335.0,Postvegen,4001.0,615.0,,,6040.0,VIGRA
916576,1860,VESTVÅGØY,189626347,0,161.0,Fritidsbygg(hyttersommerh. ol,TB,Tatt i bruk,10101,10101,19500101,62.0,,,,,,,,,,
916577,1532,GISKE,10280567,1,212.0,Verkstedbygning,TB,Tatt i bruk,19850901,19851021,19860911,1110.0,,,408077335.0,Postvegen,4001.0,615.0,,,6040.0,VIGRA
916578,1532,GISKE,10281679,0,111.0,Enebolig,TB,Tatt i bruk,19860901,19861001,19870720,293.0,,,392272164.0,Skarteigane,1066.0,9.0,,,6050.0,VALDERØYA
916579,1860,VESTVÅGØY,189626339,0,183.0,Naust båthus sjøbu,TB,Tatt i bruk,10101,10101,19300101,53.0,,,,,,,,,,
916580,1860,VESTVÅGØY,189626320,0,181.0,Garasjeuthus anneks til bolig,TB,Tatt i bruk,10101,10101,10101,36.0,,,,,,,,,,
916581,1532,GISKE,10280575,0,111.0,Enebolig,TB,Tatt i bruk,19851018,19860428,19880223,307.0,,,390696902.0,Klokkmarka,1047.0,29.0,,,6050.0,VALDERØYA
916582,1532,GISKE,10281687,0,181.0,Garasjeuthus anneks til bolig,TB,Tatt i bruk,19860903,19870515,19880729,73.0,,,,,,,,,,
916583,1860,VESTVÅGØY,189626312,0,181.0,Garasjeuthus anneks til bolig,TB,Tatt i bruk,10101,10101,10101,17.0,,,,,,,,,,
916584,1532,GISKE,10280540,0,181.0,Garasjeuthus anneks til bolig,TB,Tatt i bruk,19850901,19851001,19851230,34.0,,,,,,,,,,
916585,1860,VESTVÅGØY,189626304,0,181.0,Garasjeuthus anneks til bolig,TB,Tatt i bruk,10101,10101,10101,14.0,,,,,,,,,,
916586,1532,GISKE,10281660,0,111.0,Enebolig,TB,Tatt i bruk,19860901,19870331,19880324,252.0,,,403164310.0,Valderøyvegen,1002.0,282.0,,,6050.0,VALDERØYA
916587,1860,VESTVÅGØY,189626290,0,181.0,Garasjeuthus anneks til bolig,TB,Tatt i bruk,10101,10101,10101,8.0,,,,,,,,,,
916588,1532,GISKE,10280559,0,999.0,,TB,Tatt i bruk,19850901,19861001,19870303,0.0,,,,,,,,,,
916589,1860,VESTVÅGØY,189626282,0,181.0,Garasjeuthus anneks til bolig,TB,Tatt i bruk,10101,10101,10101,51.0,,,,,,,,,,
916590,1532,GISKE,10281660,1,111.0,Enebolig,TB,Tatt i bruk,19950703,19950814,19971201,24.0,,,403164310.0,Valderøyvegen,1002.0,282.0,,,6050.0,VALDERØYA
916591,1532,GISKE,10280435,0,181.0,Garasjeuthus anneks til bolig,TB,Tatt i bruk,19850901,19851001,19851230,39.0,,,358655045.0,Skjongneset,1018.0,38.0,,,6050.0,VALDERØYA
916592,1532,GISKE,10281555,0,111.0,Enebolig,TB,Tatt i bruk,19860625,19861001,19871023,236.0,,,392272163.0,Skarteigane,1066.0,7.0,,,6050.0,VALDERØYA
916593,1532,GISKE,10280443,0,241.0,Hus for dyr/landbr.lager/silo,TB,Tatt i bruk,19850901,19851004,19851230,92.0,,,407953858.0,Postvegen,4001.0,102.0,,,6040.0,VIGRA
916594,1532,GISKE,10281563,0,111.0,Enebolig,TB,Tatt i bruk,19860820,19861001,19870505,271.0,,,403132521.0,Geilåkrane,1017.0,9.0,A,,6050.0,VALDERØYA
916595,1532,GISKE,10280419,0,181.0,Garasjeuthus anneks til bolig,TB,Tatt i bruk,19850901,19851015,19860930,36.0,,,403124896.0,Kolvikparken,1050.0,30.0,,,6050.0,VALDERØYA
916596,1532,GISKE,10281539,0,183.0,Naust båthus sjøbu,TB,Tatt i bruk,19860625,19861001,19861201,59.0,,,,,,,,,,
916597,1532,GISKE,10280427,0,181.0,Garasjeuthus anneks til bolig,BA,Bygging avlyst,19850901,10101,10101,34.0,,,57164530.0,Leitebakken,7025.0,28.0,,,6055.0,GODØYA
916598,1532,GISKE,10281547,0,111.0,Enebolig,TB,Tatt i bruk,19860626,19861001,19871023,331.0,,,408389378.0,Søre Oksneset,1067.0,25.0,,,6050.0,VALDERØYA
916599,1532,GISKE,10280486,0,181.0,Garasjeuthus anneks til bolig,TB,Tatt i bruk,19850901,19851001,19860930,36.0,,,57164540.0,Leitebakken,7025.0,31.0,,,6055.0,GODØYA
916600,1532,GISKE,10281601,0,244.0,Driftsb. fiske/fangst/oppdr,TB,Tatt i bruk,19860819,19881201,19890428,167.0,,,,,,,,,,
916601,1532,GISKE,10280494,0,111.0,Enebolig,TB,Tatt i bruk,19850901,19860422,19870316,296.0,,,57164386.0,Godøyvegen,7001.0,119.0,,,6055.0,GODØYA
916602,1532,GISKE,10281628,0,111.0,Enebolig,TB,Tatt i bruk,10101,10101,10101,187.0,,,415600551.0,Nordstranda,1060.0,17.0,,,6050.0,VALDERØYA
916603,1532,GISKE,10280451,0,181.0,Garasjeuthus anneks til bolig,TB,Tatt i bruk,19850901,19851001,19851230,46.0,,,407720933.0,Klokkarvegen,4013.0,5.0,,,6040.0,VIGRA
916604,1532,GISKE,10281571,0,181.0,Garasjeuthus anneks til bolig,TB,Tatt i bruk,19860827,19861001,19861201,33.0,,,,,,,,,,
916605,1532,GISKE,10280478,0,181.0,Garasjeuthus anneks til bolig,TB,Tatt i bruk,19850901,19851202,19860930,38.0,,,413859600.0,Øvre Nordstranda,1072.0,42.0,,,6050.0,VALDERØYA
916606,1532,GISKE,10281598,0,181.0,Garasjeuthus anneks til bolig,TB,Tatt i bruk,19860819,19861001,19861201,34.0,,,,,,,,,,
916607,1860,VESTVÅGØY,189626096,0,181.0,Garasjeuthus anneks til bolig,TB,Tatt i bruk,10101,10101,10101,26.0,,,,,,,,,,
916608,1860,VESTVÅGØY,189626088,0,181.0,Garasjeuthus anneks til bolig,TB,Tatt i bruk,10101,10101,10101,34.0,,,,,,,,,,
916609,1532,GISKE,10280354,0,111.0,Enebolig,TB,Tatt i bruk,19850618,19851017,19860516,129.0,,,392272165.0,Skarteigane,1066.0,2.0,,,6050.0,VALDERØYA
916610,1860,VESTVÅGØY,189626061,0,183.0,Naust båthus sjøbu,TB,Tatt i bruk,10101,10101,10101,16.0,,,,,,,,,,
916611,1860,VESTVÅGØY,189626053,0,181.0,Garasjeuthus anneks til bolig,TB,Tatt i bruk,10101,10101,10101,26.0,,,,,,,,,,
916612,1532,GISKE,10280362,0,181.0,Garasjeuthus anneks til bolig,TB,Tatt i bruk,19850618,19850807,19851230,48.0,,,,,,,,,,
916613,1860,VESTVÅGØY,189626045,0,524.0,Camping/utleiehytte,TB,Tatt i bruk,10101,10101,10101,21.0,,,,,,,,,,
916614,1532,GISKE,10280338,0,211.0,Fabrikkbygning,TB,Tatt i bruk,10101,10101,10101,0.0,,,323250630.0,Sjøvegen,8520.0,77.0,,,6052.0,GISKE
916615,1860,VESTVÅGØY,189626037,0,524.0,Camping/utleiehytte,TB,Tatt i bruk,10101,10101,10101,20.0,,,,,,,,,,
916616,1532,GISKE,10280338,1,211.0,Fabrikkbygning,TB,Tatt i bruk,19850618,19851001,19860818,396.0,,,,,,,,,,
916617,1860,VESTVÅGØY,189626029,0,524.0,Camping/utleiehytte,TB,Tatt i bruk,10101,10101,10101,23.0,,,,,,,,,,
916618,1860,VESTVÅGØY,189626010,0,181.0,Garasjeuthus anneks til bolig,TB,Tatt i bruk,10101,10101,10101,26.0,,,,,,,,,,
916619,1532,GISKE,10280346,0,111.0,Enebolig,TB,Tatt i bruk,19850618,19850801,19860818,239.0,,,408389370.0,Knutivegen,1048.0,11.0,,,6050.0,VALDERØYA
916620,1860,VESTVÅGØY,189626002,0,161.0,Fritidsbygg(hyttersommerh. ol,TB,Tatt i bruk,10101,10101,10101,57.0,,,,,,,,,,
916621,1860,VESTVÅGØY,189625995,0,182.0,Garasjeuth.anneks til fritidb,TB,Tatt i bruk,10101,10101,10101,6.0,,,,,,,,,,
916622,1532,GISKE,10280397,0,181.0,Garasjeuthus anneks til bolig,TB,Tatt i bruk,19850529,19850802,19900301,36.0,,,,,,,,,,
916623,1532,GISKE,10281512,1,111.0,Enebolig,RA,Rammetillatelse,19980428,10101,10101,47.0,,,392309133.0,Skarteigane,1066.0,18.0,,,6050.0,VALDERØYA
916624,1860,VESTVÅGØY,189625987,0,161.0,Fritidsbygg(hyttersommerh. ol,TB,Tatt i bruk,10101,10101,10101,40.0,,,,,,,,,,
916625,1532,GISKE,10281520,0,111.0,Enebolig,TB,Tatt i bruk,10101,10101,10101,319.0,,,407353991.0,Storebakken,4030.0,7.0,,,6040.0,VIGRA
916626,1860,VESTVÅGØY,189625979,0,182.0,Garasjeuth.anneks til fritidb,TB,Tatt i bruk,10101,10101,10101,5.0,,,,,,,,,,
916627,1532,GISKE,10280400,0,181.0,Garasjeuthus anneks til bolig,TB,Tatt i bruk,10101,19850802,19851230,36.0,,,57164351.0,Nørestranda,4006.0,221.0,,,6040.0,VIGRA
916628,1532,GISKE,10281520,1,111.0,Enebolig,TB,Tatt i bruk,19860625,19861015,19870831,35.0,,,,,,,,,,
916629,1860,VESTVÅGØY,189625960,0,161.0,Fritidsbygg(hyttersommerh. ol,TB,Tatt i bruk,10101,10101,10101,47.0,,,56495048.0,Torbergjorda,4050.0,96.0,,,8340.0,STAMSUND
916630,1860,VESTVÅGØY,189625952,0,161.0,Fritidsbygg(hyttersommerh. ol,TB,Tatt i bruk,10101,10101,10101,43.0,,,56489924.0,Torbergjorda,4050.0,78.0,,,8340.0,STAMSUND
916631,1532,GISKE,10280370,0,111.0,Enebolig,TB,Tatt i bruk,19850618,19850801,19860514,257.0,,,413902063.0,Nordstranda,1060.0,11.0,,,6050.0,VALDERØYA
916632,1860,VESTVÅGØY,189625944,0,161.0,Fritidsbygg(hyttersommerh. ol,TB,Tatt i bruk,10101,10101,10101,46.0,,,56489933.0,Torbergjorda,4050.0,64.0,,,8340.0,STAMSUND
916633,1860,VESTVÅGØY,189625936,0,182.0,Garasjeuth.anneks til fritidb,TB,Tatt i bruk,10101,10101,10101,9.0,,,,,,,,,,
916634,1532,GISKE,10280389,0,111.0,Enebolig,TB,Tatt i bruk,19850618,19850801,19860826,305.0,,,430105624.0,Borniteigen,4049.0,4.0,,,6040.0,VIGRA
916635,1532,GISKE,10281512,0,111.0,Enebolig,TB,Tatt i bruk,19860625,19861001,19870504,207.0,,,392309133.0,Skarteigane,1066.0,18.0,,,6050.0,VALDERØYA
916636,1860,VESTVÅGØY,189626274,0,181.0,Garasjeuthus anneks til bolig,TB,Tatt i bruk,10101,10101,10101,75.0,,,,,,,,,,
916637,1532,GISKE,10280257,0,111.0,Enebolig,TB,Tatt i bruk,19850601,19850801,19860808,279.0,,,408063726.0,Postvegen,4001.0,468.0,,,6040.0,VIGRA
916638,1860,VESTVÅGØY,189626266,0,181.0,Garasjeuthus anneks til bolig,TB,Tatt i bruk,10101,10101,10101,12.0,,,,,,,,,,
916639,1860,VESTVÅGØY,189626258,0,181.0,Garasjeuthus anneks til bolig,TB,Tatt i bruk,10101,10101,10101,40.0,,,,,,,,,,
916640,1532,GISKE,10280265,0,181.0,Garasjeuthus anneks til bolig,TB,Tatt i bruk,19850601,19850801,19870831,52.0,,,407345781.0,Aglasgjerdet,4026.0,14.0,,,6040.0,VIGRA
916641,1860,VESTVÅGØY,189626231,0,181.0,Garasjeuthus anneks til bolig,TB,Tatt i bruk,10101,10101,10101,11.0,,,,,,,,,,
916642,1860,VESTVÅGØY,189626223,0,181.0,Garasjeuthus anneks til bolig,TB,Tatt i bruk,10101,10101,10101,59.0,,,,,,,,,,
916643,1532,GISKE,10280230,0,111.0,Enebolig,TB,Tatt i bruk,19850521,19850603,19860225,333.0,,,400150601.0,Skaret,1065.0,3.0,,,6050.0,VALDERØYA
916644,1860,VESTVÅGØY,189626215,0,181.0,Garasjeuthus anneks til bolig,BR,Bygning revet/brent,10101,10101,10101,11.0,,,,,,,,,,
916645,1860,VESTVÅGØY,189626207,0,181.0,Garasjeuthus anneks til bolig,TB,Tatt i bruk,10101,10101,10101,22.0,,,,,,,,,,
916646,1532,GISKE,10280249,0,161.0,Fritidsbygg(hyttersommerh. ol,TB,Tatt i bruk,19850621,19850801,19870831,41.0,,,57163969.0,,,,,0.0,6040.0,VIGRA
916647,1860,VESTVÅGØY,189626193,0,999.0,,TB,Tatt i bruk,10101,10101,10101,0.0,,,,,,,,,,
916648,1860,VESTVÅGØY,189626185,0,183.0,Naust båthus sjøbu,TB,Tatt i bruk,10101,10101,10101,26.0,,,,,,,,,,
916649,1532,GISKE,10280303,0,181.0,Garasjeuthus anneks til bolig,TB,Tatt i bruk,19850618,19850801,19851230,43.0,,,394382832.0,Nesgarden,1057.0,10.0,,,6050.0,VALDERØYA
916650,1860,VESTVÅGØY,189626177,0,662.0,Samfunnshus grendehus,TB,Tatt i bruk,10101,10101,10101,130.0,,,,,,,,,,
916651,1860,VESTVÅGØY,189626169,0,161.0,Fritidsbygg(hyttersommerh. ol,TB,Tatt i bruk,10101,10101,19350101,47.0,,,,,,,,,,
916652,1532,GISKE,10280311,0,183.0,Naust båthus sjøbu,TB,Tatt i bruk,19850618,19851007,19870831,55.0,,,,,,,,,,
916653,1860,VESTVÅGØY,189626150,0,181.0,Garasjeuthus anneks til bolig,TB,Tatt i bruk,10101,10101,19850101,17.0,,,,,,,,,,
916654,1860,VESTVÅGØY,189626142,0,181.0,Garasjeuthus anneks til bolig,TB,Tatt i bruk,10101,10101,10101,55.0,,,,,,,,,,
916655,1532,GISKE,10280273,0,112.0,Enebolig m/hybel/sokkelleil.,TB,Tatt i bruk,19850618,19850801,19860319,274.0,,,349707390.0,Ytterland,1006.0,23.0,,,6050.0,VALDERØYA
916656,1860,VESTVÅGØY,189626134,0,241.0,Hus for dyr/landbr.lager/silo,TB,Tatt i bruk,10101,10101,10101,278.0,,,,,,,,,,
916657,1860,VESTVÅGØY,189626126,0,181.0,Garasjeuthus anneks til bolig,TB,Tatt i bruk,10101,10101,10101,25.0,,,,,,,,,,
916658,1532,GISKE,10280281,0,181.0,Garasjeuthus anneks til bolig,BA,Bygging avlyst,19850604,10101,10101,37.0,,,394382836.0,Nesgarden,1057.0,21.0,,,6050.0,VALDERØYA
916659,1860,VESTVÅGØY,189626118,0,181.0,Garasjeuthus anneks til bolig,TB,Tatt i bruk,10101,10101,10101,22.0,,,,,,,,,,
916660,1532,GISKE,10281970,0,111.0,Enebolig,TB,Tatt i bruk,19870110,19870331,19880104,279.0,,,57164538.0,Leiteråsa,7026.0,11.0,,,6055.0,GODØYA
916661,1532,GISKE,10281989,0,111.0,Enebolig,TB,Tatt i bruk,19870110,19870302,19880601,349.0,,,407345785.0,Hagardsvegen,4029.0,4.0,,,6040.0,VIGRA
916662,1532,GISKE,10281954,0,111.0,Enebolig,TB,Tatt i bruk,19870110,19870331,19880417,269.0,,,411234605.0,Hamnevegen,4045.0,121.0,,,6040.0,VIGRA
916663,1532,GISKE,10281962,0,111.0,Enebolig,TB,Tatt i bruk,19870110,19870331,19880308,276.0,,,408390914.0,Søre Oksneset,1067.0,26.0,,,6050.0,VALDERØYA
916664,1532,GISKE,10282012,0,111.0,Enebolig,TB,Tatt i bruk,19870112,19870315,19871201,222.0,,,315258572.0,Knutiteigen,8513.0,1.0,,,6052.0,GISKE
916665,1532,GISKE,10282012,1,111.0,Enebolig,TB,Tatt i bruk,10101,10101,10101,23.0,,,,,,,,,,
916666,1532,GISKE,10282020,0,181.0,Garasjeuthus anneks til bolig,IG,Igangsettingstillatelse,19870112,19911001,10101,45.0,,,,,,,,,,
916667,1532,GISKE,10281997,0,111.0,Enebolig,TB,Tatt i bruk,19870112,19870331,19880601,323.0,,,408381936.0,Sætrevegen,1076.0,78.0,,,6050.0,VALDERØYA
916668,1532,GISKE,10282004,0,111.0,Enebolig,TB,Tatt i bruk,19870112,19870515,19880430,322.0,,,57164545.0,Leitebakken,7025.0,36.0,,,6055.0,GODØYA
916669,1532,GISKE,10281873,0,181.0,Garasjeuthus anneks til bolig,TB,Tatt i bruk,19861204,19871127,19881028,61.0,,,,,,,,,,
916670,1532,GISKE,10281881,0,181.0,Garasjeuthus anneks til bolig,TB,Tatt i bruk,19861204,19870211,19870831,50.0,,,,,,,,,,
916671,1532,GISKE,10281857,0,111.0,Enebolig,TB,Tatt i bruk,19861104,19870331,19880104,272.0,,,57165947.0,Joteigen,1099.0,12.0,,,6050.0,VALDERØYA
916672,1532,GISKE,10281865,0,111.0,Enebolig,TB,Tatt i bruk,19861105,19861110,19871124,270.0,,,309335095.0,Hølevegen,8511.0,17.0,,,6052.0,GISKE
916673,1532,GISKE,10281938,0,181.0,Garasjeuthus anneks til bolig,TB,Tatt i bruk,19870119,19880411,19881230,33.0,,,57164553.0,Gøymyrane,7031.0,28.0,,,6055.0,GODØYA
916674,1506,MOLDE,300001604,0,163.0,Våningh. benyttes som fritidsb,TB,Tatt i bruk,10101,10101,20080222,244.0,,,56983251.0,Vistdalsvegen,43140.0,1399.0,,,6364.0,VISTDAL
916675,1532,GISKE,10281946,0,111.0,Enebolig,TB,Tatt i bruk,19870110,19880601,19881207,115.0,,,413912864.0,Nordstranda,1060.0,51.0,,,6050.0,VALDERØYA
916676,1532,GISKE,10281903,0,183.0,Naust båthus sjøbu,TB,Tatt i bruk,19831109,19861201,19870701,67.0,,,,,,,,,,
916677,1532,GISKE,10281911,0,183.0,Naust båthus sjøbu,TB,Tatt i bruk,19841206,19861201,19870701,67.0,,,,,,,,,,
916678,1532,GISKE,10281792,0,181.0,Garasjeuthus anneks til bolig,TB,Tatt i bruk,19861007,19861105,19870831,33.0,,,,,,,,,,
916679,1532,GISKE,10281806,0,111.0,Enebolig,TB,Tatt i bruk,19861007,19861126,19880218,356.0,,,407357128.0,Storebakken,4030.0,18.0,,,6040.0,VIGRA
916680,1532,GISKE,10281776,0,181.0,Garasjeuthus anneks til bolig,TB,Tatt i bruk,19861001,19861201,19971201,50.0,,,,,,,,,,
916681,1532,GISKE,10281784,0,111.0,Enebolig,TB,Tatt i bruk,19861006,19861215,19880104,156.0,,,408051766.0,Postvegen,4001.0,199.0,,,6040.0,VIGRA
916682,1532,GISKE,10281830,0,111.0,Enebolig,TB,Tatt i bruk,19861107,19861110,19880104,264.0,,,57166036.0,Øvstegjerda,1100.0,6.0,,,6050.0,VALDERØYA
916683,1532,GISKE,10281849,0,181.0,Garasjeuthus anneks til bolig,TB,Tatt i bruk,19861117,19870515,19870831,57.0,,,,,,,,,,
916684,1532,GISKE,10281814,0,181.0,Garasjeuthus anneks til bolig,TB,Tatt i bruk,19861007,19861103,19870331,48.0,,,407953856.0,Postvegen,4001.0,96.0,,,6040.0,VIGRA
916685,1532,GISKE,10281822,0,181.0,Garasjeuthus anneks til bolig,TB,Tatt i bruk,19861017,19870331,19870831,33.0,,,,,,,,,,
916686,1532,GISKE,10280591,1,111.0,Enebolig,TB,Tatt i bruk,19851018,19851024,19860930,122.0,,,,,,,,,,
916687,1532,GISKE,10281717,0,322.0,Butikk/forretningsbygning,TB,Tatt i bruk,19860910,19861031,19871001,128.0,,,400150603.0,Skaret,1065.0,7.0,,,6050.0,VALDERØYA
916688,1532,GISKE,10280591,2,111.0,Enebolig,RA,Rammetillatelse,20030311,10101,10101,98.0,,,415608610.0,Nordstrandfjørå,1084.0,58.0,,,6050.0,VALDERØYA
916689,1532,GISKE,10281725,0,183.0,Naust båthus sjøbu,BR,Bygning revet/brent,19861001,19870302,19870920,52.0,,,,,,,,,,
916690,1532,GISKE,10280583,0,181.0,Garasjeuthus anneks til bolig,TB,Tatt i bruk,19851018,19860630,19861201,32.0,,,,,,,,,,
916691,1532,GISKE,10281695,0,181.0,Garasjeuthus anneks til bolig,TB,Tatt i bruk,19860903,19861015,19870331,40.0,,,,,,,,,,
916692,1532,GISKE,10280591,0,111.0,Enebolig,TB,Tatt i bruk,10101,10101,10101,244.0,,,415608610.0,Nordstrandfjørå,1084.0,58.0,,,6050.0,VALDERØYA
916693,1532,GISKE,10281709,0,181.0,Garasjeuthus anneks til bolig,TB,Tatt i bruk,19860903,19861001,19861201,47.0,,,,,,,,,,
916694,1532,GISKE,10281741,0,181.0,Garasjeuthus anneks til bolig,TB,Tatt i bruk,19861001,19861201,19870831,34.0,,,,,,,,,,
916695,1532,GISKE,10281768,0,181.0,Garasjeuthus anneks til bolig,TB,Tatt i bruk,19861001,19870302,19870831,47.0,,,,,,,,,,
916696,1532,GISKE,10281733,0,181.0,Garasjeuthus anneks til bolig,TB,Tatt i bruk,19861001,19861103,19861201,52.0,,,,,,,,,,
916697,1860,VESTVÅGØY,189629303,0,181.0,Garasjeuthus anneks til bolig,TB,Tatt i bruk,10101,10101,10101,29.0,,,,,,,,,,
916698,1532,GISKE,10279836,1,111.0,Enebolig,RA,Rammetillatelse,20001006,10101,10101,39.0,,,398524326.0,Leitaskaret,1020.0,11.0,,,6050.0,VALDERØYA
916699,1532,GISKE,10278503,0,181.0,Garasjeuthus anneks til bolig,TB,Tatt i bruk,10101,19830624,19830815,45.0,,,,,,,,,,
916700,1860,VESTVÅGØY,189629281,0,181.0,Garasjeuthus anneks til bolig,TB,Tatt i bruk,10101,10101,10101,9.0,,,,,,,,,,
916701,1532,GISKE,10279844,0,181.0,Garasjeuthus anneks til bolig,TB,Tatt i bruk,19850305,19850410,19850830,32.0,,,320959631.0,Halvardsrema,8515.0,7.0,,,6052.0,GISKE
916702,1860,VESTVÅGØY,189629273,0,182.0,Garasjeuth.anneks til fritidb,TB,Tatt i bruk,10101,10101,10101,8.0,,,,,,,,,,
916703,1532,GISKE,10278511,0,241.0,Hus for dyr/landbr.lager/silo,BR,Bygning revet/brent,10101,19830628,19831130,70.0,,,,,,,,,,
916704,1860,VESTVÅGØY,189629265,0,182.0,Garasjeuth.anneks til fritidb,TB,Tatt i bruk,10101,10101,10101,6.0,,,,,,,,,,
916705,1532,GISKE,10279852,0,111.0,Enebolig,TB,Tatt i bruk,10101,10101,10101,151.0,,,423353500.0,Kristianavegen,1016.0,1.0,,,6050.0,VALDERØYA
916706,1532,GISKE,10278465,1,111.0,Enebolig,TB,Tatt i bruk,19860618,19870504,19870831,45.0,,,354822877.0,Skjongvika,1013.0,2.0,,,6050.0,VALDERØYA
916707,1860,VESTVÅGØY,189629257,0,181.0,Garasjeuthus anneks til bolig,TB,Tatt i bruk,10101,10101,10101,10.0,,,,,,,,,,
916708,1532,GISKE,10279828,0,183.0,Naust båthus sjøbu,TB,Tatt i bruk,19850305,19861201,19870701,66.0,,,,,,,,,,
916709,1860,VESTVÅGØY,189629249,0,181.0,Garasjeuthus anneks til bolig,TB,Tatt i bruk,10101,10101,10101,24.0,,,,,,,,,,
916710,1532,GISKE,10278473,0,111.0,Enebolig,TB,Tatt i bruk,10101,19830623,19840606,258.0,,,415600553.0,Nordstrandfjørå,1084.0,9.0,,,6050.0,VALDERØYA
916711,1860,VESTVÅGØY,189629230,0,249.0,Annen landbruksbygning,TB,Tatt i bruk,10101,10101,10101,28.0,,,,,,,,,,
916712,1532,GISKE,10279836,0,111.0,Enebolig,TB,Tatt i bruk,19850301,19850503,19860407,266.0,,,398524326.0,Leitaskaret,1020.0,11.0,,,6050.0,VALDERØYA
916713,1860,VESTVÅGØY,189629222,0,181.0,Garasjeuthus anneks til bolig,TB,Tatt i bruk,10101,10101,10101,23.0,,,,,,,,,,
916714,1532,GISKE,10278481,0,181.0,Garasjeuthus anneks til bolig,TB,Tatt i bruk,10101,19830616,19830802,50.0,,,,,,,,,,
916715,1532,GISKE,10278554,1,111.0,Enebolig,TB,Tatt i bruk,10101,19830628,19831028,55.0,,,354821289.0,Skjongmyra,1010.0,2.0,,,6050.0,VALDERØYA
916716,1860,VESTVÅGØY,189629214,0,239.0,Annen lagerbygning,TB,Tatt i bruk,10101,10101,10101,24.0,,,281533551.0,Hestøyveien,7004.0,38.0,,,8357.0,VALBERG
916717,1532,GISKE,10279879,0,111.0,Enebolig,TB,Tatt i bruk,19850319,19850801,19860507,203.0,,,57165938.0,Joteigen,1099.0,31.0,,,6050.0,VALDERØYA
916718,1860,VESTVÅGØY,189629206,0,181.0,Garasjeuthus anneks til bolig,TB,Tatt i bruk,10101,10101,10101,24.0,,,,,,,,,,
916719,1532,GISKE,10278562,0,651.0,Idrettshall,TB,Tatt i bruk,10101,19830606,19840102,2230.0,,,400104745.0,Valderhaug,1068.0,10.0,,,6050.0,VALDERØYA
916720,1860,VESTVÅGØY,189629192,0,181.0,Garasjeuthus anneks til bolig,TB,Tatt i bruk,10101,10101,10101,5.0,,,,,,,,,,
916721,1532,GISKE,10279887,0,183.0,Naust båthus sjøbu,TB,Tatt i bruk,19850319,19850409,19850815,90.0,,,,,,,,,,
916722,1532,GISKE,10278570,0,111.0,Enebolig,FA,Ferdigattest,10101,10101,10101,172.2,,,408511981.0,Trollhaugane,1087.0,22.0,,,6050.0,VALDERØYA
916723,1860,VESTVÅGØY,189629184,0,181.0,Garasjeuthus anneks til bolig,TB,Tatt i bruk,10101,10101,10101,11.0,,,,,,,,,,
916724,1532,GISKE,10278538,0,111.0,Enebolig,TB,Tatt i bruk,10101,19830628,19840518,163.0,,,57164542.0,Leitebakken,7025.0,33.0,,,6055.0,GODØYA
916725,1532,GISKE,10279852,1,111.0,Enebolig,TB,Tatt i bruk,19850305,19850521,19861201,97.0,,,423353500.0,Kristianavegen,1016.0,1.0,,,6050.0,VALDERØYA
916726,1860,VESTVÅGØY,189629176,0,161.0,Fritidsbygg(hyttersommerh. ol,TB,Tatt i bruk,20070320,20070320,20070501,26.0,,,,,,,,,,
916727,1532,GISKE,10278546,0,111.0,Enebolig,TB,Tatt i bruk,10101,19830628,19840507,199.0,,,366044313.0,Karenhaugen,1015.0,18.0,,,6050.0,VALDERØYA
916728,1860,VESTVÅGØY,189629168,0,161.0,Fritidsbygg(hyttersommerh. ol,TB,Tatt i bruk,10101,10101,10101,51.0,,,56491562.0,Tjønndalsveien,7002.0,167.0,,,8357.0,VALBERG
916729,1532,GISKE,10279860,0,111.0,Enebolig,TB,Tatt i bruk,19850301,19850502,19860407,306.0,,,408381938.0,Sætrevegen,1076.0,84.0,,,6050.0,VALDERØYA
916730,1532,GISKE,10278554,0,111.0,Enebolig,TB,Tatt i bruk,10101,10101,10101,213.0,,,354821289.0,Skjongmyra,1010.0,2.0,,,6050.0,VALDERØYA
916731,1860,VESTVÅGØY,189629141,0,161.0,Fritidsbygg(hyttersommerh. ol,TB,Tatt i bruk,10101,10101,10101,43.0,,,422765477.0,Tjønndalsveien,7002.0,169.0,,,8357.0,VALBERG
916732,1860,VESTVÅGØY,189629486,0,182.0,Garasjeuth.anneks til fritidb,TB,Tatt i bruk,10101,10101,10101,28.0,,,,,,,,,,
916733,1532,GISKE,10279771,1,241.0,Hus for dyr/landbr.lager/silo,RA,Rammetillatelse,19970103,10101,10101,88.0,,,57164383.0,Høgsteinvegen,7020.0,2.0,,,6055.0,GODØYA
916734,1532,GISKE,10278414,0,181.0,Garasjeuthus anneks til bolig,TB,Tatt i bruk,10101,19830615,19830802,32.0,,,,,,,,,,
916735,1860,VESTVÅGØY,189629478,0,182.0,Garasjeuth.anneks til fritidb,TB,Tatt i bruk,10101,10101,10101,3.0,,,,,,,,,,
916736,1532,GISKE,10279771,2,241.0,Hus for dyr/landbr.lager/silo,TB,Tatt i bruk,20061017,20061017,20070531,0.0,,,57164383.0,Høgsteinvegen,7020.0,2.0,,,6055.0,GODØYA
916737,1860,VESTVÅGØY,189629451,0,181.0,Garasjeuthus anneks til bolig,TB,Tatt i bruk,10101,10101,10101,27.0,,,,,,,,,,
916738,1532,GISKE,10278422,0,111.0,Enebolig,TB,Tatt i bruk,10101,19830603,19831221,186.0,,,355427066.0,Skjongvika,1013.0,22.0,,,6050.0,VALDERØYA
916739,1860,VESTVÅGØY,189629443,0,181.0,Garasjeuthus anneks til bolig,TB,Tatt i bruk,10101,10101,10101,29.0,,,,,,,,,,
916740,1532,GISKE,10279771,3,241.0,Hus for dyr/landbr.lager/silo,TB,Tatt i bruk,20061017,20061017,20070531,0.0,,,57164383.0,Høgsteinvegen,7020.0,2.0,,,6055.0,GODØYA
916741,1860,VESTVÅGØY,189629435,0,181.0,Garasjeuthus anneks til bolig,TB,Tatt i bruk,10101,10101,10101,12.0,,,,,,,,,,
916742,1532,GISKE,10278384,0,113.0,Våningshus,TB,Tatt i bruk,10101,19830509,19831219,256.0,,,57164375.0,Kamsdalsvegen,7016.0,2.0,,,6055.0,GODØYA
916743,1532,GISKE,10279763,0,111.0,Enebolig,TB,Tatt i bruk,19850201,19850531,19860904,328.0,,,354829313.0,Skjongvika,1013.0,14.0,,,6050.0,VALDERØYA
916744,1860,VESTVÅGØY,189629427,0,181.0,Garasjeuthus anneks til bolig,TB,Tatt i bruk,10101,10101,10101,12.0,,,,,,,,,,
916745,1532,GISKE,10278392,0,181.0,Garasjeuthus anneks til bolig,TB,Tatt i bruk,10101,19830525,19830628,32.0,,,,,,,,,,
916746,1860,VESTVÅGØY,189629419,0,239.0,Annen lagerbygning,TB,Tatt i bruk,10101,10101,10101,17.0,,,,,,,,,,
916747,1532,GISKE,10279771,0,241.0,Hus for dyr/landbr.lager/silo,TB,Tatt i bruk,19850301,19850409,19851220,427.0,,,57164383.0,Høgsteinvegen,7020.0,2.0,,,6055.0,GODØYA
916748,1860,VESTVÅGØY,189629400,0,181.0,Garasjeuthus anneks til bolig,TB,Tatt i bruk,10101,10101,10101,18.0,,,,,,,,,,
916749,1532,GISKE,10278406,0,111.0,Enebolig,TB,Tatt i bruk,10101,19830530,19840529,165.8,,,354718286.0,Nilsgarden,1011.0,14.0,,,6050.0,VALDERØYA
916750,1860,VESTVÅGØY,189629397,0,181.0,Garasjeuthus anneks til bolig,TB,Tatt i bruk,10101,10101,10101,6.0,,,,,,,,,,
916751,1532,GISKE,10279798,2,244.0,Driftsb. fiske/fangst/oppdr,RA,Rammetillatelse,19960927,10101,10101,323.0,,,57164434.0,Geilereset,7017.0,7.0,,,6055.0,GODØYA
916752,1532,GISKE,10278457,0,111.0,Enebolig,TB,Tatt i bruk,10101,19830601,19830802,196.0,,,57164553.0,Gøymyrane,7031.0,28.0,,,6055.0,GODØYA
916753,1860,VESTVÅGØY,189629389,0,183.0,Naust båthus sjøbu,TB,Tatt i bruk,10101,10101,10101,31.0,,,,,,,,,,
916754,1532,GISKE,10279798,3,244.0,Driftsb. fiske/fangst/oppdr,RA,Rammetillatelse,19971230,10101,10101,15.0,,,57164434.0,Geilereset,7017.0,7.0,,,6055.0,GODØYA
916755,1860,VESTVÅGØY,189629370,0,183.0,Naust båthus sjøbu,TB,Tatt i bruk,10101,10101,10101,31.0,,,,,,,,,,
916756,1532,GISKE,10278465,0,111.0,Enebolig,TB,Tatt i bruk,10101,19830622,19840301,334.0,,,354822877.0,Skjongvika,1013.0,2.0,,,6050.0,VALDERØYA
916757,1532,GISKE,10279801,0,111.0,Enebolig,TB,Tatt i bruk,19850301,19850506,19850927,198.0,,,396951265.0,Nedre Grødalsvegen,1078.0,7.0,,,6050.0,VALDERØYA
916758,1860,VESTVÅGØY,189629362,0,182.0,Garasjeuth.anneks til fritidb,TB,Tatt i bruk,10101,10101,10101,6.0,,,,,,,,,,
916759,1532,GISKE,10278422,1,111.0,Enebolig,RA,Rammetillatelse,20011107,10101,10101,7.0,,,355427066.0,Skjongvika,1013.0,22.0,,,6050.0,VALDERØYA
916760,1860,VESTVÅGØY,189629354,0,182.0,Garasjeuth.anneks til fritidb,TB,Tatt i bruk,10101,10101,10101,11.0,,,,,,,,,,
916761,1532,GISKE,10278430,0,111.0,Enebolig,TB,Tatt i bruk,10101,19830603,19840516,168.0,,,411346257.0,Tørneset,4041.0,22.0,,,6040.0,VIGRA
916762,1860,VESTVÅGØY,189629346,0,182.0,Garasjeuth.anneks til fritidb,TB,Tatt i bruk,10101,10101,10101,22.0,,,,,,,,,,
916763,1532,GISKE,10279798,0,244.0,Driftsb. fiske/fangst/oppdr,TB,Tatt i bruk,10101,10101,10101,681.0,,,57168412.0,,,,,0.0,6055.0,GODØYA
916764,1860,VESTVÅGØY,189629338,0,999.0,,TB,Tatt i bruk,10101,10101,10101,0.0,,,,,,,,,,
916765,1532,GISKE,10278430,1,111.0,Enebolig,RA,Rammetillatelse,20010612,10101,10101,10.0,,,411346257.0,Tørneset,4041.0,22.0,,,6040.0,VIGRA
916766,1532,GISKE,10279798,1,244.0,Driftsb. fiske/fangst/oppdr,TB,Tatt i bruk,19850301,19850503,19860930,250.0,,,57164434.0,Geilereset,7017.0,7.0,,,6055.0,GODØYA
916767,1860,VESTVÅGØY,189629311,0,241.0,Hus for dyr/landbr.lager/silo,TB,Tatt i bruk,10101,10101,10101,41.0,,,,,,,,,,
916768,1532,GISKE,10278449,0,111.0,Enebolig,TB,Tatt i bruk,10101,19830606,19840727,190.0,,,400147446.0,Krissenvegen,1052.0,10.0,,,6050.0,VALDERØYA
916769,1532,GISKE,10278309,0,111.0,Enebolig,TB,Tatt i bruk,10101,19830502,19831118,251.0,,,57165897.0,Øvstevegen,1000.0,18.0,,,6050.0,VALDERØYA
916770,1860,VESTVÅGØY,189628951,0,181.0,Garasjeuthus anneks til bolig,TB,Tatt i bruk,10101,10101,10101,8.0,,,,,,,,,,
916771,1532,GISKE,10279720,1,122.0,"Tomannsbolig, horisontaldelt",TB,Tatt i bruk,19850131,19850401,19850816,121.0,,,397103125.0,Kolåsbakken,1083.0,31.0,,,6050.0,VALDERØYA
916772,1860,VESTVÅGØY,189628943,0,161.0,Fritidsbygg(hyttersommerh. ol,TB,Tatt i bruk,10101,10101,10101,32.0,,,,,,,,,,
916773,1532,GISKE,10278317,0,181.0,Garasjeuthus anneks til bolig,TB,Tatt i bruk,10101,19830506,19830628,34.0,,,,,,,,,,
916774,1860,VESTVÅGØY,189628935,0,182.0,Garasjeuth.anneks til fritidb,TB,Tatt i bruk,10101,10101,10101,15.0,,,,,,,,,,
916775,1532,GISKE,10279720,2,122.0,"Tomannsbolig, horisontaldelt",TB,Tatt i bruk,19960418,19960716,19971201,29.0,,,397103125.0,Kolåsbakken,1083.0,31.0,,,6050.0,VALDERØYA
916776,1532,GISKE,10278325,0,111.0,Enebolig,TB,Tatt i bruk,10101,19830502,19840307,239.0,,,355486496.0,Skjongvika,1013.0,19.0,,,6050.0,VALDERØYA
916777,1860,VESTVÅGØY,189628927,0,183.0,Naust båthus sjøbu,TB,Tatt i bruk,10101,10101,10101,14.0,,,,,,,,,,
916778,1532,GISKE,10278287,0,113.0,Våningshus,TB,Tatt i bruk,10101,10101,19360101,247.0,,,57164402.0,Godøyvegen,7001.0,93.0,,,6055.0,GODØYA
916779,1860,VESTVÅGØY,189628919,0,181.0,Garasjeuthus anneks til bolig,TB,Tatt i bruk,10101,10101,10101,18.0,,,,,,,,,,
916780,1532,GISKE,10278287,1,113.0,Våningshus,TB,Tatt i bruk,10101,19830502,19830825,92.0,,,57164402.0,Godøyvegen,7001.0,93.0,,,6055.0,GODØYA
916781,1860,VESTVÅGØY,189628900,0,182.0,Garasjeuth.anneks til fritidb,TB,Tatt i bruk,10101,10101,10101,8.0,,,,,,,,,,
916782,1532,GISKE,10279712,0,111.0,Enebolig,TB,Tatt i bruk,19850122,19850508,19860620,258.0,,,413869296.0,Oksneset,1085.0,8.0,,,6050.0,VALDERØYA
916783,1860,VESTVÅGØY,189628897,0,182.0,Garasjeuth.anneks til fritidb,BR,Bygning revet/brent,10101,10101,10101,10.0,,,,,,,,,,
916784,1532,GISKE,10278295,0,111.0,Enebolig,TB,Tatt i bruk,10101,19830502,19840727,296.0,,,407285364.0,Demmevegen,4027.0,18.0,,,6040.0,VIGRA
916785,1532,GISKE,10279720,0,122.0,"Tomannsbolig, horisontaldelt",TB,Tatt i bruk,10101,10101,19500615,207.0,,,397103125.0,Kolåsbakken,1083.0,31.0,,,6050.0,VALDERØYA
916786,1532,GISKE,10278341,0,183.0,Naust båthus sjøbu,TB,Tatt i bruk,10101,19830506,19830825,68.0,,,,,,,,,,
916787,1860,VESTVÅGØY,189628889,0,161.0,Fritidsbygg(hyttersommerh. ol,TB,Tatt i bruk,19920924,19921024,19940801,97.9,,,461053732.0,Solstranda,6006.0,71.0,,,8370.0,LEKNES
916788,1532,GISKE,10279755,0,113.0,Våningshus,TB,Tatt i bruk,10101,19850114,19870309,208.0,,,411197227.0,Hamnevegen,4045.0,75.0,,,6040.0,VIGRA
916789,1532,GISKE,10278368,0,111.0,Enebolig,TB,Tatt i bruk,10101,19830511,19831219,286.0,,,354829312.0,Skjongvika,1013.0,12.0,,,6050.0,VALDERØYA
916790,1860,VESTVÅGØY,189628870,0,181.0,Garasjeuthus anneks til bolig,TB,Tatt i bruk,19781121,19781221,19790401,42.0,,,,,,,,,,
916791,1532,GISKE,10279755,1,113.0,Våningshus,TB,Tatt i bruk,19880629,19900301,19920630,55.0,,,411197228.0,Hamnevegen,4045.0,77.0,,,6040.0,VIGRA
916792,1532,GISKE,10278376,0,111.0,Enebolig,TB,Tatt i bruk,10101,19830520,19831001,242.0,,,355427064.0,Skjongvika,1013.0,18.0,,,6050.0,VALDERØYA
916793,1860,VESTVÅGØY,189628862,0,159.0,Annen bygning for bofellesskap,TB,Tatt i bruk,10101,10101,19940101,48.0,,,56493106.0,Knutstadveien,8103.0,242.0,,,8360.0,BØSTAD
916794,1860,VESTVÅGØY,189628854,0,182.0,Garasjeuth.anneks til fritidb,TB,Tatt i bruk,10101,10101,10101,5.0,,,,,,,,,,
916795,1532,GISKE,10278333,0,111.0,Enebolig,TB,Tatt i bruk,10101,19830509,19831110,236.0,,,355427068.0,Skjongvika,1013.0,26.0,,,6050.0,VALDERØYA
916796,1532,GISKE,10279739,0,669.0,Annet kulturhus,TB,Tatt i bruk,10101,10101,10101,0.0,,,323250630.0,Sjøvegen,8520.0,77.0,,,6052.0,GISKE
916797,1860,VESTVÅGØY,189628846,0,524.0,Camping/utleiehytte,TB,Tatt i bruk,10101,10101,10101,11.0,,,,,,,,,,
916798,1532,GISKE,10279739,2,669.0,Annet kulturhus,TB,Tatt i bruk,19850107,19890102,19890214,75.0,,,,,,,,,,
916799,1532,GISKE,10278333,1,111.0,Enebolig,TB,Tatt i bruk,19950710,19991210,20000113,46.0,,,355427068.0,Skjongvika,1013.0,26.0,,,6050.0,VALDERØYA
916800,1860,VESTVÅGØY,189628838,0,524.0,Camping/utleiehytte,TB,Tatt i bruk,10101,10101,10101,11.0,,,,,,,,,,
916801,1860,VESTVÅGØY,189628811,0,524.0,Camping/utleiehytte,TB,Tatt i bruk,10101,10101,10101,8.0,,,,,,,,,,
916802,1532,GISKE,10279747,0,239.0,Annen lagerbygning,TB,Tatt i bruk,10101,19850109,19870316,420.0,,,411197226.0,Hamnevegen,4045.0,73.0,,,6040.0,VIGRA
916803,1532,GISKE,10278228,1,241.0,Hus for dyr/landbr.lager/silo,TB,Tatt i bruk,10101,19830304,19830628,30.0,,,,,,,,,,
916804,1860,VESTVÅGØY,189629133,0,183.0,Naust båthus sjøbu,TB,Tatt i bruk,10101,10101,10101,21.0,,,,,,,,,,
916805,1860,VESTVÅGØY,189629125,0,214.0,Bygning for renseanlegg,TB,Tatt i bruk,10101,10101,10101,25.0,,,,,,,,,,
916806,1532,GISKE,10278236,0,111.0,Enebolig,TB,Tatt i bruk,10101,19830318,19831021,220.0,,,407345186.0,Aglasgjerdet,4026.0,4.0,,,6040.0,VIGRA
916807,1860,VESTVÅGØY,189629117,0,181.0,Garasjeuthus anneks til bolig,TB,Tatt i bruk,10101,10101,10101,11.0,,,,,,,,,,
916808,1532,GISKE,10278244,0,111.0,Enebolig,TB,Tatt i bruk,10101,19830412,19840220,221.0,,,57164550.0,Leitebakken,7025.0,40.0,,,6055.0,GODØYA
916809,1860,VESTVÅGØY,189629109,0,183.0,Naust båthus sjøbu,TB,Tatt i bruk,10101,10101,10101,19.0,,,,,,,,,,
916810,1532,GISKE,10278198,0,121.0,"Tomannsbolig, vertikaldelt",BR,Bygning revet/brent,10101,19830315,19831102,58.0,,,,,,,,,,
916811,1860,VESTVÅGØY,189629095,0,181.0,Garasjeuthus anneks til bolig,TB,Tatt i bruk,10101,10101,10101,10.0,,,,,,,,,,
916812,1860,VESTVÅGØY,189629087,0,182.0,Garasjeuth.anneks til fritidb,TB,Tatt i bruk,10101,10101,10101,9.0,,,,,,,,,,
916813,1532,GISKE,10278201,0,121.0,"Tomannsbolig, vertikaldelt",TB,Tatt i bruk,10101,19830305,19831102,58.0,,,396518384.0,Gudmundvegen,1027.0,12.0,,,6050.0,VALDERØYA
916814,1860,VESTVÅGØY,189629079,0,183.0,Naust båthus sjøbu,TB,Tatt i bruk,10101,10101,10101,16.0,,,,,,,,,,
916815,1532,GISKE,10278228,0,241.0,Hus for dyr/landbr.lager/silo,TB,Tatt i bruk,10101,10101,10101,432.0,,,57163857.0,Nørestranda,4006.0,311.0,,,6040.0,VIGRA
916816,1860,VESTVÅGØY,189629060,0,182.0,Garasjeuth.anneks til fritidb,BR,Bygning revet/brent,10101,10101,10101,29.0,,,,,,,,,,
916817,1860,VESTVÅGØY,189629052,0,183.0,Naust båthus sjøbu,TB,Tatt i bruk,10101,10101,10101,15.0,,,,,,,,,,
916818,1860,VESTVÅGØY,189629044,0,181.0,Garasjeuthus anneks til bolig,TB,Tatt i bruk,10101,10101,19710311,20.0,,,,,,,,,,
916819,1532,GISKE,10278279,0,111.0,Enebolig,TB,Tatt i bruk,10101,10101,10101,216.0,,,396778111.0,Øvre Nordstranda,1072.0,47.0,,,6050.0,VALDERØYA
916820,1860,VESTVÅGØY,189629036,0,182.0,Garasjeuth.anneks til fritidb,TB,Tatt i bruk,10101,10101,10101,17.0,,,,,,,,,,
916821,1532,GISKE,10278279,1,111.0,Enebolig,TB,Tatt i bruk,10101,19830412,19830825,55.0,,,396778111.0,Øvre Nordstranda,1072.0,47.0,,,6050.0,VALDERØYA
916822,1860,VESTVÅGØY,189629028,0,182.0,Garasjeuth.anneks til fritidb,TB,Tatt i bruk,10101,10101,10101,27.0,,,,,,,,,,
916823,1860,VESTVÅGØY,189629001,0,181.0,Garasjeuthus anneks til bolig,TB,Tatt i bruk,10101,10101,10101,11.0,,,,,,,,,,
916824,1532,GISKE,10278252,0,111.0,Enebolig,TB,Tatt i bruk,10101,19830407,19830808,147.0,,,372466604.0,Øvre Skjong,1021.0,9.0,,,6050.0,VALDERØYA
916825,1860,VESTVÅGØY,189628994,0,181.0,Garasjeuthus anneks til bolig,TB,Tatt i bruk,10101,10101,10101,15.0,,,,,,,,,,
916826,1532,GISKE,10278260,0,111.0,Enebolig,TB,Tatt i bruk,10101,19830407,19831118,301.0,,,396941037.0,Grødalsvegen,1045.0,30.0,,,6050.0,VALDERØYA
916827,1860,VESTVÅGØY,189628986,0,181.0,Garasjeuthus anneks til bolig,TB,Tatt i bruk,10101,10101,10101,9.0,,,,,,,,,,
916828,1860,VESTVÅGØY,189628978,0,182.0,Garasjeuth.anneks til fritidb,TB,Tatt i bruk,10101,10101,10101,10.0,,,,,,,,,,
916829,1532,GISKE,10278260,1,111.0,Enebolig,TB,Tatt i bruk,19850319,19850401,19850801,52.0,,,396941037.0,Grødalsvegen,1045.0,30.0,,,6050.0,VALDERØYA
916830,1860,VESTVÅGØY,189625731,0,181.0,Garasjeuthus anneks til bolig,TB,Tatt i bruk,10101,10101,19700101,62.0,,,,,,,,,,
916831,1860,VESTVÅGØY,189625723,0,181.0,Garasjeuthus anneks til bolig,TB,Tatt i bruk,10101,10101,10101,16.0,,,,,,,,,,
916832,1532,GISKE,10280176,0,311.0,Kontor- og adm.bygning rådhus,BR,Bygning revet/brent,19850430,19850508,19850812,54.0,,,57168343.0,,,,,0.0,6040.0,VIGRA
916833,1860,VESTVÅGØY,189625715,0,182.0,Garasjeuth.anneks til fritidb,TB,Tatt i bruk,10101,10101,10101,11.0,,,,,,,,,,
916834,1860,VESTVÅGØY,189625707,0,181.0,Garasjeuthus anneks til bolig,TB,Tatt i bruk,10101,10101,10101,26.0,,,,,,,,,,
916835,1532,GISKE,10280184,0,322.0,Butikk/forretningsbygning,TB,Tatt i bruk,10101,10101,10101,503.0,,,413502889.0,Øievegen,4018.0,3.0,,,6040.0,VIGRA
916836,1860,VESTVÅGØY,189625693,0,249.0,Annen landbruksbygning,TB,Tatt i bruk,10101,10101,19500101,194.0,,,,,,,,,,
916837,1532,GISKE,10278848,0,241.0,Hus for dyr/landbr.lager/silo,TB,Tatt i bruk,10101,19830824,19831028,92.0,,,57164368.0,Kamsdalsvegen,7016.0,66.0,,,6055.0,GODØYA
916838,1532,GISKE,10280141,0,183.0,Naust båthus sjøbu,TB,Tatt i bruk,19850503,19850514,19850819,60.0,,,,,,,,,,
916839,1860,VESTVÅGØY,189625685,0,181.0,Garasjeuthus anneks til bolig,TB,Tatt i bruk,10101,10101,10101,16.0,,,,,,,,,,
916840,1532,GISKE,10278856,0,111.0,Enebolig,TB,Tatt i bruk,10101,19830824,19850327,245.0,,,57164926.0,Nesbakken,7035.0,12.0,,,6055.0,GODØYA
916841,1860,VESTVÅGØY,189625677,0,181.0,Garasjeuthus anneks til bolig,TB,Tatt i bruk,10101,10101,10101,8.0,,,,,,,,,,
916842,1532,GISKE,10280168,0,111.0,Enebolig,TB,Tatt i bruk,10101,10101,10101,200.0,,,415612440.0,Nordstranda,1060.0,55.0,,,6050.0,VALDERØYA
916843,1860,VESTVÅGØY,189625669,0,181.0,Garasjeuthus anneks til bolig,TB,Tatt i bruk,10101,10101,10101,7.0,,,,,,,,,,
916844,1532,GISKE,10280168,1,111.0,Enebolig,TB,Tatt i bruk,19850503,19850520,19850801,32.0,,,415612440.0,Nordstranda,1060.0,55.0,,,6050.0,VALDERØYA
916845,1860,VESTVÅGØY,189625650,0,181.0,Garasjeuthus anneks til bolig,TB,Tatt i bruk,10101,10101,10101,21.0,,,,,,,,,,
916846,1532,GISKE,10280214,0,181.0,Garasjeuthus anneks til bolig,TB,Tatt i bruk,19850621,19850815,19851230,49.0,,,57163866.0,Rørvikvegen,4032.0,24.0,,,6040.0,VIGRA
916847,1860,VESTVÅGØY,189625642,0,181.0,Garasjeuthus anneks til bolig,TB,Tatt i bruk,10101,10101,10101,14.0,,,,,,,,,,
916848,1860,VESTVÅGØY,189625634,0,181.0,Garasjeuthus anneks til bolig,TB,Tatt i bruk,10101,10101,10101,17.0,,,,,,,,,,
916849,1532,GISKE,10280222,0,181.0,Garasjeuthus anneks til bolig,TB,Tatt i bruk,19850609,19850828,19860930,41.0,,,,,,,,,,
916850,1860,VESTVÅGØY,189625626,0,161.0,Fritidsbygg(hyttersommerh. ol,TB,Tatt i bruk,10101,10101,10101,46.0,,,,,,,,,,
916851,1860,VESTVÅGØY,189625618,0,181.0,Garasjeuthus anneks til bolig,TB,Tatt i bruk,10101,10101,10101,65.0,,,,,,,,,,
916852,1532,GISKE,10280184,1,322.0,Butikk/forretningsbygning,TB,Tatt i bruk,10101,19850530,19860930,138.0,,,413502889.0,Øievegen,4018.0,3.0,,,6040.0,VIGRA
916853,1860,VESTVÅGØY,189625596,0,181.0,Garasjeuthus anneks til bolig,TB,Tatt i bruk,10101,10101,10101,20.0,,,,,,,,,,
916854,1532,GISKE,10280192,0,183.0,Naust båthus sjøbu,TB,Tatt i bruk,10101,19850529,19851230,79.0,,,,,,,,,,
916855,1860,VESTVÅGØY,189625588,0,181.0,Garasjeuthus anneks til bolig,TB,Tatt i bruk,10101,10101,10101,22.0,,,,,,,,,,
916856,1860,VESTVÅGØY,189625561,0,181.0,Garasjeuthus anneks til bolig,BR,Bygning revet/brent,10101,10101,10101,18.0,,,,,,,,,,
916857,1532,GISKE,10280206,0,181.0,Garasjeuthus anneks til bolig,TB,Tatt i bruk,10101,19850515,19851230,44.0,,,,,,,,,,
916858,1860,VESTVÅGØY,189625928,0,161.0,Fritidsbygg(hyttersommerh. ol,TB,Tatt i bruk,10101,10101,10101,53.0,,,56489919.0,Torbergjorda,4050.0,31.0,,,8340.0,STAMSUND
916859,1532,GISKE,10280079,0,181.0,Garasjeuthus anneks til bolig,TB,Tatt i bruk,19850503,19850525,19850830,34.0,,,,,,,,,,
916860,1860,VESTVÅGØY,189625901,0,182.0,Garasjeuth.anneks til fritidb,TB,Tatt i bruk,10101,10101,10101,9.0,,,,,,,,,,
916861,1532,GISKE,10278775,1,111.0,Enebolig,IG,Igangsettingstillatelse,20030908,20030918,10101,211.0,,,,,,,,,,
916862,1860,VESTVÅGØY,189625898,0,161.0,Fritidsbygg(hyttersommerh. ol,TB,Tatt i bruk,10101,10101,10101,26.0,,,,,,,,,,
916863,1532,GISKE,10280095,0,181.0,Garasjeuthus anneks til bolig,TB,Tatt i bruk,19850503,19850805,19860930,36.0,,,,,,,,,,
916864,1532,GISKE,10278783,0,181.0,Garasjeuthus anneks til bolig,TB,Tatt i bruk,10101,19830808,19831130,48.0,,,430098333.0,Janteigen,4055.0,1.0,,,6040.0,VIGRA
916865,1860,VESTVÅGØY,189625871,0,161.0,Fritidsbygg(hyttersommerh. ol,TB,Tatt i bruk,10101,10101,10101,21.0,,,,,,,,,,
916866,1860,VESTVÅGØY,189625863,0,161.0,Fritidsbygg(hyttersommerh. ol,TB,Tatt i bruk,10101,10101,10101,31.0,,,,,,,,,,
916867,1532,GISKE,10278759,1,111.0,Enebolig,TB,Tatt i bruk,10101,19830808,19831028,37.0,,,354822873.0,Skjongmyra,1010.0,19.0,,,6050.0,VALDERØYA
916868,1860,VESTVÅGØY,189625855,0,161.0,Fritidsbygg(hyttersommerh. ol,TB,Tatt i bruk,10101,10101,10101,30.0,,,,,,,,,,
916869,1532,GISKE,10280052,0,111.0,Enebolig,TB,Tatt i bruk,10101,19850409,19860212,283.0,,,415600550.0,Nordstrandfjørå,1084.0,5.0,,,6050.0,VALDERØYA
916870,1860,VESTVÅGØY,189625847,0,183.0,Naust båthus sjøbu,TB,Tatt i bruk,10101,10101,10101,19.0,,,,,,,,,,
916871,1532,GISKE,10278767,0,181.0,Garasjeuthus anneks til bolig,TB,Tatt i bruk,10101,19830808,19831028,44.0,,,,,,,,,,
916872,1532,GISKE,10280060,0,111.0,Enebolig,TB,Tatt i bruk,10101,19850418,19860207,220.0,,,430100763.0,Borniteigen,4049.0,5.0,,,6040.0,VIGRA
916873,1860,VESTVÅGØY,189625839,0,181.0,Garasjeuthus anneks til bolig,TB,Tatt i bruk,10101,10101,19300101,26.0,,,,,,,,,,
916874,1532,GISKE,10278775,0,111.0,Enebolig,TB,Tatt i bruk,10101,19830808,19840409,202.0,,,57164457.0,Øvrebøvegen,7028.0,3.0,,,6055.0,GODØYA
916875,1860,VESTVÅGØY,189625820,0,181.0,Garasjeuthus anneks til bolig,TB,Tatt i bruk,10101,10101,10101,17.0,,,,,,,,,,
916876,1532,GISKE,10280125,0,181.0,Garasjeuthus anneks til bolig,TB,Tatt i bruk,19850503,19851001,19851230,35.0,,,57164462.0,Teppemyra,7021.0,4.0,,,6055.0,GODØYA
916877,1532,GISKE,10278813,1,322.0,Butikk/forretningsbygning,TB,Tatt i bruk,10101,10101,10101,2.0,,,57164927.0,,,,,0.0,6055.0,GODØYA
916878,1860,VESTVÅGØY,189625812,0,183.0,Naust båthus sjøbu,TB,Tatt i bruk,10101,10101,10101,15.0,,,,,,,,,,
916879,1532,GISKE,10278813,2,322.0,Butikk/forretningsbygning,RA,Rammetillatelse,19991208,10101,10101,20.0,,,,,,,,,,
916880,1860,VESTVÅGØY,189625804,0,999.0,,TB,Tatt i bruk,10101,10101,10101,0.0,,,,,,,,,,
916881,1532,GISKE,10280133,0,181.0,Garasjeuthus anneks til bolig,TB,Tatt i bruk,19850503,19861001,19870303,36.0,,,407285122.0,Demmevegen,4027.0,11.0,,,6040.0,VIGRA
916882,1532,GISKE,10278821,0,113.0,Våningshus,TB,Tatt i bruk,10101,19830824,19840626,213.0,,,57164377.0,Godøyvegen,7001.0,475.0,,,6055.0,GODØYA
916883,1860,VESTVÅGØY,189625790,0,183.0,Naust båthus sjøbu,TB,Tatt i bruk,10101,10101,19300101,31.0,,,,,,,,,,
916884,1860,VESTVÅGØY,189625782,0,181.0,Garasjeuthus anneks til bolig,TB,Tatt i bruk,10101,10101,10101,12.0,,,,,,,,,,
916885,1532,GISKE,10278791,0,113.0,Våningshus,TB,Tatt i bruk,10101,19830808,19850214,304.1,,,57167985.0,Nørestranda,4006.0,489.0,,,6040.0,VIGRA
916886,1532,GISKE,10280109,0,183.0,Naust båthus sjøbu,TB,Tatt i bruk,19850503,19850520,19850830,50.0,,,,,,,,,,
916887,1860,VESTVÅGØY,189625774,0,181.0,Garasjeuthus anneks til bolig,TB,Tatt i bruk,10101,10101,10101,16.0,,,,,,,,,,
916888,1532,GISKE,10278805,0,181.0,Garasjeuthus anneks til bolig,TB,Tatt i bruk,10101,19830808,19831028,60.0,,,,,,,,,,
916889,1860,VESTVÅGØY,189625766,0,181.0,Garasjeuthus anneks til bolig,TB,Tatt i bruk,10101,10101,10101,102.0,,,,,,,,,,
916890,1532,GISKE,10280117,0,181.0,Garasjeuthus anneks til bolig,TB,Tatt i bruk,19850503,19850520,19851230,30.0,,,396926834.0,Grødalsvegen,1045.0,17.0,,,6050.0,VALDERØYA
916891,1860,VESTVÅGØY,189625758,0,181.0,Garasjeuthus anneks til bolig,TB,Tatt i bruk,10101,10101,10101,21.0,,,,,,,,,,
916892,1532,GISKE,10278813,0,322.0,Butikk/forretningsbygning,TB,Tatt i bruk,10101,19830824,19831121,183.0,,,57164927.0,,,,,0.0,6055.0,GODØYA
916893,1860,VESTVÅGØY,189629656,0,183.0,Naust båthus sjøbu,TB,Tatt i bruk,10101,10101,10101,30.0,,,,,,,,,,
916894,1532,GISKE,10279992,1,111.0,Enebolig,TB,Tatt i bruk,19850322,19850607,19860113,99.0,,,,,,,,,,
916895,1532,GISKE,10278708,0,111.0,Enebolig,TB,Tatt i bruk,10101,19830811,19840119,239.0,,,407359059.0,Storebakken,4030.0,20.0,,,6040.0,VIGRA
916896,1860,VESTVÅGØY,189629648,0,182.0,Garasjeuth.anneks til fritidb,TB,Tatt i bruk,10101,10101,10101,15.0,,,,,,,,,,
916897,1860,VESTVÅGØY,189629621,0,181.0,Garasjeuthus anneks til bolig,TB,Tatt i bruk,10101,10101,10101,6.0,,,,,,,,,,
916898,1532,GISKE,10278716,0,241.0,Hus for dyr/landbr.lager/silo,TB,Tatt i bruk,10101,19830801,19831028,63.0,,,,,,,,,,
916899,1532,GISKE,10279992,2,111.0,Enebolig,TB,Tatt i bruk,20041209,20050714,20050714,19.0,,,397103124.0,Kolåsbakken,1083.0,35.0,,,6050.0,VALDERØYA
916900,1860,VESTVÅGØY,189629613,0,183.0,Naust båthus sjøbu,TB,Tatt i bruk,10101,10101,10101,13.0,,,,,,,,,,
916901,1860,VESTVÅGØY,189629605,0,181.0,Garasjeuthus anneks til bolig,TB,Tatt i bruk,10101,10101,10101,75.0,,,,,,,,,,
916902,1532,GISKE,10278686,0,111.0,Enebolig,TB,Tatt i bruk,10101,19830310,19830715,189.0,,,57164841.0,Godøyvegen,7001.0,911.0,,,6055.0,GODØYA
916903,1860,VESTVÅGØY,189629591,0,181.0,Garasjeuthus anneks til bolig,TB,Tatt i bruk,10101,10101,10101,28.0,,,,,,,,,,
916904,1532,GISKE,10279984,0,999.0,,TB,Tatt i bruk,19850319,19850422,19851230,0.0,,,,,,,,,,
916905,1860,VESTVÅGØY,189629583,0,181.0,Garasjeuthus anneks til bolig,TB,Tatt i bruk,10101,10101,10101,8.0,,,,,,,,,,
916906,1532,GISKE,10278694,0,219.0,Annen industribygning,TB,Tatt i bruk,10101,10101,10101,108.0,,,411236439.0,Hamnevegen,4045.0,173.0,,,6040.0,VIGRA
916907,1860,VESTVÅGØY,189629575,0,181.0,Garasjeuthus anneks til bolig,TB,Tatt i bruk,10101,10101,10101,8.0,,,,,,,,,,
916908,1532,GISKE,10278694,1,219.0,Annen industribygning,TB,Tatt i bruk,10101,19830801,19831028,148.0,,,411236439.0,Hamnevegen,4045.0,173.0,,,6040.0,VIGRA
916909,1532,GISKE,10279992,0,111.0,Enebolig,TB,Tatt i bruk,10101,10101,10101,163.0,,,397103124.0,Kolåsbakken,1083.0,35.0,,,6050.0,VALDERØYA
916910,1532,GISKE,10278740,0,212.0,Verkstedbygning,TB,Tatt i bruk,10101,19830811,19850103,149.0,,,408296701.0,Kyrkjevegen,4002.0,429.0,,,6040.0,VIGRA
916911,1860,VESTVÅGØY,189629567,0,182.0,Garasjeuth.anneks til fritidb,TB,Tatt i bruk,10101,10101,10101,11.0,,,,,,,,,,
916912,1532,GISKE,10280028,0,111.0,Enebolig,TB,Tatt i bruk,10101,19850415,19860320,228.0,,,57164526.0,Leitet,7024.0,9.0,,,6055.0,GODØYA
916913,1860,VESTVÅGØY,189629559,0,999.0,,TB,Tatt i bruk,10101,10101,10101,0.0,,,,,,,,,,
916914,1532,GISKE,10278740,1,212.0,Verkstedbygning,TB,Tatt i bruk,19971009,19980501,19990301,134.0,,,408296701.0,Kyrkjevegen,4002.0,429.0,,,6040.0,VIGRA
916915,1532,GISKE,10280036,0,111.0,Enebolig,TB,Tatt i bruk,10101,19850401,19861106,228.0,,,57164536.0,Leiteråsa,7026.0,8.0,,,6055.0,GODØYA
916916,1860,VESTVÅGØY,189629540,0,183.0,Naust båthus sjøbu,TB,Tatt i bruk,10101,10101,10101,23.0,,,,,,,,,,
916917,1860,VESTVÅGØY,189629532,0,181.0,Garasjeuthus anneks til bolig,TB,Tatt i bruk,10101,10101,10101,33.0,,,,,,,,,,
916918,1532,GISKE,10278759,0,111.0,Enebolig,TB,Tatt i bruk,10101,10101,19750521,203.0,,,354822873.0,Skjongmyra,1010.0,19.0,,,6050.0,VALDERØYA
916919,1532,GISKE,10280044,0,111.0,Enebolig,TB,Tatt i bruk,10101,19850409,19851205,141.0,,,415605764.0,Nordstrandfjørå,1084.0,14.0,,,6050.0,VALDERØYA
916920,1532,GISKE,10278724,0,181.0,Garasjeuthus anneks til bolig,TB,Tatt i bruk,10101,19830811,19831028,58.0,,,57164437.0,Godøyvegen,7001.0,304.0,,,6055.0,GODØYA
916921,1860,VESTVÅGØY,189629524,0,182.0,Garasjeuth.anneks til fritidb,TB,Tatt i bruk,10101,10101,10101,11.0,,,,,,,,,,
916922,1532,GISKE,10280001,0,111.0,Enebolig,FA,Ferdigattest,19850325,19850531,19860514,168.0,,,396941035.0,Grødalsvegen,1045.0,24.0,,,6050.0,VALDERØYA
916923,1860,VESTVÅGØY,189629516,0,181.0,Garasjeuthus anneks til bolig,TB,Tatt i bruk,10101,10101,10101,43.0,,,,,,,,,,
916924,1532,GISKE,10278732,0,112.0,Enebolig m/hybel/sokkelleil.,TB,Tatt i bruk,10101,10101,10101,191.0,,,407353989.0,Hagardsvegen,4029.0,15.0,,,6040.0,VIGRA
916925,1860,VESTVÅGØY,189629508,0,183.0,Naust båthus sjøbu,TB,Tatt i bruk,10101,10101,10101,26.0,,,,,,,,,,
916926,1532,GISKE,10278732,1,112.0,Enebolig m/hybel/sokkelleil.,TB,Tatt i bruk,10101,19830802,19831028,62.0,,,407353989.0,Hagardsvegen,4029.0,15.0,,,6040.0,VIGRA
916927,1532,GISKE,10280001,1,111.0,Enebolig,TB,Tatt i bruk,19920323,19920601,19920630,16.0,,,396941035.0,Grødalsvegen,1045.0,24.0,,,6050.0,VALDERØYA
916928,1860,VESTVÅGØY,189629494,0,182.0,Garasjeuth.anneks til fritidb,TB,Tatt i bruk,10101,10101,10101,6.0,,,,,,,,,,
916929,1860,VESTVÅGØY,189625553,0,181.0,Garasjeuthus anneks til bolig,TB,Tatt i bruk,10101,10101,10101,8.0,,,,,,,,,,
916930,1532,GISKE,10278597,0,181.0,Garasjeuthus anneks til bolig,TB,Tatt i bruk,10101,19830707,19830823,47.0,,,,,,,,,,
916931,1860,VESTVÅGØY,189625545,0,181.0,Garasjeuthus anneks til bolig,TB,Tatt i bruk,10101,10101,10101,32.0,,,,,,,,,,
916932,1532,GISKE,10278600,0,181.0,Garasjeuthus anneks til bolig,TB,Tatt i bruk,10101,19830707,19830824,39.0,,,387519058.0,Rokkevegen,1036.0,27.0,,,6050.0,VALDERØYA
916933,1532,GISKE,10279917,0,181.0,Garasjeuthus anneks til bolig,TB,Tatt i bruk,19850319,19850604,19850830,34.0,,,408098982.0,Postvegen,4001.0,76.0,,,6040.0,VIGRA
916934,1860,VESTVÅGØY,189625537,0,181.0,Garasjeuthus anneks til bolig,TB,Tatt i bruk,10101,10101,10101,24.0,,,,,,,,,,
916935,1860,VESTVÅGØY,189625529,0,181.0,Garasjeuthus anneks til bolig,TB,Tatt i bruk,10101,10101,10101,10.0,,,,,,,,,,
916936,1532,GISKE,10278619,0,111.0,Enebolig,TB,Tatt i bruk,10101,19830705,19840516,222.0,,,323232718.0,Kabbertavegen,8504.0,52.0,,,6052.0,GISKE
916937,1532,GISKE,10279925,0,111.0,Enebolig,TB,Tatt i bruk,19850319,19850401,19851213,319.0,,,407554630.0,Molnesvegen,4005.0,22.0,,,6040.0,VIGRA
916938,1860,VESTVÅGØY,189625510,0,181.0,Garasjeuthus anneks til bolig,TB,Tatt i bruk,10101,10101,10101,18.0,,,,,,,,,,
916939,1532,GISKE,10278570,1,111.0,Enebolig,TB,Tatt i bruk,10101,19830701,19830824,60.0,,,408511981.0,Trollhaugane,1087.0,22.0,,,6050.0,VALDERØYA
916940,1532,GISKE,10279895,0,181.0,Garasjeuthus anneks til bolig,TB,Tatt i bruk,19850319,19850507,19901228,44.0,,,408382596.0,Røysevegen,1075.0,95.0,,,6050.0,VALDERØYA
916941,1860,VESTVÅGØY,189625502,0,181.0,Garasjeuthus anneks til bolig,TB,Tatt i bruk,10101,10101,10101,22.0,,,,,,,,,,
916942,1532,GISKE,10278570,2,111.0,Enebolig,RA,Rammetillatelse,20011116,10101,10101,12.0,,,408511981.0,Trollhaugane,1087.0,22.0,,,6050.0,VALDERØYA
916943,1860,VESTVÅGØY,189625499,0,181.0,Garasjeuthus anneks til bolig,TB,Tatt i bruk,10101,10101,10101,21.0,,,,,,,,,,
916944,1532,GISKE,10278589,0,181.0,Garasjeuthus anneks til bolig,TB,Tatt i bruk,10101,19820707,19830815,48.0,,,,,,,,,,
916945,1532,GISKE,10279909,0,111.0,Enebolig,TB,Tatt i bruk,10101,10101,10101,180.0,,,408382596.0,Røysevegen,1075.0,95.0,,,6050.0,VALDERØYA
916946,1860,VESTVÅGØY,189625480,0,181.0,Garasjeuthus anneks til bolig,TB,Tatt i bruk,10101,10101,10101,6.0,,,,,,,,,,
916947,1532,GISKE,10279909,1,111.0,Enebolig,TB,Tatt i bruk,19850319,19850507,19880601,18.0,,,408382596.0,Røysevegen,1075.0,95.0,,,6050.0,VALDERØYA
916948,1532,GISKE,10278643,0,181.0,Garasjeuthus anneks til bolig,TB,Tatt i bruk,10101,19830715,19830824,36.0,,,,,,,,,,
916949,1532,GISKE,10279968,0,111.0,Enebolig,TB,Tatt i bruk,19850319,19860102,19860124,265.0,,,354829311.0,Skjongvika,1013.0,10.0,,,6050.0,VALDERØYA
916950,1532,GISKE,10278651,0,181.0,Garasjeuthus anneks til bolig,TB,Tatt i bruk,10101,19830715,19830824,40.0,,,,,,,,,,
916951,1532,GISKE,10278678,0,111.0,Enebolig,TB,Tatt i bruk,10101,19830704,19840319,189.0,,,396778114.0,Øvre Nordstranda,1072.0,55.0,,,6050.0,VALDERØYA
916952,1532,GISKE,10279976,0,181.0,Garasjeuthus anneks til bolig,TB,Tatt i bruk,19850319,19851202,19860930,36.0,,,400132033.0,Kistivegen,1046.0,4.0,,,6050.0,VALDERØYA
916953,1532,GISKE,10278627,0,111.0,Enebolig,TB,Tatt i bruk,10101,19830704,19840124,252.0,,,354822878.0,Skjongvika,1013.0,4.0,,,6050.0,VALDERØYA
916954,1532,GISKE,10279933,0,244.0,Driftsb. fiske/fangst/oppdr,TB,Tatt i bruk,19850319,19850930,19851230,72.0,,,,,,,,,,
916955,1532,GISKE,10278635,0,111.0,Enebolig,TB,Tatt i bruk,10101,10101,10101,123.0,,,396779073.0,Øvre Nordstranda,1072.0,92.0,,,6050.0,VALDERØYA
916956,1532,GISKE,10278635,1,111.0,Enebolig,TB,Tatt i bruk,10101,19830701,19830812,85.0,,,396779073.0,Øvre Nordstranda,1072.0,92.0,,,6050.0,VALDERØYA
916957,1860,VESTVÅGØY,189629664,0,181.0,Garasjeuthus anneks til bolig,TB,Tatt i bruk,10101,10101,19450101,92.0,,,,,,,,,,
916958,1532,GISKE,10279941,0,244.0,Driftsb. fiske/fangst/oppdr,TB,Tatt i bruk,19850319,19850930,19851230,102.0,,,,,,,,,,
916959,1860,VESTVÅGØY,189628676,0,161.0,Fritidsbygg(hyttersommerh. ol,TB,Tatt i bruk,19790531,19790601,19790705,32.0,,,,,,,,,,
916960,1532,GISKE,10278120,0,181.0,Garasjeuthus anneks til bolig,TB,Tatt i bruk,10101,19830215,19830628,40.0,,,,,,,,,,
916961,1860,VESTVÅGØY,189628668,0,181.0,Garasjeuthus anneks til bolig,TB,Tatt i bruk,10101,10101,10101,15.0,,,,,,,,,,
916962,1532,GISKE,10278139,0,722.0,Bo- og behandlingssenter,TB,Tatt i bruk,10101,19830221,19840315,741.0,,,396674749.0,Skomakarvegen,1041.0,1.0,,,6050.0,VALDERØYA
916963,1860,VESTVÅGØY,189628641,0,181.0,Garasjeuthus anneks til bolig,TB,Tatt i bruk,10101,10101,10101,6.0,,,,,,,,,,
916964,1860,VESTVÅGØY,189628633,0,249.0,Annen landbruksbygning,TB,Tatt i bruk,10101,10101,10101,32.0,,,,,,,,,,
916965,1532,GISKE,10278139,1,722.0,Bo- og behandlingssenter,RA,Rammetillatelse,19980901,10101,10101,708.0,,,396674749.0,Skomakarvegen,1041.0,1.0,,,6050.0,VALDERØYA
916966,1860,VESTVÅGØY,189628625,0,182.0,Garasjeuth.anneks til fritidb,TB,Tatt i bruk,10101,10101,10101,7.0,,,,,,,,,,
916967,1532,GISKE,10278112,1,111.0,Enebolig,IG,Igangsettingstillatelse,19960318,19960716,10101,9.0,,,354718280.0,Nilsgarden,1011.0,2.0,,,6050.0,VALDERØYA
916968,1860,VESTVÅGØY,189628617,0,181.0,Garasjeuthus anneks til bolig,TB,Tatt i bruk,10101,10101,10101,25.0,,,,,,,,,,
916969,1860,VESTVÅGØY,189628609,0,181.0,Garasjeuthus anneks til bolig,TB,Tatt i bruk,10101,10101,10101,19.0,,,,,,,,,,
916970,1532,GISKE,10278112,2,111.0,Enebolig,TB,Tatt i bruk,19960906,19971001,19971201,22.0,,,354718280.0,Nilsgarden,1011.0,2.0,,,6050.0,VALDERØYA
916971,1860,VESTVÅGØY,189628595,0,161.0,Fritidsbygg(hyttersommerh. ol,TB,Tatt i bruk,10101,10101,10101,8.0,,,,,,,,,,
916972,1860,VESTVÅGØY,189628587,0,161.0,Fritidsbygg(hyttersommerh. ol,BR,Bygning revet/brent,10101,10101,10101,12.0,,,,,,,,,,
916973,1860,VESTVÅGØY,189628579,0,161.0,Fritidsbygg(hyttersommerh. ol,TB,Tatt i bruk,10101,10101,10101,11.0,,,,,,,,,,
916974,1532,GISKE,10278171,0,311.0,Kontor- og adm.bygning rådhus,TB,Tatt i bruk,10101,10101,10101,684.0,,,413912867.0,Nordstranda,1060.0,61.0,,,6050.0,VALDERØYA
916975,1532,GISKE,10278171,1,311.0,Kontor- og adm.bygning rådhus,TB,Tatt i bruk,10101,19830310,19830628,170.0,,,413912868.0,Nordstranda,1060.0,63.0,,,6050.0,VALDERØYA
916976,1532,GISKE,10278147,0,121.0,"Tomannsbolig, vertikaldelt",TB,Tatt i bruk,10101,19830210,19831102,58.0,,,396518379.0,Gudmundvegen,1027.0,2.0,,,6050.0,VALDERØYA
916977,1532,GISKE,10278155,0,121.0,"Tomannsbolig, vertikaldelt",TB,Tatt i bruk,10101,19830210,19831102,58.0,,,396518381.0,Gudmundvegen,1027.0,6.0,,,6050.0,VALDERØYA
916978,1532,GISKE,10278163,0,113.0,Våningshus,TB,Tatt i bruk,19830228,19830427,19831220,270.0,,,323390835.0,Øydgardsvegen,8530.0,261.0,,,6052.0,GISKE
916979,1860,VESTVÅGØY,189628803,0,181.0,Garasjeuthus anneks til bolig,TB,Tatt i bruk,10101,10101,10101,70.0,,,,,,,,,,
916980,1532,GISKE,3429164,0,111.0,Enebolig,BU,Bygningsnummer utgått,10101,10101,10101,0.0,,,,,,,,,,
916981,1860,VESTVÅGØY,189628781,0,181.0,Garasjeuthus anneks til bolig,TB,Tatt i bruk,10101,10101,10101,17.0,,,,,,,,,,
916982,1532,GISKE,3429164,1,111.0,Enebolig,BU,Bygningsnummer utgått,10101,19821215,19830511,0.0,,,407554636.0,Molnesvegen,4005.0,59.0,,,6040.0,VIGRA
916983,1860,VESTVÅGØY,189628773,0,182.0,Garasjeuth.anneks til fritidb,TB,Tatt i bruk,10101,10101,10101,9.0,,,,,,,,,,
916984,1860,VESTVÅGØY,189628765,0,181.0,Garasjeuthus anneks til bolig,TB,Tatt i bruk,10101,10101,10101,81.0,,,,,,,,,,
916985,1860,VESTVÅGØY,189628757,0,181.0,Garasjeuthus anneks til bolig,BR,Bygning revet/brent,10101,10101,10101,23.0,,,,,,,,,,
916986,1860,VESTVÅGØY,189628749,0,181.0,Garasjeuthus anneks til bolig,TB,Tatt i bruk,10101,10101,10101,8.0,,,,,,,,,,
916987,1532,GISKE,3429091,0,111.0,Enebolig,BU,Bygningsnummer utgått,10101,19821215,19830325,0.0,,,,,,,,,,
916988,1860,VESTVÅGØY,189628730,0,181.0,Garasjeuthus anneks til bolig,TB,Tatt i bruk,19801218,19810118,19810131,20.0,,,,,,,,,,
916989,1532,GISKE,10278090,0,113.0,Våningshus,TB,Tatt i bruk,10101,19830201,19830614,189.0,,,323229915.0,Giskevegen,8531.0,132.0,,,6052.0,GISKE
916990,1860,VESTVÅGØY,189628722,0,181.0,Garasjeuthus anneks til bolig,TB,Tatt i bruk,19840813,19841213,19881123,20.0,,,,,,,,,,
916991,1532,GISKE,10278104,0,181.0,Garasjeuthus anneks til bolig,TB,Tatt i bruk,10101,19830201,19830628,72.0,,,,,,,,,,
916992,1860,VESTVÅGØY,189628714,0,181.0,Garasjeuthus anneks til bolig,TB,Tatt i bruk,19840612,19840712,19871221,20.0,,,,,,,,,,
916993,1532,GISKE,10278112,0,111.0,Enebolig,TB,Tatt i bruk,10101,19830215,19831007,186.0,,,354718280.0,Nilsgarden,1011.0,2.0,,,6050.0,VALDERØYA
916994,1532,GISKE,10278066,0,111.0,Enebolig,TB,Tatt i bruk,10101,19830118,19830818,163.0,,,407824129.0,Tevegen,4017.0,1.0,,,6040.0,VIGRA
916995,1860,VESTVÅGØY,189628706,0,183.0,Naust båthus sjøbu,TB,Tatt i bruk,10101,10101,10101,28.0,,,,,,,,,,
916996,1860,VESTVÅGØY,189628692,0,182.0,Garasjeuth.anneks til fritidb,TB,Tatt i bruk,10101,10101,10101,4.0,,,,,,,,,,
916997,1532,GISKE,10278074,0,111.0,Enebolig,TB,Tatt i bruk,10101,19830110,19830714,166.0,,,430095642.0,Klungreteigen,4063.0,6.0,,,6040.0,VIGRA
916998,1860,VESTVÅGØY,189628684,0,161.0,Fritidsbygg(hyttersommerh. ol,TB,Tatt i bruk,10101,10101,10101,30.0,,,,,,,,,,
916999,1532,GISKE,10278082,0,241.0,Hus for dyr/landbr.lager/silo,TB,Tatt i bruk,10101,19830201,19841030,65.0,,,,,,,,,,
917000,1532,GISKE,10284201,0,122.0,"Tomannsbolig, horisontaldelt",TB,Tatt i bruk,19890403,19890630,19900214,265.0,,,375078202.0,Skjongstranda,1019.0,35.0,,,6050.0,VALDERØYA
917001,1532,GISKE,10284228,0,111.0,Enebolig,TB,Tatt i bruk,10101,10101,10101,158.0,,,430095645.0,Klungreteigen,4063.0,3.0,,,6040.0,VIGRA
917002,1532,GISKE,10284228,1,111.0,Enebolig,TB,Tatt i bruk,19890403,19890417,19890830,33.0,,,430095645.0,Klungreteigen,4063.0,3.0,,,6040.0,VIGRA
917003,1532,GISKE,10284198,0,111.0,Enebolig,TB,Tatt i bruk,10101,10101,10101,194.0,,,321046469.0,Halvardsrema,8515.0,25.0,,,6052.0,GISKE
917004,1532,GISKE,10284198,1,111.0,Enebolig,TB,Tatt i bruk,19890404,19890522,19891201,31.0,,,321046469.0,Halvardsrema,8515.0,25.0,,,6052.0,GISKE
917005,1532,GISKE,10284252,0,183.0,Naust båthus sjøbu,BU,Bygningsnummer utgått,19890420,10101,10101,72.0,,,,,,,,,,
917006,1532,GISKE,10282845,0,181.0,Garasjeuthus anneks til bolig,TB,Tatt i bruk,19880107,19880405,19880510,46.0,,,,,,,,,,
917007,1532,GISKE,10284260,0,111.0,Enebolig,TB,Tatt i bruk,19890509,19890606,19900216,99.0,,,57164523.0,Godøyvegen,7001.0,306.0,,,6055.0,GODØYA
917008,1532,GISKE,10282853,0,111.0,Enebolig,TB,Tatt i bruk,19880120,19880301,19880920,238.0,,,315258576.0,Knutiteigen,8513.0,8.0,,,6052.0,GISKE
917009,1532,GISKE,10284236,0,183.0,Naust båthus sjøbu,TB,Tatt i bruk,19890424,19890606,19900301,66.0,,,,,,,,,,
917010,1532,GISKE,10282829,0,112.0,Enebolig m/hybel/sokkelleil.,TB,Tatt i bruk,19871010,19890524,19910225,317.0,,,401966870.0,Valderhaugbakkane,1069.0,31.0,,,6050.0,VALDERØYA
917011,1532,GISKE,10284244,0,183.0,Naust båthus sjøbu,TB,Tatt i bruk,19890424,19890606,19900301,66.0,,,,,,,,,,
917012,1532,GISKE,10282837,0,111.0,Enebolig,TB,Tatt i bruk,19871210,19880630,19890614,261.0,,,413912865.0,Nordstranda,1060.0,53.0,,,6050.0,VALDERØYA
917013,1532,GISKE,10284139,1,111.0,Enebolig,TB,Tatt i bruk,19970304,19970401,19971201,13.0,,,366019989.0,Karenhaugen,1015.0,4.0,,,6050.0,VALDERØYA
917014,1532,GISKE,10284147,0,111.0,Enebolig,TB,Tatt i bruk,19890329,19890428,19891124,73.0,,,415608612.0,Nordstrandfjørå,1084.0,62.0,,,6050.0,VALDERØYA
917015,1532,GISKE,10284120,0,181.0,Garasjeuthus anneks til bolig,TB,Tatt i bruk,19890331,19890428,19921130,31.0,,,407345787.0,Hagardsvegen,4029.0,8.0,,,6040.0,VIGRA
917016,1532,GISKE,10284139,0,111.0,Enebolig,TB,Tatt i bruk,19890403,19890428,19891221,237.0,,,366019989.0,Karenhaugen,1015.0,4.0,,,6050.0,VALDERØYA
917017,1532,GISKE,10284163,0,181.0,Garasjeuthus anneks til bolig,TB,Tatt i bruk,19890407,19890606,19900301,51.0,,,407953855.0,Postvegen,4001.0,95.0,,,6040.0,VIGRA
917018,1532,GISKE,10284171,0,181.0,Garasjeuthus anneks til bolig,TB,Tatt i bruk,19890405,19890524,19900301,43.0,,,,,,,,,,
917019,1532,GISKE,10284147,1,111.0,Enebolig,TB,Tatt i bruk,19950309,19950401,19971201,51.0,,,415608612.0,Nordstrandfjørå,1084.0,62.0,,,6050.0,VALDERØYA
917020,1532,GISKE,10284155,0,181.0,Garasjeuthus anneks til bolig,TB,Tatt i bruk,19890413,19890428,19900301,94.0,,,57164517.0,Leitet,7024.0,29.0,,,6055.0,GODØYA
917021,1532,GISKE,10284112,0,241.0,Hus for dyr/landbr.lager/silo,TB,Tatt i bruk,19890315,19890424,19890830,190.0,,,57164347.0,Nørestranda,4006.0,107.0,,,6040.0,VIGRA
917022,1532,GISKE,10284503,0,183.0,Naust båthus sjøbu,TB,Tatt i bruk,19890710,19890727,19900301,66.0,,,,,,,,,,
917023,1532,GISKE,10283108,0,113.0,Våningshus,TB,Tatt i bruk,19880606,19880630,19890316,285.0,,,322539202.0,Gjerdevegen,8532.0,77.0,,,6052.0,GISKE
917024,1532,GISKE,10284511,0,181.0,Garasjeuthus anneks til bolig,TB,Tatt i bruk,19890711,19900507,19920630,45.0,,,396951264.0,Nedre Grødalsvegen,1078.0,5.0,,,6050.0,VALDERØYA
917025,1532,GISKE,10283116,0,181.0,Garasjeuthus anneks til bolig,TB,Tatt i bruk,19880606,19880830,19901031,47.0,,,,,,,,,,
917026,1532,GISKE,10283086,0,111.0,Enebolig,TB,Tatt i bruk,10101,10101,10101,284.0,,,57163880.0,Magretevegen,4031.0,31.0,,,6040.0,VIGRA
917027,1532,GISKE,10283086,1,111.0,Enebolig,TB,Tatt i bruk,19880411,19880418,19881010,51.0,,,57163880.0,Magretevegen,4031.0,31.0,,,6040.0,VIGRA
917028,1532,GISKE,10284481,0,181.0,Garasjeuthus anneks til bolig,TB,Tatt i bruk,19890601,19890630,19911230,53.0,,,,,,,,,,
917029,1532,GISKE,10283094,0,112.0,Enebolig m/hybel/sokkelleil.,TB,Tatt i bruk,19880411,19880418,19881227,354.0,,,415605759.0,Nordstrandfjørå,1084.0,23.0,,,6050.0,VALDERØYA
917030,1532,GISKE,10284481,1,181.0,Garasjeuthus anneks til bolig,RA,Rammetillatelse,19980608,10101,10101,14.0,,,412747828.0,Vikevegen,4040.0,79.0,,,6040.0,VIGRA
917031,1532,GISKE,10284554,0,112.0,Enebolig m/hybel/sokkelleil.,TB,Tatt i bruk,19890801,19890821,19891222,159.0,,,322515614.0,Rishaugen,8528.0,10.0,,,6052.0,GISKE
917032,1532,GISKE,10285801,1,111.0,Enebolig,TB,Tatt i bruk,19911001,19911015,19921130,64.0,,,57164463.0,Teppemyra,7021.0,5.0,,,6055.0,GODØYA
917033,1532,GISKE,10283140,0,181.0,Garasjeuthus anneks til bolig,TB,Tatt i bruk,19880606,19880620,19881028,48.0,,,,,,,,,,
917034,1532,GISKE,10284554,1,112.0,Enebolig m/hybel/sokkelleil.,TB,Tatt i bruk,10101,10101,10101,19.0,,,,,,,,,,
917035,1532,GISKE,10285828,0,181.0,Garasjeuthus anneks til bolig,BA,Bygging avlyst,19911001,20080611,10101,10.0,,,379197060.0,Losvegen,1031.0,3.0,,,6050.0,VALDERØYA
917036,1532,GISKE,10283159,0,112.0,Enebolig m/hybel/sokkelleil.,TB,Tatt i bruk,19880615,19880630,19900116,327.0,,,57164559.0,Leitebø,7027.0,10.0,,,6055.0,GODØYA
917037,1532,GISKE,10284562,0,111.0,Enebolig,TB,Tatt i bruk,19890801,19890815,19900510,317.0,,,315275889.0,Knutiteigen,8513.0,3.0,,,6052.0,GISKE
917038,1532,GISKE,10285836,0,111.0,Enebolig,TB,Tatt i bruk,10101,10101,10101,279.0,,,354727580.0,Nilsgarden,1011.0,7.0,,,6050.0,VALDERØYA
917039,1532,GISKE,10284538,0,181.0,Garasjeuthus anneks til bolig,TB,Tatt i bruk,19890704,19890705,19900301,52.0,,,57164438.0,Kamsdalsvegen,7016.0,80.0,,,6055.0,GODØYA
917040,1532,GISKE,10283124,0,111.0,Enebolig,BU,Bygningsnummer utgått,19880601,10101,10101,173.0,,,57164532.0,Leiteråsa,7026.0,2.0,,,6055.0,GODØYA
917041,1532,GISKE,10284546,0,111.0,Enebolig,TB,Tatt i bruk,19890710,19890711,19891204,115.0,,,408067213.0,Postvegen,4001.0,513.0,,,6040.0,VIGRA
917042,1532,GISKE,10283132,0,181.0,Garasjeuthus anneks til bolig,TB,Tatt i bruk,19880606,19880630,19881230,38.0,,,,,,,,,,
917043,1532,GISKE,10285801,0,111.0,Enebolig,TB,Tatt i bruk,10101,10101,10101,286.0,,,,,,,,,,
917044,1532,GISKE,10283019,0,121.0,"Tomannsbolig, vertikaldelt",BU,Bygningsnummer utgått,19880316,10101,10101,245.0,,,,,,,,,,
917045,1532,GISKE,10284422,0,183.0,Naust båthus sjøbu,TB,Tatt i bruk,19890606,19890727,19900301,66.0,,,,,,,,,,
917046,1532,GISKE,10283027,0,112.0,Enebolig m/hybel/sokkelleil.,BA,Bygging avlyst,19880411,10101,10101,0.0,,,57166920.0,,,,,0.0,6050.0,VALDERØYA
917047,1532,GISKE,10284430,0,181.0,Garasjeuthus anneks til bolig,TB,Tatt i bruk,19890612,19890710,19900301,65.0,,,408051766.0,Postvegen,4001.0,199.0,,,6040.0,VIGRA
917048,1532,GISKE,10283035,0,112.0,Enebolig m/hybel/sokkelleil.,TB,Tatt i bruk,10101,10101,10101,317.0,,,401966876.0,Valderhaugbakkane,1069.0,50.0,,,6050.0,VALDERØYA
917049,1532,GISKE,10282993,2,219.0,Annen industribygning,RA,Rammetillatelse,19961009,10101,10101,133.0,,,57166939.0,Sætrehamna,1089.0,15.0,,,6050.0,VALDERØYA
917050,1532,GISKE,10284414,0,111.0,Enebolig,TB,Tatt i bruk,10101,10101,10101,216.0,,,309325843.0,Hølevegen,8511.0,2.0,,,6052.0,GISKE
917051,1532,GISKE,10283000,0,211.0,Fabrikkbygning,BR,Bygning revet/brent,19880316,19880801,19881028,72.0,,,,,,,,,,
917052,1532,GISKE,10284414,1,111.0,Enebolig,TB,Tatt i bruk,19890616,19890701,19971201,30.0,,,309325843.0,Hølevegen,8511.0,2.0,,,6052.0,GISKE
917053,1532,GISKE,10283051,0,181.0,Garasjeuthus anneks til bolig,TB,Tatt i bruk,19880411,19880829,19900301,58.0,,,,,,,,,,
917054,1532,GISKE,10284465,0,112.0,Enebolig m/hybel/sokkelleil.,TB,Tatt i bruk,19890608,19890703,19900202,180.0,,,396759255.0,Øvre Nordstranda,1072.0,50.0,,,6050.0,VALDERØYA
917055,1532,GISKE,10283078,0,111.0,Enebolig,TB,Tatt i bruk,19880411,19890424,19890725,85.0,,,372523157.0,Øvre Skjong,1021.0,14.0,,,6050.0,VALDERØYA
917056,1532,GISKE,10284473,0,111.0,Enebolig,TB,Tatt i bruk,10101,10101,10101,181.0,,,308738219.0,Bedehusvegen,8509.0,4.0,,,6052.0,GISKE
917057,1532,GISKE,10284473,1,111.0,Enebolig,TB,Tatt i bruk,19890629,19890801,19941201,116.0,,,308738219.0,Bedehusvegen,8509.0,4.0,,,6052.0,GISKE
917058,1532,GISKE,10283035,1,112.0,Enebolig m/hybel/sokkelleil.,TB,Tatt i bruk,19880411,19880418,19890801,72.0,,,,,,,,,,
917059,1532,GISKE,10284449,0,183.0,Naust båthus sjøbu,TB,Tatt i bruk,19890606,19890727,19900301,66.0,,,,,,,,,,
917060,1532,GISKE,10283043,0,161.0,Fritidsbygg(hyttersommerh. ol,TB,Tatt i bruk,19880411,19880601,19920630,145.0,,,57165338.0,,,,,0.0,6052.0,GISKE
917061,1532,GISKE,10284457,0,181.0,Garasjeuthus anneks til bolig,TB,Tatt i bruk,19890605,19891208,19941201,90.0,,,390696899.0,Klokkmarka,1047.0,23.0,,,6050.0,VALDERØYA
917062,1532,GISKE,10282977,0,219.0,Annen industribygning,TB,Tatt i bruk,19880302,19880304,19881031,1343.7,,,413902059.0,Blomvika,1088.0,102.0,,,6050.0,VALDERØYA
917063,1532,GISKE,10284368,0,111.0,Enebolig,TB,Tatt i bruk,19890613,19890801,19900320,291.0,,,322488060.0,Rishaugen,8528.0,1.0,,,6052.0,GISKE
917064,1532,GISKE,10282977,1,219.0,Annen industribygning,RA,Rammetillatelse,19990616,10101,10101,1015.0,,,413902059.0,Blomvika,1088.0,102.0,,,6050.0,VALDERØYA
917065,1532,GISKE,10284376,0,111.0,Enebolig,TB,Tatt i bruk,10101,10101,10101,165.0,,,320959636.0,Halvardsrema,8515.0,16.0,,,6052.0,GISKE
917066,1532,GISKE,10282985,0,659.0,Annen idrettsbygning,TB,Tatt i bruk,10101,10101,10101,581.0,,,323250630.0,Sjøvegen,8520.0,77.0,,,6052.0,GISKE
917067,1532,GISKE,10284376,1,111.0,Enebolig,TB,Tatt i bruk,19890616,19890727,19900301,41.0,,,320959636.0,Halvardsrema,8515.0,16.0,,,6052.0,GISKE
917068,1532,GISKE,10282950,0,111.0,Enebolig,TB,Tatt i bruk,19880310,19880411,19881117,331.0,,,57164543.0,Leitebakken,7025.0,34.0,,,6055.0,GODØYA
917069,1532,GISKE,10284333,0,181.0,Garasjeuthus anneks til bolig,TB,Tatt i bruk,19890529,19890727,19890830,33.0,,,57164526.0,Leitet,7024.0,9.0,,,6055.0,GODØYA
917070,1532,GISKE,10282969,0,241.0,Hus for dyr/landbr.lager/silo,TB,Tatt i bruk,19880302,19880302,19881031,57.0,,,,,,,,,,
917071,1532,GISKE,10284341,0,124.0,"Våningshus, tomannsb./horisont.",TB,Tatt i bruk,19890619,19890703,19891229,282.0,,,57167957.0,Godøyvegen,7001.0,223.0,,,6055.0,GODØYA
917072,1532,GISKE,10282985,3,659.0,Annen idrettsbygning,IG,Igangsettingstillatelse,19950626,19950710,10101,600.0,,,,,,,,,,
917073,1532,GISKE,10282993,0,219.0,Annen industribygning,TB,Tatt i bruk,10101,10101,10101,3930.0,,,,,,,,,,
917074,1532,GISKE,10284406,0,111.0,Enebolig,TB,Tatt i bruk,19890616,19891031,19901012,188.0,,,430095644.0,Klungreteigen,4063.0,1.0,,,6040.0,VIGRA
917075,1532,GISKE,10282993,1,219.0,Annen industribygning,TB,Tatt i bruk,19880302,19890301,19910828,1600.0,,,57166939.0,Sætrehamna,1089.0,15.0,,,6050.0,VALDERØYA
917076,1532,GISKE,10284406,1,111.0,Enebolig,IG,Igangsettingstillatelse,20041118,20041128,10101,30.0,,,,,,,,,,
917077,1532,GISKE,10282985,1,659.0,Annen idrettsbygning,TB,Tatt i bruk,19880302,19880411,19890201,1050.0,,,,,,,,,,
917078,1532,GISKE,10284384,0,183.0,Naust båthus sjøbu,TB,Tatt i bruk,19890616,19890703,19900301,66.0,,,,,,,,,,
917079,1532,GISKE,10282985,2,659.0,Annen idrettsbygning,TB,Tatt i bruk,19941221,19950201,19950403,88.0,,,,,,,,,,
917080,1532,GISKE,10284392,0,111.0,Enebolig,TB,Tatt i bruk,19890613,19890929,19900427,192.0,,,396745422.0,Øvre Nordstranda,1072.0,20.0,,,6050.0,VALDERØYA
917081,1532,GISKE,10282888,0,111.0,Enebolig,TB,Tatt i bruk,19871218,19880502,19890118,271.0,,,315275893.0,Eirikteigen,8514.0,6.0,,,6052.0,GISKE
917082,1532,GISKE,10284295,0,111.0,Enebolig,TB,Tatt i bruk,10101,10101,10101,240.0,,,407824136.0,Tevegen,4017.0,19.0,,,6040.0,VIGRA
917083,1532,GISKE,10284295,1,111.0,Enebolig,TB,Tatt i bruk,19890509,19890524,19890830,30.0,,,407824136.0,Tevegen,4017.0,19.0,,,6040.0,VIGRA
917084,1532,GISKE,10282896,0,111.0,Enebolig,TB,Tatt i bruk,19880129,19880405,19880810,160.0,,,448728551.0,Jovegen,1080.0,6.0,,,6050.0,VALDERØYA
917085,1532,GISKE,10284309,0,111.0,Enebolig,TB,Tatt i bruk,10101,10101,10101,152.0,,,320715596.0,Burmavegen,8523.0,26.0,,,6052.0,GISKE
917086,1532,GISKE,10284279,0,111.0,Enebolig,TB,Tatt i bruk,19890511,19890619,19900508,243.0,,,57164846.0,Storeteigane,7010.0,16.0,,,6055.0,GODØYA
917087,1532,GISKE,10282861,0,111.0,Enebolig,TB,Tatt i bruk,10101,10101,10101,175.0,,,57164465.0,Teppemyra,7021.0,7.0,,,6055.0,GODØYA
917088,1532,GISKE,10282861,1,111.0,Enebolig,TB,Tatt i bruk,19880111,19880411,19890201,192.0,,,57164465.0,Teppemyra,7021.0,7.0,,,6055.0,GODØYA
917089,1532,GISKE,10284287,0,181.0,Garasjeuthus anneks til bolig,TB,Tatt i bruk,19890511,19890524,19920630,54.0,,,,,,,,,,
917090,1532,GISKE,10282934,0,111.0,Enebolig,TB,Tatt i bruk,19880301,19880411,19881028,285.0,,,413912859.0,Nordstranda,1060.0,41.0,,,6050.0,VALDERØYA
917091,1532,GISKE,10284317,2,111.0,Enebolig,RA,Rammetillatelse,19960917,10101,10101,8.0,,,,,,,,,,
917092,1532,GISKE,10282942,0,181.0,Garasjeuthus anneks til bolig,TB,Tatt i bruk,19880309,19880801,19880830,42.0,,,,,,,,,,
917093,1532,GISKE,10284325,0,241.0,Hus for dyr/landbr.lager/silo,TB,Tatt i bruk,19890511,19900301,19900328,80.0,,,,,,,,,,
917094,1532,GISKE,10282918,0,181.0,Garasjeuthus anneks til bolig,TB,Tatt i bruk,19880108,19880815,19900301,40.0,,,,,,,,,,
917095,1532,GISKE,10284309,1,111.0,Enebolig,TB,Tatt i bruk,19890511,19891002,19891031,36.0,,,320715596.0,Burmavegen,8523.0,26.0,,,6052.0,GISKE
917096,1532,GISKE,10282926,0,111.0,Enebolig,BU,Bygningsnummer utgått,19880216,10101,10101,228.0,,,57166863.0,,,,,0.0,6050.0,VALDERØYA
917097,1532,GISKE,10284317,0,111.0,Enebolig,TB,Tatt i bruk,10101,10101,10101,259.0,,,57164923.0,Nesbakken,7035.0,8.0,,,6055.0,GODØYA
917098,1532,GISKE,10284317,1,111.0,Enebolig,TB,Tatt i bruk,19890512,19900301,19901031,43.0,,,57164923.0,Nesbakken,7035.0,8.0,,,6055.0,GODØYA
917099,1532,GISKE,17123106,0,161.0,Fritidsbygg(hyttersommerh. ol,TB,Tatt i bruk,20000727,20001115,20001220,37.0,,,57163417.0,Leiren,4022.0,21.0,,,6040.0,VIGRA
917100,1532,GISKE,17123114,0,111.0,Enebolig,TB,Tatt i bruk,20000727,20010419,20020424,252.0,,,309335096.0,Hølevegen,8511.0,19.0,,,6052.0,GISKE
917101,1532,GISKE,17123092,0,321.0,Kjøpesenter varehus,TB,Tatt i bruk,20000613,20010616,20010709,3156.0,,,349702093.0,Ytterland,1006.0,1.0,,,6050.0,VALDERØYA
917102,1532,GISKE,17123092,1,321.0,Kjøpesenter varehus,TB,Tatt i bruk,20020902,20020902,20030531,309.0,,,349702093.0,Ytterland,1006.0,1.0,,,6050.0,VALDERØYA
917103,1532,GISKE,17123149,0,111.0,Enebolig,TB,Tatt i bruk,20000727,20010326,20010924,198.0,,,378828038.0,Jusspivegen,1028.0,30.0,,,6050.0,VALDERØYA
917104,1532,GISKE,17123165,0,181.0,Garasjeuthus anneks til bolig,TB,Tatt i bruk,20000727,20011018,20060217,53.0,,,,,,,,,,
917105,1532,GISKE,17123122,0,111.0,Enebolig,TB,Tatt i bruk,20000727,20001010,20020114,288.0,,,323229918.0,Giskevegen,8531.0,178.0,,,6052.0,GISKE
917106,1532,GISKE,17123130,0,181.0,Garasjeuthus anneks til bolig,TB,Tatt i bruk,20000727,20000817,20080130,59.0,,,,,,,,,,
917107,1532,GISKE,17123025,0,111.0,Enebolig,TB,Tatt i bruk,20000503,20010415,20010425,232.0,,,396778115.0,Øvre Nordstranda,1072.0,57.0,,,6050.0,VALDERØYA
917108,1532,GISKE,17123033,0,135.0,Terrassehus,TB,Tatt i bruk,20000908,20001110,20010702,911.0,,,478492789.0,Malnavegen,1043.0,22.0,,,6050.0,VALDERØYA
917109,1532,GISKE,17122991,0,999.0,,RA,Rammetillatelse,20000523,10101,10101,0.0,,,,,,,,,,
917110,1532,GISKE,17123009,0,111.0,Enebolig,TB,Tatt i bruk,20000503,20010326,20010515,184.0,,,375080360.0,Skjongstranda,1019.0,34.0,,,6050.0,VALDERØYA
917111,1532,GISKE,17123017,0,181.0,Garasjeuthus anneks til bolig,TB,Tatt i bruk,20000503,20000503,20020503,24.0,,,,,,,,,,
917112,1532,GISKE,17123076,0,111.0,Enebolig,MB,Midlertidig brukstillatelse,20000605,20000927,10101,171.0,,,372523158.0,Øvre Skjong,1021.0,16.0,,,6050.0,VALDERØYA
917113,1532,GISKE,17123084,0,112.0,Enebolig m/hybel/sokkelleil.,TB,Tatt i bruk,20000614,20001220,20010821,224.0,,,57167827.0,Godøyvegen,7001.0,210.0,,,6055.0,GODØYA
917114,1532,GISKE,17123041,0,183.0,Naust båthus sjøbu,TB,Tatt i bruk,20000530,20001110,20060601,72.0,,,,,,,,,,
917115,1532,GISKE,17123068,0,112.0,Enebolig m/hybel/sokkelleil.,TB,Tatt i bruk,20000530,20010917,20020514,242.0,,,401966869.0,Valderhaugbakkane,1069.0,26.0,,,6050.0,VALDERØYA
917116,1532,GISKE,17122932,0,112.0,Enebolig m/hybel/sokkelleil.,TB,Tatt i bruk,20000211,20000323,20010815,360.0,,,415605766.0,Nordstrandfjørå,1084.0,18.0,,,6050.0,VALDERØYA
917117,1532,GISKE,17122940,0,181.0,Garasjeuthus anneks til bolig,TB,Tatt i bruk,20000211,20010326,20011018,19.0,,,,,,,,,,
917118,1532,GISKE,17122916,0,111.0,Enebolig,TB,Tatt i bruk,20000201,20000930,20010515,226.0,,,366048649.0,Karenhaugen,1015.0,30.0,,,6050.0,VALDERØYA
917119,1532,GISKE,17122924,0,111.0,Enebolig,TB,Tatt i bruk,20000221,20001117,20001201,242.0,,,415605767.0,Nordstrandfjørå,1084.0,20.0,,,6050.0,VALDERØYA
917120,1532,GISKE,17122975,0,121.0,"Tomannsbolig, vertikaldelt",TB,Tatt i bruk,20000503,20010301,20010305,139.0,,,366044309.0,Karenhaugen,1015.0,10.0,,,6050.0,VALDERØYA
917121,1532,GISKE,17122983,0,181.0,Garasjeuthus anneks til bolig,TB,Tatt i bruk,20000518,20010326,20100129,63.0,,,,,,,,,,
917122,1532,GISKE,17122959,0,181.0,Garasjeuthus anneks til bolig,TB,Tatt i bruk,20000314,10101,20060601,62.0,,,,,,,,,,
917123,1532,GISKE,17122967,0,121.0,"Tomannsbolig, vertikaldelt",TB,Tatt i bruk,20000503,20010301,20010305,139.0,,,366044310.0,Karenhaugen,1015.0,12.0,,,6050.0,VALDERØYA
917124,1532,GISKE,17122800,0,121.0,"Tomannsbolig, vertikaldelt",TB,Tatt i bruk,20000104,20000912,20000918,149.0,,,430098337.0,Janteigen,4055.0,9.0,,,6040.0,VIGRA
917125,1532,GISKE,17122819,0,121.0,"Tomannsbolig, vertikaldelt",TB,Tatt i bruk,20000104,20000912,20000919,149.0,,,430098338.0,Janteigen,4055.0,11.0,,,6040.0,VIGRA
917126,1532,GISKE,17122789,0,121.0,"Tomannsbolig, vertikaldelt",TB,Tatt i bruk,20000104,20000430,20010608,216.0,,,372828920.0,Skjongskaret,1022.0,30.0,,,6050.0,VALDERØYA
917127,1532,GISKE,17122797,0,121.0,"Tomannsbolig, vertikaldelt",TB,Tatt i bruk,20000104,20000430,20010608,216.0,,,372828919.0,Skjongskaret,1022.0,28.0,,,6050.0,VALDERØYA
917128,1532,GISKE,17122894,0,211.0,Fabrikkbygning,TB,Tatt i bruk,19991018,20000912,20001112,913.0,,,57167853.0,Gjøsundneset,4060.0,29.0,,,6040.0,VIGRA
917129,1532,GISKE,17122908,0,211.0,Fabrikkbygning,TB,Tatt i bruk,20000225,20001019,20001216,720.0,,,57164365.0,Gjøsundneset,4060.0,23.0,,,6040.0,VIGRA
917130,1532,GISKE,17122827,0,999.0,,RA,Rammetillatelse,20000113,10101,10101,0.0,,,,,,,,,,
917131,1532,GISKE,17122835,0,999.0,,RA,Rammetillatelse,20000113,10101,10101,0.0,,,,,,,,,,
917132,1532,GISKE,17122843,0,999.0,,TB,Tatt i bruk,20000113,10101,20100101,0.0,,,,,,,,,,
917133,1532,GISKE,17122878,0,529.0,Annen bygning for overnatting,TB,Tatt i bruk,20000214,20000428,20080130,224.0,,,57167034.0,,,,,0.0,6040.0,VIGRA
917134,1532,GISKE,17123173,0,111.0,Enebolig,TB,Tatt i bruk,20000727,20010419,20010920,171.0,,,407824131.0,Tevegen,4017.0,5.0,,,6040.0,VIGRA
917135,1532,GISKE,17122312,0,319.0,Annen kontorbygning,BA,Bygging avlyst,19990415,19991001,10101,172.0,,,,,,,,,,
917136,1532,GISKE,17120638,0,181.0,Garasjeuthus anneks til bolig,TB,Tatt i bruk,19960926,19961015,20010914,97.0,,,408292354.0,Kyrkjevegen,4002.0,396.0,,,6040.0,VIGRA
917137,1532,GISKE,17118927,0,219.0,Annen industribygning,TB,Tatt i bruk,10101,10101,19710101,4700.0,,,349702089.0,Ytterlandshamna,1005.0,5.0,,,6050.0,VALDERØYA
917138,1532,GISKE,17122320,0,111.0,Enebolig,TB,Tatt i bruk,19990311,20000314,20000406,290.0,,,315275890.0,Knutiteigen,8513.0,5.0,,,6052.0,GISKE
917139,1532,GISKE,17118927,1,219.0,Annen industribygning,TB,Tatt i bruk,19940322,19940502,19941012,2175.0,,,349702090.0,Ytterlandshamna,1005.0,7.0,,,6050.0,VALDERØYA
917140,1532,GISKE,17120646,0,111.0,Enebolig,TB,Tatt i bruk,19960926,19961015,19970923,173.0,,,408241337.0,Budafjellvegen,4010.0,2.0,,,6040.0,VIGRA
917141,1532,GISKE,17118900,1,111.0,Enebolig,TB,Tatt i bruk,19940301,19940401,19971201,26.0,,,57164479.0,Godøyvegen,7001.0,275.0,,,6055.0,GODØYA
917142,1532,GISKE,17120603,0,121.0,"Tomannsbolig, vertikaldelt",TB,Tatt i bruk,19960917,19960930,19970626,82.0,,,366009078.0,Karenhaugen,1015.0,3.0,,,6050.0,VALDERØYA
917143,1532,GISKE,17122290,0,121.0,"Tomannsbolig, vertikaldelt",TB,Tatt i bruk,19990215,20000104,20000114,148.0,,,392272168.0,Skarteigane,1066.0,8.0,,,6050.0,VALDERØYA
917144,1532,GISKE,17118919,0,111.0,Enebolig,TB,Tatt i bruk,10101,10101,10101,182.0,,,413950941.0,Nordstranda,1060.0,110.0,,,6050.0,VALDERØYA
917145,1532,GISKE,17120611,0,181.0,Garasjeuthus anneks til bolig,TB,Tatt i bruk,19960923,19961010,19971201,46.0,,,,,,,,,,
917146,1532,GISKE,17122304,0,181.0,Garasjeuthus anneks til bolig,TB,Tatt i bruk,19990216,10101,20070101,83.0,,,,,,,,,,
917147,1532,GISKE,17118919,1,111.0,Enebolig,TB,Tatt i bruk,19940307,19940502,19941201,19.0,,,413950941.0,Nordstranda,1060.0,110.0,,,6050.0,VALDERØYA
917148,1532,GISKE,17122355,0,181.0,Garasjeuthus anneks til bolig,TB,Tatt i bruk,19990422,10101,20070101,47.0,,,,,,,,,,
917149,1532,GISKE,17120670,0,161.0,Fritidsbygg(hyttersommerh. ol,RA,Rammetillatelse,19960919,10101,10101,30.0,,,408369782.0,Remane,4062.0,93.0,,,6040.0,VIGRA
917150,1532,GISKE,17122363,0,181.0,Garasjeuthus anneks til bolig,TB,Tatt i bruk,19990422,20020801,20020823,45.0,,,,,,,,,,
917151,1532,GISKE,17120689,0,181.0,Garasjeuthus anneks til bolig,TB,Tatt i bruk,19961104,10101,20060601,66.0,,,57167336.0,,,,,0.0,6052.0,GISKE
917152,1532,GISKE,17120697,0,181.0,Garasjeuthus anneks til bolig,RA,Rammetillatelse,19900807,10101,10101,66.0,,,57167336.0,,,,,0.0,6052.0,GISKE
917153,1532,GISKE,17122371,0,111.0,Enebolig,TB,Tatt i bruk,19990422,20010301,20020516,304.0,,,57167566.0,Sandmyrvegen,7023.0,7.0,,,6055.0,GODØYA
917154,1532,GISKE,17122339,0,121.0,"Tomannsbolig, vertikaldelt",TB,Tatt i bruk,19990418,20000125,20000520,137.0,,,430099050.0,Janteigen,4055.0,13.0,,,6040.0,VIGRA
917155,1532,GISKE,17118285,1,136.0,Andre småhus m/3 boliger el fl,TB,Tatt i bruk,10101,10101,10101,0.0,,,,,,,,,,
917156,1532,GISKE,17120654,0,111.0,Enebolig,TB,Tatt i bruk,19961011,19971201,19980130,150.0,,,355486497.0,Skjongvika,1013.0,21.0,,,6050.0,VALDERØYA
917157,1532,GISKE,17122347,0,121.0,"Tomannsbolig, vertikaldelt",TB,Tatt i bruk,19990318,20000125,20000520,137.0,,,430099051.0,Janteigen,4055.0,15.0,,,6040.0,VIGRA
917158,1532,GISKE,17120662,0,181.0,Garasjeuthus anneks til bolig,TB,Tatt i bruk,19961015,19991211,20000120,47.0,,,396941035.0,Grødalsvegen,1045.0,24.0,,,6050.0,VALDERØYA
917159,1532,GISKE,17118854,2,181.0,Garasjeuthus anneks til bolig,RA,Rammetillatelse,20000503,10101,10101,78.0,,,57164389.0,Godøyvegen,7001.0,90.0,,,6055.0,GODØYA
917160,1532,GISKE,17122215,0,181.0,Garasjeuthus anneks til bolig,TB,Tatt i bruk,19990122,19990401,20000930,61.0,,,,,,,,,,
917161,1532,GISKE,17118862,0,212.0,Verkstedbygning,TB,Tatt i bruk,19940208,19940321,19941201,240.0,,,57164562.0,,,,,0.0,6055.0,GODØYA
917162,1532,GISKE,17120522,1,669.0,Annet kulturhus,TB,Tatt i bruk,20000727,10101,10101,14.0,,,478907264.0,Klippevegen,1090.0,3.0,,,6050.0,VALDERØYA
917163,1532,GISKE,17120530,0,111.0,Enebolig,TB,Tatt i bruk,19960902,19970513,19980612,325.0,,,397478049.0,Bakkevegen,1042.0,4.0,,,6050.0,VALDERØYA
917164,1532,GISKE,17122223,0,181.0,Garasjeuthus anneks til bolig,TB,Tatt i bruk,19990125,10101,20060601,75.0,,,,,,,,,,
917165,1532,GISKE,17118862,1,212.0,Verkstedbygning,RA,Rammetillatelse,19940215,10101,10101,168.0,,,57164562.0,,,,,0.0,6055.0,GODØYA
917166,1532,GISKE,17122193,0,111.0,Enebolig,TB,Tatt i bruk,19981216,19991201,20000501,333.0,,,349739819.0,Leitagarden,1009.0,2.0,,,6050.0,VALDERØYA
917167,1532,GISKE,17118854,0,181.0,Garasjeuthus anneks til bolig,TB,Tatt i bruk,10101,10101,10101,83.0,,,57164389.0,Godøyvegen,7001.0,90.0,,,6055.0,GODØYA
917168,1532,GISKE,17120506,0,183.0,Naust båthus sjøbu,TB,Tatt i bruk,19960827,10101,20060601,66.0,,,57167336.0,,,,,0.0,6052.0,GISKE
917169,1532,GISKE,17118854,1,181.0,Garasjeuthus anneks til bolig,TB,Tatt i bruk,19940125,19940502,19941201,72.0,,,57164389.0,Godøyvegen,7001.0,90.0,,,6055.0,GODØYA
917170,1532,GISKE,17120514,0,539.0,Annen restaurantbygning,BA,Bygging avlyst,19960902,10101,10101,27.0,,,323229915.0,Giskevegen,8531.0,132.0,,,6052.0,GISKE
917171,1532,GISKE,17122207,0,111.0,Enebolig,TB,Tatt i bruk,19990122,19990401,20000930,141.0,,,375034531.0,Skjongstranda,1019.0,5.0,,,6050.0,VALDERØYA
917172,1532,GISKE,17120522,0,669.0,Annet kulturhus,TB,Tatt i bruk,19960906,19991201,19991215,50.0,,,478907264.0,Klippevegen,1090.0,3.0,,,6050.0,VALDERØYA
917173,1532,GISKE,17120565,0,136.0,Andre småhus m/3 boliger el fl,BA,Bygging avlyst,19960909,10101,10101,312.0,,,,,,,,,,
917174,1532,GISKE,17122274,0,121.0,"Tomannsbolig, vertikaldelt",TB,Tatt i bruk,19990215,19991101,19991215,148.0,,,392272166.0,Skarteigane,1066.0,4.0,,,6050.0,VALDERØYA
917175,1532,GISKE,17118897,0,181.0,Garasjeuthus anneks til bolig,TB,Tatt i bruk,19940224,19940531,19941201,68.0,,,407654869.0,Molnesvegen,4005.0,417.0,,,6040.0,VIGRA
917176,1532,GISKE,17120573,0,181.0,Garasjeuthus anneks til bolig,RA,Rammetillatelse,19960917,10101,10101,50.0,,,401818105.0,Rønnebergbakkane,1064.0,10.0,,,6050.0,VALDERØYA
917177,1532,GISKE,17120581,0,136.0,Andre småhus m/3 boliger el fl,TB,Tatt i bruk,19960917,19960930,19970626,328.0,,,366019990.0,Karenhaugen,1015.0,7.0,,,6050.0,VALDERØYA
917178,1532,GISKE,17122282,0,121.0,"Tomannsbolig, vertikaldelt",TB,Tatt i bruk,19990215,20000104,20000114,148.0,,,392309129.0,Skarteigane,1066.0,10.0,,,6050.0,VALDERØYA
917179,1532,GISKE,17118900,0,111.0,Enebolig,TB,Tatt i bruk,10101,10101,19690101,219.0,,,57164479.0,Godøyvegen,7001.0,275.0,,,6055.0,GODØYA
917180,1532,GISKE,17122231,0,121.0,"Tomannsbolig, vertikaldelt",BA,Bygging avlyst,19990125,10101,10101,67.0,,,,,,,,,,
917181,1532,GISKE,17118870,0,181.0,Garasjeuthus anneks til bolig,BA,Bygging avlyst,19940215,19940531,10101,63.0,,,423353660.0,Kristianavegen,1016.0,10.0,,,6050.0,VALDERØYA
917182,1532,GISKE,17120549,0,111.0,Enebolig,TB,Tatt i bruk,19960819,19961010,19970630,236.0,,,403345414.0,Valderøyvegen,1002.0,982.0,,,6050.0,VALDERØYA
917183,1532,GISKE,17122258,0,121.0,"Tomannsbolig, vertikaldelt",BA,Bygging avlyst,19990125,10101,10101,67.0,,,,,,,,,,
917184,1532,GISKE,17118889,0,111.0,Enebolig,TB,Tatt i bruk,10101,10101,10101,186.0,,,400147445.0,Krissenvegen,1052.0,21.0,,,6050.0,VALDERØYA
917185,1532,GISKE,17120557,0,111.0,Enebolig,TB,Tatt i bruk,19960819,19961010,19970708,260.0,,,403345416.0,Valderøyvegen,1002.0,986.0,,,6050.0,VALDERØYA
917186,1532,GISKE,17122266,0,121.0,"Tomannsbolig, vertikaldelt",TB,Tatt i bruk,19990215,19991101,19991215,148.0,,,392272167.0,Skarteigane,1066.0,6.0,,,6050.0,VALDERØYA
917187,1532,GISKE,17118889,1,111.0,Enebolig,TB,Tatt i bruk,19940224,19940502,19941201,4.0,,,400147445.0,Krissenvegen,1052.0,21.0,,,6050.0,VALDERØYA
917188,1532,GISKE,17120433,0,111.0,Enebolig,TB,Tatt i bruk,19960710,19961015,19970314,148.0,,,309325842.0,Bedehusvegen,8509.0,42.0,,,6052.0,GISKE
917189,1532,GISKE,17122126,0,183.0,Naust båthus sjøbu,TB,Tatt i bruk,19981014,19981015,19990301,72.0,,,,,,,,,,
917190,1532,GISKE,17118757,1,244.0,Driftsb. fiske/fangst/oppdr,RA,Rammetillatelse,20030130,10101,10101,67.0,,,,,,,,,,
917191,1532,GISKE,17118765,0,181.0,Garasjeuthus anneks til bolig,TB,Tatt i bruk,19931125,10101,10101,44.0,,,57164854.0,Alnesgeilane,7033.0,22.0,,,6055.0,GODØYA
917192,1532,GISKE,17120433,1,111.0,Enebolig,IG,Igangsettingstillatelse,20060509,20060509,10101,0.0,,,309325842.0,Bedehusvegen,8509.0,42.0,,,6052.0,GISKE
917193,1532,GISKE,17122134,0,121.0,"Tomannsbolig, vertikaldelt",TB,Tatt i bruk,19981130,19990128,19990624,130.0,,,57167971.0,Løkejohanvegen,1054.0,8.0,,,6050.0,VALDERØYA
917194,1532,GISKE,17118773,0,241.0,Hus for dyr/landbr.lager/silo,TB,Tatt i bruk,19931130,19940531,20000125,48.0,,,411173506.0,Synesvegen,4003.0,553.0,,,6040.0,VIGRA
917195,1532,GISKE,17120441,0,111.0,Enebolig,TB,Tatt i bruk,19960710,19961015,19970714,357.0,,,57164849.0,Godøyvegen,7001.0,909.0,,,6055.0,GODØYA
917196,1532,GISKE,10285771,0,181.0,Garasjeuthus anneks til bolig,TB,Tatt i bruk,19911001,19911002,19911030,46.0,,,413509171.0,Markevegen,4014.0,34.0,,,6040.0,VIGRA
917197,1532,GISKE,17120417,0,181.0,Garasjeuthus anneks til bolig,TB,Tatt i bruk,19960710,19990401,20010322,67.0,,,403352357.0,Valderøyvegen,1002.0,989.0,,,6050.0,VALDERØYA
917198,1532,GISKE,17122096,0,181.0,Garasjeuthus anneks til bolig,TB,Tatt i bruk,19980928,20011015,20011015,39.0,,,,,,,,,,
917199,1532,GISKE,17118749,0,111.0,Enebolig,TB,Tatt i bruk,10101,10101,10101,208.0,,,378828036.0,Jusspivegen,1028.0,26.0,,,6050.0,VALDERØYA
917200,1532,GISKE,17118749,1,111.0,Enebolig,RA,Rammetillatelse,19931028,10101,10101,8.0,,,378828036.0,Jusspivegen,1028.0,26.0,,,6050.0,VALDERØYA
917201,1532,GISKE,10285798,0,232.0,Kjøle- og fryselager,TB,Tatt i bruk,10101,10101,10101,2016.0,,,407654875.0,Rotmyrvegen,4015.0,3.0,,,6040.0,VIGRA
917202,1532,GISKE,17120425,0,111.0,Enebolig,TB,Tatt i bruk,19960710,19961015,19970901,204.0,,,411173505.0,Synesvegen,4003.0,552.0,,,6040.0,VIGRA
917203,1532,GISKE,17122118,0,112.0,Enebolig m/hybel/sokkelleil.,TB,Tatt i bruk,19981016,19981201,20000323,274.0,,,390695961.0,Klokkmarka,1047.0,10.0,,,6050.0,VALDERØYA
917204,1532,GISKE,17118757,0,244.0,Driftsb. fiske/fangst/oppdr,TB,Tatt i bruk,19931109,19940221,19990630,311.0,,,108852363.0,,,,,0.0,6050.0,VALDERØYA
917205,1532,GISKE,10285798,1,232.0,Kjøle- og fryselager,TB,Tatt i bruk,19911001,19920601,19921101,243.0,,,,,,,,,,
917206,1532,GISKE,17118811,0,111.0,Enebolig,TB,Tatt i bruk,19931130,19940215,19940707,125.0,,,375034532.0,Skjongstranda,1019.0,7.0,,,6050.0,VALDERØYA
917207,1532,GISKE,17122177,0,181.0,Garasjeuthus anneks til bolig,TB,Tatt i bruk,19981130,20030130,20030210,25.0,,,,,,,,,,
917208,1532,GISKE,17120484,0,181.0,Garasjeuthus anneks til bolig,TB,Tatt i bruk,19960829,19991212,20000113,50.0,,,,,,,,,,
917209,1532,GISKE,17118838,0,181.0,Garasjeuthus anneks til bolig,IG,Igangsettingstillatelse,19940117,19940321,10101,41.0,,,354718281.0,Nilsgarden,1011.0,3.0,,,6050.0,VALDERØYA
917210,1532,GISKE,17122185,0,111.0,Enebolig,TB,Tatt i bruk,19981219,19990201,19991108,165.0,,,351117191.0,Valdervollvegen,1004.0,2.0,,,6050.0,VALDERØYA
917211,1532,GISKE,17118846,0,111.0,Enebolig,TB,Tatt i bruk,19940117,19940321,19941110,246.0,,,354718281.0,Nilsgarden,1011.0,3.0,,,6050.0,VALDERØYA
917212,1532,GISKE,17120492,0,181.0,Garasjeuthus anneks til bolig,TB,Tatt i bruk,19960829,19971022,19971201,60.0,,,396602326.0,Skomakarvegen,1041.0,28.0,,,6050.0,VALDERØYA
917213,1532,GISKE,17122142,0,121.0,"Tomannsbolig, vertikaldelt",TB,Tatt i bruk,19981130,19990128,19990624,130.0,,,57166008.0,Løkejohanvegen,1054.0,6.0,,,6050.0,VALDERØYA
917214,1532,GISKE,17118781,0,181.0,Garasjeuthus anneks til bolig,TB,Tatt i bruk,19931129,19940601,19971201,38.0,,,315258574.0,Knutiteigen,8513.0,4.0,,,6052.0,GISKE
917215,1532,GISKE,17120468,0,111.0,Enebolig,TB,Tatt i bruk,19960708,19961010,19970307,262.0,,,408390909.0,Søre Oksneset,1067.0,27.0,,,6050.0,VALDERØYA
917216,1532,GISKE,17122150,0,181.0,Garasjeuthus anneks til bolig,TB,Tatt i bruk,19981220,19990401,20090427,52.0,,,,,,,,,,
917217,1532,GISKE,17118803,0,111.0,Enebolig,TB,Tatt i bruk,19940307,19940505,19960101,257.3,,,375067517.0,Skjongstranda,1019.0,25.0,,,6050.0,VALDERØYA
917218,1532,GISKE,17120476,0,111.0,Enebolig,TB,Tatt i bruk,19960827,19971201,19980717,259.0,,,430098336.0,Janteigen,4055.0,7.0,,,6040.0,VIGRA
917219,1532,GISKE,17122169,0,181.0,Garasjeuthus anneks til bolig,TB,Tatt i bruk,19981220,20011018,20020101,53.0,,,,,,,,,,
917220,1532,GISKE,17120352,0,181.0,Garasjeuthus anneks til bolig,TB,Tatt i bruk,19960618,20000107,20080122,50.0,,,,,,,,,,
917221,1532,GISKE,10285712,0,111.0,Enebolig,TB,Tatt i bruk,19910711,10101,10101,134.0,,,57164478.0,Kamsdalsvegen,7016.0,79.0,,,6055.0,GODØYA
917222,1532,GISKE,17118706,0,249.0,Annen landbruksbygning,TB,Tatt i bruk,19931021,19940225,19941201,59.0,,,57167029.0,,,,,0.0,6050.0,VALDERØYA
917223,1532,GISKE,10285712,1,111.0,Enebolig,TB,Tatt i bruk,19910711,19920630,19921130,17.0,,,57164478.0,Kamsdalsvegen,7016.0,79.0,,,6055.0,GODØYA
917224,1532,GISKE,17120360,0,111.0,Enebolig,TB,Tatt i bruk,19960618,19961010,19990330,341.0,,,349739825.0,Leitagarden,1009.0,10.0,,,6050.0,VALDERØYA
917225,1532,GISKE,17118714,0,183.0,Naust båthus sjøbu,TB,Tatt i bruk,10101,10101,10101,99.0,,,,,,,,,,
917226,1532,GISKE,17120336,0,181.0,Garasjeuthus anneks til bolig,TB,Tatt i bruk,19960617,19960716,19971201,49.0,,,,,,,,,,
917227,1532,GISKE,10285704,0,183.0,Naust båthus sjøbu,TB,Tatt i bruk,10101,10101,10101,49.0,,,,,,,,,,
917228,1532,GISKE,17118684,0,181.0,Garasjeuthus anneks til bolig,TB,Tatt i bruk,19931021,19980701,19981101,40.0,,,349739824.0,Leitagarden,1009.0,8.0,,,6050.0,VALDERØYA
917229,1532,GISKE,17120344,0,181.0,Garasjeuthus anneks til bolig,TB,Tatt i bruk,19960617,19960701,19971201,46.0,,,408515739.0,Trollhaugane,1087.0,52.0,,,6050.0,VALDERØYA
917230,1532,GISKE,10285704,1,183.0,Naust båthus sjøbu,TB,Tatt i bruk,19910711,19911001,19911030,8.0,,,,,,,,,,
917231,1532,GISKE,17118692,0,181.0,Garasjeuthus anneks til bolig,TB,Tatt i bruk,19931021,19940502,19941201,49.0,,,,,,,,,,
917232,1532,GISKE,10285755,0,111.0,Enebolig,TB,Tatt i bruk,19910906,19911001,19921221,377.0,,,397083849.0,Simabakken,1081.0,3.0,,,6050.0,VALDERØYA
917233,1532,GISKE,17120395,0,111.0,Enebolig,TB,Tatt i bruk,19960701,19971201,19981110,287.0,,,397478055.0,Bakkevegen,1042.0,7.0,,,6050.0,VALDERØYA
917234,1532,GISKE,17118730,0,183.0,Naust båthus sjøbu,TB,Tatt i bruk,19931026,19940301,19941201,127.0,,,,,,,,,,
917235,1532,GISKE,10285763,0,181.0,Garasjeuthus anneks til bolig,TB,Tatt i bruk,19910909,19911029,19911230,36.0,,,354718279.0,Nilsgarden,1011.0,1.0,,,6050.0,VALDERØYA
917236,1532,GISKE,17120409,0,181.0,Garasjeuthus anneks til bolig,TB,Tatt i bruk,19960708,19961015,19971201,48.0,,,407345779.0,Aglasgjerdet,4026.0,10.0,,,6040.0,VIGRA
917237,1532,GISKE,17122088,0,111.0,Enebolig,TB,Tatt i bruk,19980928,20000121,20000919,149.0,,,415606951.0,Nordstrandfjørå,1084.0,28.0,,,6050.0,VALDERØYA
917238,1532,GISKE,17118730,1,183.0,Naust båthus sjøbu,RA,Rammetillatelse,19931021,10101,10101,19.0,,,411173499.0,Synesvegen,4003.0,494.0,,,6040.0,VIGRA
917239,1532,GISKE,10285720,0,181.0,Garasjeuthus anneks til bolig,TB,Tatt i bruk,19910815,19911002,19920601,67.0,,,,,,,,,,
917240,1532,GISKE,17120379,0,181.0,Garasjeuthus anneks til bolig,TB,Tatt i bruk,19960621,19961018,19971023,87.0,,,413912859.0,Nordstranda,1060.0,41.0,,,6050.0,VALDERØYA
917241,1532,GISKE,17118714,1,183.0,Naust båthus sjøbu,TB,Tatt i bruk,19931021,19931101,19971201,16.0,,,,,,,,,,
917242,1532,GISKE,10285747,0,212.0,Verkstedbygning,TB,Tatt i bruk,19910827,19911001,19921208,116.0,,,57168954.0,,,,,0.0,6055.0,GODØYA
917243,1532,GISKE,17120387,0,181.0,Garasjeuthus anneks til bolig,TB,Tatt i bruk,19901106,19901124,19901230,22.0,,,,,,,,,,
917244,1532,GISKE,17118722,0,111.0,Enebolig,TB,Tatt i bruk,10101,10101,10101,383.0,,,411173499.0,Synesvegen,4003.0,494.0,,,6040.0,VIGRA
917245,1532,GISKE,17118722,1,111.0,Enebolig,TB,Tatt i bruk,19931021,19940502,19941201,19.0,,,411173499.0,Synesvegen,4003.0,494.0,,,6040.0,VIGRA
917246,1532,GISKE,17122703,0,183.0,Naust båthus sjøbu,TB,Tatt i bruk,20000107,20020801,20030309,57.0,,,,,,,,,,
917247,1532,GISKE,17122711,0,181.0,Garasjeuthus anneks til bolig,TB,Tatt i bruk,20000113,10101,20060601,35.0,,,,,,,,,,
917248,1532,GISKE,17122673,0,131.0,Rekkehus,BU,Bygningsnummer utgått,19991115,20000808,20000809,147.0,,,,,,,,,,
917249,1532,GISKE,17122681,0,111.0,Enebolig,TB,Tatt i bruk,20000113,20010301,20010420,219.0,,,57167845.0,Malnavegen,1043.0,34.0,,,6050.0,VALDERØYA
917250,1532,GISKE,17122762,0,999.0,,RA,Rammetillatelse,20000113,10101,10101,0.0,,,,,,,,,,
917251,1532,GISKE,17122770,0,112.0,Enebolig m/hybel/sokkelleil.,TB,Tatt i bruk,20000113,20000912,20000919,301.0,,,366044311.0,Karenhaugen,1015.0,14.0,,,6050.0,VALDERØYA
917252,1532,GISKE,17122738,0,181.0,Garasjeuthus anneks til bolig,TB,Tatt i bruk,20000113,20011018,20060601,43.0,,,,,,,,,,
917253,1532,GISKE,17122746,0,183.0,Naust båthus sjøbu,TB,Tatt i bruk,20000113,20000124,20080124,77.0,,,,,,,,,,
917254,1532,GISKE,17122754,0,111.0,Enebolig,TB,Tatt i bruk,20000113,20010301,20010326,183.0,,,308634319.0,Bedehusvegen,8509.0,2.0,,,6052.0,GISKE
917255,1532,GISKE,17120905,0,111.0,Enebolig,TB,Tatt i bruk,19970320,19971201,19980717,261.0,,,375078205.0,Skjongstranda,1019.0,41.0,,,6050.0,VALDERØYA
917256,1532,GISKE,17122614,0,999.0,,RA,Rammetillatelse,19991018,10101,10101,0.0,,,,,,,,,,
917257,1532,GISKE,17122622,0,181.0,Garasjeuthus anneks til bolig,TB,Tatt i bruk,19991101,19991109,20010322,46.0,,,,,,,,,,
917258,1532,GISKE,17120913,0,181.0,Garasjeuthus anneks til bolig,TB,Tatt i bruk,19970320,10101,20100101,66.0,,,,,,,,,,
917259,1532,GISKE,17120921,0,111.0,Enebolig,TB,Tatt i bruk,19970321,19971201,19981217,336.0,,,349739823.0,Leitagarden,1009.0,11.0,,,6050.0,VALDERØYA
917260,1532,GISKE,17122630,0,212.0,Verkstedbygning,TB,Tatt i bruk,19991122,20011018,20071018,1080.0,,,57164562.0,,,,,0.0,6055.0,GODØYA
917261,1532,GISKE,17120883,0,111.0,Enebolig,TB,Tatt i bruk,19970306,19971201,19980114,221.0,,,408371766.0,Reset,4038.0,28.0,,,6040.0,VIGRA
917262,1532,GISKE,17122584,0,999.0,,RA,Rammetillatelse,19990819,10101,10101,0.0,,,,,,,,,,
917263,1532,GISKE,17122592,0,181.0,Garasjeuthus anneks til bolig,RA,Rammetillatelse,19990816,10101,10101,47.0,,,,,,,,,,
917264,1532,GISKE,17120891,0,111.0,Enebolig,TB,Tatt i bruk,19970306,19971201,19980323,250.0,,,57167501.0,Leitet,7024.0,3.0,,,6055.0,GODØYA
917265,1532,GISKE,17122606,0,111.0,Enebolig,TB,Tatt i bruk,19990920,20001010,20010914,353.0,,,320715592.0,Burmavegen,8523.0,10.0,,,6052.0,GISKE
917266,1532,GISKE,17120964,0,121.0,"Tomannsbolig, vertikaldelt",TB,Tatt i bruk,19970321,19970601,19971023,130.0,,,392309135.0,Øvre Skarteigane,1071.0,3.0,,,6050.0,VALDERØYA
917267,1532,GISKE,17122665,0,131.0,Rekkehus,BU,Bygningsnummer utgått,19991115,20000808,20000809,147.0,,,,,,,,,,
917268,1532,GISKE,17120972,0,111.0,Enebolig,TB,Tatt i bruk,19970415,19971201,19980223,263.0,,,408389377.0,Søre Oksneset,1067.0,15.0,,,6050.0,VALDERØYA
917269,1532,GISKE,17120948,0,121.0,"Tomannsbolig, vertikaldelt",TB,Tatt i bruk,19970321,19971201,19980422,130.0,,,392310769.0,Øvre Skarteigane,1071.0,11.0,,,6050.0,VALDERØYA
917270,1532,GISKE,17122649,0,131.0,Rekkehus,BU,Bygningsnummer utgått,19991115,20000808,20080201,147.0,,,,,,,,,,
917271,1532,GISKE,17120956,0,121.0,"Tomannsbolig, vertikaldelt",TB,Tatt i bruk,19970321,19970601,19971212,130.0,,,392309137.0,Øvre Skarteigane,1071.0,7.0,,,6050.0,VALDERØYA
917272,1532,GISKE,17122657,0,131.0,Rekkehus,BU,Bygningsnummer utgått,19991115,20000808,20080201,147.0,,,,,,,,,,
917273,1532,GISKE,17122509,0,159.0,Annen bygning for bofellesskap,TB,Tatt i bruk,19990520,20010815,20010829,315.0,,,309325844.0,Hølevegen,8511.0,1.0,A,,6052.0,GISKE
917274,1532,GISKE,17120824,0,181.0,Garasjeuthus anneks til bolig,IG,Igangsettingstillatelse,19970313,19971201,10101,19.0,,,407345788.0,Hagardsvegen,4029.0,10.0,,,6040.0,VIGRA
917275,1532,GISKE,17122517,0,181.0,Garasjeuthus anneks til bolig,TB,Tatt i bruk,19990614,19991004,19991004,68.0,,,,,,,,,,
917276,1532,GISKE,17120832,0,111.0,Enebolig,TB,Tatt i bruk,19970304,19971201,19980819,269.0,,,413505888.0,Markevegen,4014.0,9.0,,,6040.0,VIGRA
917277,1532,GISKE,17120794,0,181.0,Garasjeuthus anneks til bolig,BA,Bygging avlyst,19970220,10101,10101,29.0,,,,,,,,,,
917278,1532,GISKE,17122487,0,419.0,Annen eksp. og terminalbygning,TB,Tatt i bruk,19990512,19990519,20080118,15.0,,,,,,,,,,
917279,1532,GISKE,17120808,0,112.0,Enebolig m/hybel/sokkelleil.,TB,Tatt i bruk,19970220,19971201,19980922,212.0,,,57167522.0,Nesbakken,7035.0,7.0,,,6055.0,GODØYA
917280,1532,GISKE,17122495,0,419.0,Annen eksp. og terminalbygning,TB,Tatt i bruk,19990512,19990519,20080118,15.0,,,,,,,,,,
917281,1532,GISKE,17120816,0,181.0,Garasjeuthus anneks til bolig,TB,Tatt i bruk,19970214,20000125,20071122,56.0,,,,,,,,,,
917282,1532,GISKE,17122541,0,181.0,Garasjeuthus anneks til bolig,TB,Tatt i bruk,19990616,19991201,20000301,11.0,,,,,,,,,,
917283,1532,GISKE,17120867,0,219.0,Annen industribygning,BA,Bygging avlyst,19970304,10101,10101,374.0,,,,,,,,,,
917284,1532,GISKE,17120875,0,111.0,Enebolig,TB,Tatt i bruk,19970306,19971201,19980226,207.0,,,320959637.0,Halvardsrema,8515.0,17.0,,,6052.0,GISKE
917285,1532,GISKE,17122568,0,181.0,Garasjeuthus anneks til bolig,BA,Bygging avlyst,19990604,10101,10101,36.0,,,415605761.0,Nordstrandfjørå,1084.0,6.0,,,6050.0,VALDERØYA
917286,1532,GISKE,17122576,0,999.0,,TB,Tatt i bruk,19990819,10101,20090220,0.0,,,,,,,,,,
917287,1532,GISKE,17122525,0,181.0,Garasjeuthus anneks til bolig,BA,Bygging avlyst,19990615,19991006,10101,83.0,,,,,,,,,,
917288,1532,GISKE,17120840,0,181.0,Garasjeuthus anneks til bolig,TB,Tatt i bruk,19970304,19981101,20000113,38.0,,,366019989.0,Karenhaugen,1015.0,4.0,,,6050.0,VALDERØYA
917289,1532,GISKE,17122533,0,111.0,Enebolig,TB,Tatt i bruk,19990616,19991201,20000301,176.0,,,349707398.0,Leitagarden,1009.0,1.0,,,6050.0,VALDERØYA
917290,1532,GISKE,17120859,0,219.0,Annen industribygning,BA,Bygging avlyst,19970304,10101,10101,614.0,,,,,,,,,,
917291,1532,GISKE,17120727,0,619.0,Annen skolebygning,TB,Tatt i bruk,19960708,19960920,19990604,167.0,,,400104746.0,Valderhaug,1068.0,12.0,,,6050.0,VALDERØYA
917292,1532,GISKE,17122428,0,121.0,"Tomannsbolig, vertikaldelt",TB,Tatt i bruk,19990505,19991007,20000520,159.0,,,57167907.0,Leitebakken,7025.0,37.0,,,6055.0,GODØYA
917293,1532,GISKE,17120727,4,619.0,Annen skolebygning,IG,Igangsettingstillatelse,20050628,20050704,10101,200.0,,,400104746.0,Valderhaug,1068.0,12.0,,,6050.0,VALDERØYA
917294,1532,GISKE,17122436,0,121.0,"Tomannsbolig, vertikaldelt",TB,Tatt i bruk,19990506,19991007,20000520,159.0,,,57164546.0,Leitebakken,7025.0,39.0,,,6055.0,GODØYA
917295,1532,GISKE,17120735,0,113.0,Våningshus,FA,Ferdigattest,19961120,19961202,19970221,185.0,,,57168496.0,Gjøsundremane,4061.0,45.0,,,6040.0,VIGRA
917296,1532,GISKE,17120700,0,619.0,Annen skolebygning,TB,Tatt i bruk,19820920,19821020,19830801,754.0,,,400104746.0,Valderhaug,1068.0,12.0,,,6050.0,VALDERØYA
917297,1532,GISKE,17122398,0,181.0,Garasjeuthus anneks til bolig,TB,Tatt i bruk,19990422,19991005,20010914,70.0,,,,,,,,,,
917298,1532,GISKE,17120719,0,619.0,Annen skolebygning,TB,Tatt i bruk,19930427,19930510,19940317,140.0,,,400104746.0,Valderhaug,1068.0,12.0,,,6050.0,VALDERØYA
917299,1532,GISKE,17122401,0,111.0,Enebolig,TB,Tatt i bruk,19990506,20000113,20011004,264.0,,,375067518.0,Skjongstranda,1019.0,27.0,,,6050.0,VALDERØYA
917300,1532,GISKE,17122460,0,181.0,Garasjeuthus anneks til bolig,TB,Tatt i bruk,19990512,19991007,20010323,73.0,,,,,,,,,,
917301,1532,GISKE,17120778,0,181.0,Garasjeuthus anneks til bolig,TB,Tatt i bruk,19970114,10101,20100101,44.0,,,,,,,,,,
917302,1532,GISKE,17120786,0,112.0,Enebolig m/hybel/sokkelleil.,TB,Tatt i bruk,19970114,19970614,19971205,257.0,,,401818103.0,Rønnebergbakkane,1064.0,2.0,,,6050.0,VALDERØYA
917303,1532,GISKE,17122479,0,161.0,Fritidsbygg(hyttersommerh. ol,TB,Tatt i bruk,19990512,20010326,20080128,69.0,,,57168409.0,Rørvikvegen,4032.0,33.0,,,6040.0,VIGRA
917304,1532,GISKE,17122444,0,112.0,Enebolig m/hybel/sokkelleil.,TB,Tatt i bruk,19990428,19991007,20020507,311.0,,,57164405.0,Gøymyrane,7031.0,47.0,,,6055.0,GODØYA
917305,1532,GISKE,17120743,0,111.0,Enebolig,TB,Tatt i bruk,19961225,19971201,19980907,397.0,,,415605768.0,Nordstrandfjørå,1084.0,22.0,,,6050.0,VALDERØYA
917306,1532,GISKE,17122452,0,181.0,Garasjeuthus anneks til bolig,TB,Tatt i bruk,19990505,20000120,20070101,39.0,,,,,,,,,,
917307,1532,GISKE,17120751,0,181.0,Garasjeuthus anneks til bolig,TB,Tatt i bruk,19970102,19991220,20000120,41.0,,,,,,,,,,
917308,1532,GISKE,10285321,0,654.0,Tribune og idrettsgarderobe,TB,Tatt i bruk,19910318,19910530,19911230,45.0,,,57167003.0,Gøymyrane,7031.0,88.0,,,6055.0,GODØYA
917309,1532,GISKE,17118315,0,241.0,Hus for dyr/landbr.lager/silo,TB,Tatt i bruk,10101,10101,10101,387.0,,,407953858.0,Postvegen,4001.0,102.0,,,6040.0,VIGRA
917310,1532,GISKE,17118315,1,241.0,Hus for dyr/landbr.lager/silo,TB,Tatt i bruk,19930617,19931001,19931028,118.0,,,407953858.0,Postvegen,4001.0,102.0,,,6040.0,VIGRA
917311,1532,GISKE,10285348,0,181.0,Garasjeuthus anneks til bolig,TB,Tatt i bruk,19910318,19910530,19911230,47.0,,,411338417.0,Romsdalsvegen,4056.0,18.0,,,6040.0,VIGRA
917312,1532,GISKE,17118323,0,244.0,Driftsb. fiske/fangst/oppdr,TB,Tatt i bruk,10101,10101,10101,1424.0,,,,,,,,,,
917313,1532,GISKE,10285305,0,241.0,Hus for dyr/landbr.lager/silo,TB,Tatt i bruk,19910318,19910403,19910530,80.0,,,,,,,,,,
917314,1532,GISKE,17118293,2,111.0,Enebolig,TB,Tatt i bruk,20070712,20070712,20071231,0.0,,,,,,,,,,
917315,1532,GISKE,10285313,0,111.0,Enebolig,TB,Tatt i bruk,19910318,19910430,19911115,214.0,,,400150605.0,Skaret,1065.0,13.0,,,6050.0,VALDERØYA
917316,1532,GISKE,17118307,0,181.0,Garasjeuthus anneks til bolig,TB,Tatt i bruk,19930616,19930715,19931028,54.0,,,396747850.0,Øvre Nordstranda,1072.0,28.0,,,6050.0,VALDERØYA
917317,1532,GISKE,10285364,1,111.0,Enebolig,TB,Tatt i bruk,19910318,19911201,19920520,18.0,,,320715597.0,Burmavegen,8523.0,28.0,,,6052.0,GISKE
917318,1532,GISKE,17118358,0,111.0,Enebolig,TB,Tatt i bruk,19930628,19940601,19941201,244.0,,,372830150.0,Skjongskaret,1022.0,27.0,,,6050.0,VALDERØYA
917319,1532,GISKE,17119966,0,183.0,Naust båthus sjøbu,IG,Igangsettingstillatelse,19951120,19961031,10101,66.0,,,,,,,,,,
917320,1532,GISKE,10285364,2,111.0,Enebolig,TB,Tatt i bruk,10101,10101,10101,51.0,,,320715597.0,Burmavegen,8523.0,28.0,,,6052.0,GISKE
917321,1532,GISKE,17118358,1,111.0,Enebolig,FA,Ferdigattest,19930628,19940601,10101,40.0,,,372830150.0,Skjongskaret,1022.0,27.0,,,6050.0,VALDERØYA
917322,1532,GISKE,17119974,0,112.0,Enebolig m/hybel/sokkelleil.,TB,Tatt i bruk,19960108,19960401,19970425,285.0,,,415605765.0,Nordstrandfjørå,1084.0,16.0,,,6050.0,VALDERØYA
917323,1532,GISKE,10285372,0,112.0,Enebolig m/hybel/sokkelleil.,TB,Tatt i bruk,19780731,10101,10101,197.0,,,407352898.0,Hagardsvegen,4029.0,13.0,,,6040.0,VIGRA
917324,1532,GISKE,10285356,0,181.0,Garasjeuthus anneks til bolig,TB,Tatt i bruk,19910319,19910531,19971201,80.0,,,,,,,,,,
917325,1532,GISKE,17118323,1,244.0,Driftsb. fiske/fangst/oppdr,TB,Tatt i bruk,19930715,19940201,19950524,401.0,,,,,,,,,,
917326,1532,GISKE,17119931,0,111.0,Enebolig,TB,Tatt i bruk,19951110,19960301,19960709,65.0,,,392310777.0,Øvre Skarteigane,1071.0,27.0,,,6050.0,VALDERØYA
917327,1532,GISKE,10285364,0,111.0,Enebolig,TB,Tatt i bruk,19740424,10101,10101,187.0,,,320715597.0,Burmavegen,8523.0,28.0,,,6052.0,GISKE
917328,1532,GISKE,17118331,0,181.0,Garasjeuthus anneks til bolig,TB,Tatt i bruk,19930628,19931001,19941201,44.0,,,57164536.0,Leiteråsa,7026.0,8.0,,,6055.0,GODØYA
917329,1532,GISKE,17119958,0,183.0,Naust båthus sjøbu,TB,Tatt i bruk,19951020,19961031,20060601,66.0,,,,,,,,,,
917330,1532,GISKE,10285259,1,112.0,Enebolig m/hybel/sokkelleil.,TB,Tatt i bruk,19901212,19910201,19911230,30.0,,,387519057.0,Rokkevegen,1036.0,25.0,,,6050.0,VALDERØYA
917331,1532,GISKE,10286832,1,111.0,Enebolig,TB,Tatt i bruk,19930423,19930423,19930430,11.0,,,57164492.0,Leitet,7024.0,22.0,,,6055.0,GODØYA
917332,1532,GISKE,10285267,0,181.0,Garasjeuthus anneks til bolig,TB,Tatt i bruk,19901212,19910531,19920601,49.0,,,,,,,,,,
917333,1532,GISKE,10286840,0,181.0,Garasjeuthus anneks til bolig,TB,Tatt i bruk,19930427,19940531,19941201,40.0,,,430105625.0,Borniteigen,4049.0,6.0,,,6040.0,VIGRA
917334,1532,GISKE,10284104,0,181.0,Garasjeuthus anneks til bolig,TB,Tatt i bruk,19890302,19890524,19890830,46.0,,,,,,,,,,
917335,1532,GISKE,10285240,1,244.0,Driftsb. fiske/fangst/oppdr,TB,Tatt i bruk,19980210,19980601,19990420,208.0,,,408382593.0,Røysevegen,1075.0,59.0,,,6050.0,VALDERØYA
917336,1532,GISKE,10286824,0,181.0,Garasjeuthus anneks til bolig,TB,Tatt i bruk,19930328,19930404,20080206,34.0,,,,,,,,,,
917337,1532,GISKE,10285259,0,112.0,Enebolig m/hybel/sokkelleil.,TB,Tatt i bruk,10101,10101,10101,257.0,,,387519057.0,Rokkevegen,1036.0,25.0,,,6050.0,VALDERØYA
917338,1532,GISKE,10286832,0,111.0,Enebolig,TB,Tatt i bruk,10101,10101,10101,186.0,,,57164492.0,Leitet,7024.0,22.0,,,6055.0,GODØYA
917339,1532,GISKE,17118293,0,111.0,Enebolig,TB,Tatt i bruk,19930616,19930715,19940601,226.0,,,403352350.0,Valderøyvegen,1002.0,998.0,,,6050.0,VALDERØYA
917340,1532,GISKE,10285291,0,111.0,Enebolig,TB,Tatt i bruk,19700909,10101,10101,121.0,,,320715598.0,Burmavegen,8523.0,30.0,,,6052.0,GISKE
917341,1532,GISKE,10285291,1,111.0,Enebolig,TB,Tatt i bruk,19910318,19910502,19910531,18.0,,,,,,,,,,
917342,1532,GISKE,17118293,1,111.0,Enebolig,TB,Tatt i bruk,20070712,20070712,20071231,0.0,,,,,,,,,,
917343,1532,GISKE,10285275,0,181.0,Garasjeuthus anneks til bolig,TB,Tatt i bruk,19910121,19910603,19920630,57.0,,,57163335.0,Nørestranda,4006.0,491.0,,,6040.0,VIGRA
917344,1532,GISKE,17118269,0,111.0,Enebolig,TB,Tatt i bruk,19930420,19930701,19940624,261.0,,,408508424.0,Trollhaugane,1087.0,35.0,,,6050.0,VALDERØYA
917345,1532,GISKE,10285283,0,111.0,Enebolig,TB,Tatt i bruk,10101,10101,10101,140.0,,,412752862.0,Malivegen,4037.0,134.0,,,6040.0,VIGRA
917346,1532,GISKE,17118285,0,136.0,Andre småhus m/3 boliger el fl,TB,Tatt i bruk,20040202,20040208,20040625,178.0,,,413915886.0,Nordstranda,1060.0,20.0,,,6050.0,VALDERØYA
917347,1532,GISKE,10285283,1,111.0,Enebolig,BA,Bygging avlyst,19910318,10101,10101,39.0,,,,,,,,,,
917348,1532,GISKE,10286743,0,181.0,Garasjeuthus anneks til bolig,BR,Bygning revet/brent,19930316,19930401,19930430,16.0,,,57164355.0,Nørestranda,4006.0,105.0,,,6040.0,VIGRA
917349,1532,GISKE,10284066,1,122.0,"Tomannsbolig, horisontaldelt",TB,Tatt i bruk,19890314,19890417,19900301,165.0,,,413948445.0,Nordstranda,1060.0,80.0,A,,6050.0,VALDERØYA
917350,1532,GISKE,10285186,0,183.0,Naust båthus sjøbu,TB,Tatt i bruk,19900711,19901001,19911230,30.0,,,,,,,,,,
917351,1532,GISKE,10284074,0,614.0,Ungdomsskole,TB,Tatt i bruk,10101,10101,10101,5077.0,,,400104747.0,Valderhaug,1068.0,14.0,,,6050.0,VALDERØYA
917352,1532,GISKE,10285194,0,111.0,Enebolig,TB,Tatt i bruk,19940524,19950703,19960315,166.0,,,408296703.0,Kyrkjevegen,4002.0,440.0,,,6040.0,VIGRA
917353,1532,GISKE,10286751,0,249.0,Annen landbruksbygning,TB,Tatt i bruk,19930316,19930401,19930430,124.0,,,,,,,,,,
917354,1532,GISKE,10284074,1,614.0,Ungdomsskole,TB,Tatt i bruk,19890301,19890415,19890816,381.0,,,,,,,,,,
917355,1532,GISKE,10286727,0,181.0,Garasjeuthus anneks til bolig,TB,Tatt i bruk,19930315,19930715,19931104,28.0,,,,,,,,,,
917356,1532,GISKE,10285151,1,241.0,Hus for dyr/landbr.lager/silo,TB,Tatt i bruk,19900710,19901201,19901228,80.0,,,,,,,,,,
917357,1532,GISKE,10284058,0,111.0,Enebolig,TB,Tatt i bruk,19890316,19890524,19891206,215.0,,,375034529.0,Skjongstranda,1019.0,1.0,,,6050.0,VALDERØYA
917358,1532,GISKE,10286735,0,181.0,Garasjeuthus anneks til bolig,TB,Tatt i bruk,19930316,19930405,19930430,33.0,,,407345783.0,Aglasgjerdet,4026.0,18.0,,,6040.0,VIGRA
917359,1532,GISKE,10285178,0,181.0,Garasjeuthus anneks til bolig,TB,Tatt i bruk,19900710,19900720,19901031,40.0,,,,,,,,,,
917360,1532,GISKE,10284066,0,122.0,"Tomannsbolig, horisontaldelt",TB,Tatt i bruk,10101,10101,10101,207.0,,,413948445.0,Nordstranda,1060.0,80.0,A,,6050.0,VALDERØYA
917361,1532,GISKE,10284082,1,999.0,,TB,Tatt i bruk,19890315,19890417,19900301,0.0,,,,,,,,,,
917362,1532,GISKE,10286794,0,111.0,Enebolig,TB,Tatt i bruk,19930318,19930430,19931029,168.0,,,403345415.0,Valderøyvegen,1002.0,984.0,,,6050.0,VALDERØYA
917363,1532,GISKE,10285224,0,181.0,Garasjeuthus anneks til bolig,TB,Tatt i bruk,19901106,19901108,19910416,35.0,,,,,,,,,,
917364,1532,GISKE,10284090,0,136.0,Andre småhus m/3 boliger el fl,TB,Tatt i bruk,19890302,19890524,19900208,288.0,,,415608618.0,Nordstrandfjørå,1084.0,76.0,,,6050.0,VALDERØYA
917365,1532,GISKE,10286808,0,111.0,Enebolig,BU,Bygningsnummer utgått,10101,10101,10101,0.0,,,57168533.0,Hauvegen,4012.0,34.0,,,6040.0,VIGRA
917366,1532,GISKE,10285240,0,244.0,Driftsb. fiske/fangst/oppdr,TB,Tatt i bruk,19901212,19901228,19911230,172.0,,,408382593.0,Røysevegen,1075.0,59.0,,,6050.0,VALDERØYA
917367,1532,GISKE,10286808,1,111.0,Enebolig,BU,Bygningsnummer utgått,19930413,19930413,19930430,4.0,,,57168533.0,Hauvegen,4012.0,34.0,,,6040.0,VIGRA
917368,1532,GISKE,10285208,0,181.0,Garasjeuthus anneks til bolig,TB,Tatt i bruk,19901001,19901005,19911230,45.0,,,396951267.0,Nedre Grødalsvegen,1078.0,11.0,,,6050.0,VALDERØYA
917369,1532,GISKE,10286778,0,181.0,Garasjeuthus anneks til bolig,TB,Tatt i bruk,19930323,19930715,19931028,41.0,,,351158342.0,Ytterlandsvika,1003.0,20.0,,,6050.0,VALDERØYA
917370,1532,GISKE,10284074,2,614.0,Ungdomsskole,MB,Midlertidig brukstillatelse,20051219,20060101,10101,890.0,,,400104747.0,Valderhaug,1068.0,14.0,,,6050.0,VALDERØYA
917371,1532,GISKE,10285216,0,112.0,Enebolig m/hybel/sokkelleil.,TB,Tatt i bruk,10101,10101,10101,215.0,,,408519512.0,Sommarsgjerdevegen,1086.0,12.0,,,6050.0,VALDERØYA
917372,1532,GISKE,10286786,0,181.0,Garasjeuthus anneks til bolig,TB,Tatt i bruk,19930323,19930701,19941201,33.0,,,397103124.0,Kolåsbakken,1083.0,35.0,,,6050.0,VALDERØYA
917373,1532,GISKE,10284082,0,999.0,,TB,Tatt i bruk,10101,10101,10101,0.0,,,,,,,,,,
917374,1532,GISKE,10285216,1,112.0,Enebolig m/hybel/sokkelleil.,TB,Tatt i bruk,19901106,19910502,19911230,100.0,,,408519512.0,Sommarsgjerdevegen,1086.0,12.0,,,6050.0,VALDERØYA
917375,1532,GISKE,10285100,0,111.0,Enebolig,BA,Bygging avlyst,19900727,10101,10101,206.0,,,,,,,,,,
917376,1532,GISKE,10283973,0,111.0,Enebolig,TB,Tatt i bruk,10101,10101,10101,251.0,,,391345960.0,Pettervegen,1061.0,3.0,,,6050.0,VALDERØYA
917377,1532,GISKE,10285119,0,111.0,Enebolig,TB,Tatt i bruk,19900709,19900727,19910325,263.0,,,315275895.0,Eirikteigen,8514.0,1.0,,,6052.0,GISKE
917378,1532,GISKE,10283973,1,111.0,Enebolig,TB,Tatt i bruk,19890127,19891001,19891031,85.0,,,391345960.0,Pettervegen,1061.0,3.0,,,6050.0,VALDERØYA
917379,1532,GISKE,10285127,0,111.0,Enebolig,TB,Tatt i bruk,10101,10101,10101,297.0,,,411595271.0,Røssvikgarden,4046.0,87.0,,,6040.0,VIGRA
917380,1532,GISKE,10285070,1,111.0,Enebolig,TB,Tatt i bruk,19900627,19901001,19911230,53.0,,,57163388.0,Øvregatå,4019.0,44.0,,,6040.0,VIGRA
917381,1532,GISKE,10283957,1,111.0,Enebolig,TB,Tatt i bruk,19920113,19920401,19920430,21.0,,,396779071.0,Øvre Nordstranda,1072.0,86.0,,,6050.0,VALDERØYA
917382,1532,GISKE,10285097,0,181.0,Garasjeuthus anneks til bolig,TB,Tatt i bruk,19900710,19900820,19901031,49.0,,,,,,,,,,
917383,1532,GISKE,10283965,0,241.0,Hus for dyr/landbr.lager/silo,TB,Tatt i bruk,10101,10101,10101,0.0,,,411188635.0,Synesvegen,4003.0,739.0,,,6040.0,VIGRA
917384,1532,GISKE,10283965,1,241.0,Hus for dyr/landbr.lager/silo,TB,Tatt i bruk,19890104,19890109,19900301,51.0,,,411188635.0,Synesvegen,4003.0,739.0,,,6040.0,VIGRA
917385,1532,GISKE,10284007,0,183.0,Naust båthus sjøbu,RA,Rammetillatelse,19890227,10101,10101,55.0,,,,,,,,,,
917386,1532,GISKE,10285143,0,111.0,Enebolig,TB,Tatt i bruk,10101,10101,10101,297.0,,,413502892.0,Smevegen,4016.0,3.0,,,6040.0,VIGRA
917387,1532,GISKE,10284015,0,111.0,Enebolig,TB,Tatt i bruk,19890227,19891031,19900906,200.0,,,309325841.0,Bedehusvegen,8509.0,40.0,,,6052.0,GISKE
917388,1532,GISKE,10285143,1,111.0,Enebolig,TB,Tatt i bruk,19900718,19911201,19920630,56.0,,,413502892.0,Smevegen,4016.0,3.0,,,6040.0,VIGRA
917389,1532,GISKE,10284031,0,112.0,Enebolig m/hybel/sokkelleil.,TB,Tatt i bruk,19890227,19901027,19901221,346.0,,,375078203.0,Skjongstranda,1019.0,37.0,,,6050.0,VALDERØYA
917390,1532,GISKE,10285151,0,241.0,Hus for dyr/landbr.lager/silo,TB,Tatt i bruk,10101,10101,10101,279.0,,,,,,,,,,
917391,1532,GISKE,10283981,0,111.0,Enebolig,TB,Tatt i bruk,19890217,19890417,19891010,236.0,,,349739824.0,Leitagarden,1009.0,8.0,,,6050.0,VALDERØYA
917392,1532,GISKE,10285127,1,111.0,Enebolig,TB,Tatt i bruk,19900727,19901001,19971201,50.0,,,411595271.0,Røssvikgarden,4046.0,87.0,,,6040.0,VIGRA
917393,1532,GISKE,10283981,1,111.0,Enebolig,TB,Tatt i bruk,19931021,19940502,19941201,6.0,,,349739824.0,Leitagarden,1009.0,8.0,,,6050.0,VALDERØYA
917394,1532,GISKE,10285135,0,111.0,Enebolig,TB,Tatt i bruk,19900720,19900820,19910701,267.0,,,57164561.0,Leitet,7024.0,13.0,,,6055.0,GODØYA
917395,1532,GISKE,10285623,0,111.0,Enebolig,TB,Tatt i bruk,19910626,19920601,19920702,287.0,,,57164564.0,Leitet,7024.0,1.0,B,,6055.0,GODØYA
917396,1532,GISKE,17118625,1,111.0,Enebolig,TB,Tatt i bruk,19930928,19931001,19931028,27.0,,,411234606.0,Hamnevegen,4045.0,151.0,,,6040.0,VIGRA
917397,1532,GISKE,17120263,0,111.0,Enebolig,TB,Tatt i bruk,19960522,19960716,19961108,99.0,,,413902065.0,Nordstranda,1060.0,31.0,,,6050.0,VALDERØYA
917398,1532,GISKE,10285631,0,136.0,Andre småhus m/3 boliger el fl,TB,Tatt i bruk,19910627,19920401,19920722,300.0,,,375080366.0,Skjongstranda,1019.0,48.0,,,6050.0,VALDERØYA
917399,1532,GISKE,17118633,0,111.0,Enebolig,TB,Tatt i bruk,10101,10101,10101,171.0,,,396518387.0,Gudmundvegen,1027.0,11.0,,,6050.0,VALDERØYA
917400,1532,GISKE,17120263,1,111.0,Enebolig,RA,Rammetillatelse,20070816,10101,10101,0.0,,,,,,,,,,
917401,1532,GISKE,17118633,1,111.0,Enebolig,TB,Tatt i bruk,19930930,19931001,19971201,28.0,,,396518387.0,Gudmundvegen,1027.0,11.0,,,6050.0,VALDERØYA
917402,1532,GISKE,10285607,1,111.0,Enebolig,TB,Tatt i bruk,19910613,19911201,19920401,8.0,,,407720936.0,Klokkarvegen,4013.0,13.0,,,6040.0,VIGRA
917403,1532,GISKE,17118617,0,181.0,Garasjeuthus anneks til bolig,TB,Tatt i bruk,10101,10101,10101,43.0,,,400111753.0,Valderhaug,1068.0,17.0,,,6050.0,VALDERØYA
917404,1532,GISKE,17120247,0,181.0,Garasjeuthus anneks til bolig,TB,Tatt i bruk,19960522,19971201,19981101,40.0,,,,,,,,,,
917405,1532,GISKE,17118617,1,181.0,Garasjeuthus anneks til bolig,TB,Tatt i bruk,19930927,19931028,19941221,23.0,,,400111753.0,Valderhaug,1068.0,17.0,,,6050.0,VALDERØYA
917406,1532,GISKE,10285615,0,181.0,Garasjeuthus anneks til bolig,TB,Tatt i bruk,19910617,19910730,20081205,47.0,,,,,,,,,,
917407,1532,GISKE,17120255,0,112.0,Enebolig m/hybel/sokkelleil.,TB,Tatt i bruk,19960520,19960716,19971210,303.0,,,320959633.0,Halvardsrema,8515.0,10.0,,,6052.0,GISKE
917408,1532,GISKE,17118625,0,111.0,Enebolig,TB,Tatt i bruk,10101,10101,10101,238.0,,,411234606.0,Hamnevegen,4045.0,151.0,,,6040.0,VIGRA
917409,1532,GISKE,17120301,0,181.0,Garasjeuthus anneks til bolig,TB,Tatt i bruk,19960611,19960716,20000113,72.0,,,358660069.0,Skjongneset,1018.0,19.0,,,6050.0,VALDERØYA
917410,1532,GISKE,10285682,0,181.0,Garasjeuthus anneks til bolig,TB,Tatt i bruk,19910711,19911201,19920401,25.0,,,322534061.0,Rishaugen,8528.0,28.0,,,6052.0,GISKE
917411,1532,GISKE,17118668,0,181.0,Garasjeuthus anneks til bolig,TB,Tatt i bruk,19931012,19931201,19931231,48.0,,,443837069.0,Nordstrandmyrane,1082.0,22.0,,,6050.0,VALDERØYA
917412,1532,GISKE,17120328,0,111.0,Enebolig,TB,Tatt i bruk,19960610,19960716,19970716,140.0,,,412747821.0,Vikevegen,4040.0,74.0,,,6040.0,VIGRA
917413,1532,GISKE,10285690,0,111.0,Enebolig,TB,Tatt i bruk,10101,10101,10101,168.0,,,408515740.0,Trollhaugane,1087.0,54.0,,,6050.0,VALDERØYA
917414,1532,GISKE,17118676,0,183.0,Naust båthus sjøbu,TB,Tatt i bruk,10101,10101,10101,31.0,,,57167028.0,,,,,0.0,6050.0,VALDERØYA
917415,1532,GISKE,10285690,1,111.0,Enebolig,TB,Tatt i bruk,19910711,19911201,19920430,20.0,,,408515740.0,Trollhaugane,1087.0,54.0,,,6050.0,VALDERØYA
917416,1532,GISKE,17118676,1,183.0,Naust båthus sjøbu,TB,Tatt i bruk,19931005,19940502,19941201,25.0,,,57167028.0,,,,,0.0,6050.0,VALDERØYA
917417,1532,GISKE,10285658,0,136.0,Andre småhus m/3 boliger el fl,TB,Tatt i bruk,19910627,19920401,19920722,300.0,,,375094280.0,Skjongstranda,1019.0,56.0,,,6050.0,VALDERØYA
917418,1532,GISKE,17120271,0,181.0,Garasjeuthus anneks til bolig,TB,Tatt i bruk,19960528,19961010,19971201,28.0,,,57165506.0,Joteigen,1099.0,1.0,,,6050.0,VALDERØYA
917419,1532,GISKE,17118641,0,111.0,Enebolig,TB,Tatt i bruk,10101,10101,10101,209.0,,,407323989.0,Demmevegen,4027.0,25.0,,,6040.0,VIGRA
917420,1532,GISKE,10285666,0,136.0,Andre småhus m/3 boliger el fl,TB,Tatt i bruk,19910627,19930401,19930813,300.0,,,375094284.0,Skjongstranda,1019.0,64.0,,,6050.0,VALDERØYA
917421,1532,GISKE,17120298,0,181.0,Garasjeuthus anneks til bolig,TB,Tatt i bruk,19960603,19961015,19971201,31.0,,,323398824.0,Saksebrauta,8526.0,2.0,,,6052.0,GISKE
917422,1532,GISKE,17118641,1,111.0,Enebolig,TB,Tatt i bruk,19931005,19931008,19971201,58.0,,,407323989.0,Demmevegen,4027.0,25.0,,,6040.0,VIGRA
917423,1532,GISKE,10285550,0,181.0,Garasjeuthus anneks til bolig,TB,Tatt i bruk,19910603,19911201,19971201,20.0,,,415605759.0,Nordstrandfjørå,1084.0,23.0,,,6050.0,VALDERØYA
917424,1532,GISKE,17118552,0,181.0,Garasjeuthus anneks til bolig,TB,Tatt i bruk,19930831,19931001,19931027,36.0,,,57164490.0,Leitet,7024.0,18.0,,,6055.0,GODØYA
917425,1532,GISKE,17120182,0,111.0,Enebolig,TB,Tatt i bruk,19960417,19960716,20011022,322.0,,,415606952.0,Nordstrandfjørå,1084.0,38.0,,,6050.0,VALDERØYA
917426,1532,GISKE,17118560,0,161.0,Fritidsbygg(hyttersommerh. ol,RA,Rammetillatelse,19930615,10101,10101,60.0,,,,,,,,,,
917427,1532,GISKE,17120190,0,112.0,Enebolig m/hybel/sokkelleil.,TB,Tatt i bruk,19960520,19961010,19970620,225.0,,,366044316.0,Karenhaugen,1015.0,24.0,,,6050.0,VALDERØYA
917428,1532,GISKE,17118579,0,181.0,Garasjeuthus anneks til bolig,TB,Tatt i bruk,19930913,19940301,19941201,63.0,,,413900792.0,Oksneset,1085.0,32.0,,,6050.0,VALDERØYA
917429,1532,GISKE,10285534,0,181.0,Garasjeuthus anneks til bolig,TB,Tatt i bruk,19910603,19911201,19920601,33.0,,,,,,,,,,
917430,1532,GISKE,17118536,0,439.0,Annen garasje-/hangarbygning,GR,Bygning godkjent for riving/brenning,19930825,19930902,20080118,116.0,,,,,,,,,,
917431,1532,GISKE,17120166,0,181.0,Garasjeuthus anneks til bolig,TB,Tatt i bruk,19960417,19960501,19971201,40.0,,,351117197.0,Ytterlandsvika,1003.0,23.0,,,6050.0,VALDERØYA
917432,1532,GISKE,10285542,0,181.0,Garasjeuthus anneks til bolig,TB,Tatt i bruk,19910603,19921102,19921130,41.0,,,,,,,,,,
917433,1532,GISKE,17118544,0,181.0,Garasjeuthus anneks til bolig,TB,Tatt i bruk,19930831,19931001,19931028,60.0,,,407285361.0,Demmevegen,4027.0,12.0,,,6040.0,VIGRA
917434,1532,GISKE,17120174,0,181.0,Garasjeuthus anneks til bolig,TB,Tatt i bruk,19960409,19971201,19981201,110.0,,,424057435.0,Kyrkjevegen,4002.0,200.0,,,6040.0,VIGRA
917435,1532,GISKE,17118595,1,249.0,Annen landbruksbygning,TB,Tatt i bruk,19930913,19931001,19931028,23.0,,,57163353.0,Øvregatå,4019.0,45.0,,,6040.0,VIGRA
917436,1532,GISKE,17120220,0,249.0,Annen landbruksbygning,TB,Tatt i bruk,19960514,19961015,19971201,64.0,,,,,,,,,,
917437,1532,GISKE,10285593,0,181.0,Garasjeuthus anneks til bolig,TB,Tatt i bruk,19910613,19911001,19911230,42.0,,,57164391.0,Godøyvegen,7001.0,207.0,,,6055.0,GODØYA
917438,1532,GISKE,17118609,0,181.0,Garasjeuthus anneks til bolig,BR,Bygning revet/brent,19930924,19931001,19931028,32.0,,,,,,,,,,
917439,1532,GISKE,17120239,0,111.0,Enebolig,TB,Tatt i bruk,19960419,19960716,19970507,298.0,,,396672710.0,Skomakarvegen,1041.0,42.0,,,6050.0,VALDERØYA
917440,1532,GISKE,10285607,0,111.0,Enebolig,TB,Tatt i bruk,10101,10101,10101,178.0,,,407720936.0,Klokkarvegen,4013.0,13.0,,,6040.0,VIGRA
917441,1532,GISKE,17120204,0,181.0,Garasjeuthus anneks til bolig,TB,Tatt i bruk,19960419,19960501,19971201,68.0,,,,,,,,,,
917442,1532,GISKE,10285577,0,113.0,Våningshus,TB,Tatt i bruk,19910613,19910715,19921019,321.0,,,57167961.0,Jussbakken,7008.0,96.0,,,6055.0,GODØYA
917443,1532,GISKE,17118587,0,111.0,Enebolig,TB,Tatt i bruk,10101,10101,10101,286.0,,,400132239.0,Kistivegen,1046.0,20.0,,,6050.0,VALDERØYA
917444,1532,GISKE,17118587,1,111.0,Enebolig,RA,Rammetillatelse,19930913,10101,10101,3.0,,,400132239.0,Kistivegen,1046.0,20.0,,,6050.0,VALDERØYA
917445,1532,GISKE,17120212,0,111.0,Enebolig,TB,Tatt i bruk,19960424,19970825,19971024,191.0,,,57167489.0,Jussbakken,7008.0,49.0,,,6055.0,GODØYA
917446,1532,GISKE,10285585,0,183.0,Naust båthus sjøbu,TB,Tatt i bruk,19910613,19911201,19920430,66.0,,,,,,,,,,
917447,1532,GISKE,17118595,0,249.0,Annen landbruksbygning,TB,Tatt i bruk,10101,10101,10101,29.0,,,57163353.0,Øvregatå,4019.0,45.0,,,6040.0,VIGRA
917448,1532,GISKE,17118463,1,111.0,Enebolig,TB,Tatt i bruk,19930826,19930901,19971201,13.0,,,57164910.0,Valkvævegen,7002.0,40.0,,,6055.0,GODØYA
917449,1532,GISKE,17120093,0,111.0,Enebolig,TB,Tatt i bruk,19960314,19960716,19970120,194.0,,,408390915.0,Grytolmarka,1103.0,38.0,,,6050.0,VALDERØYA
917450,1532,GISKE,10285488,0,111.0,Enebolig,TB,Tatt i bruk,19910521,19910531,19911121,119.0,,,57168545.0,Godøyvegen,7001.0,186.0,,,6055.0,GODØYA
917451,1532,GISKE,17118471,0,241.0,Hus for dyr/landbr.lager/silo,TB,Tatt i bruk,19930826,19931001,19951017,49.0,,,57164373.0,Godøyvegen,7001.0,400.0,,,6055.0,GODØYA
917452,1532,GISKE,17120107,0,181.0,Garasjeuthus anneks til bolig,TB,Tatt i bruk,19960314,19960716,19970120,30.0,,,,,,,,,,
917453,1532,GISKE,10285496,0,181.0,Garasjeuthus anneks til bolig,TB,Tatt i bruk,19910521,19910531,19921130,34.0,,,,,,,,,,
917454,1532,GISKE,10285453,0,111.0,Enebolig,TB,Tatt i bruk,10101,10101,10101,188.0,,,354718285.0,Nilsgarden,1011.0,12.0,,,6050.0,VALDERØYA
917455,1532,GISKE,10285453,1,111.0,Enebolig,TB,Tatt i bruk,19910418,19911201,19920430,58.0,,,354718285.0,Nilsgarden,1011.0,12.0,,,6050.0,VALDERØYA
917456,1532,GISKE,17118455,0,183.0,Naust båthus sjøbu,TB,Tatt i bruk,19930812,19931001,19941201,82.0,,,,,,,,,,
917457,1532,GISKE,17120077,0,181.0,Garasjeuthus anneks til bolig,TB,Tatt i bruk,19960319,19960716,19971201,48.0,,,413948448.0,Nordstranda,1060.0,98.0,,,6050.0,VALDERØYA
917458,1532,GISKE,10285461,0,181.0,Garasjeuthus anneks til bolig,TB,Tatt i bruk,19910514,19911201,19971201,42.0,,,,,,,,,,
917459,1532,GISKE,17118463,0,111.0,Enebolig,TB,Tatt i bruk,10101,10101,10101,149.0,,,57164910.0,Valkvævegen,7002.0,40.0,,,6055.0,GODØYA
917460,1532,GISKE,17120085,0,181.0,Garasjeuthus anneks til bolig,IG,Igangsettingstillatelse,19960308,19960716,10101,88.0,,,,,,,,,,
917461,1532,GISKE,10285526,1,112.0,Enebolig m/hybel/sokkelleil.,TB,Tatt i bruk,19910603,19920601,19920630,73.0,,,372523151.0,Øvre Skjong,1021.0,13.0,,,6050.0,VALDERØYA
917462,1532,GISKE,17118501,1,113.0,Våningshus,TB,Tatt i bruk,20051128,20051205,20060105,0.0,,,,,,,,,,
917463,1532,GISKE,17120131,0,311.0,Kontor- og adm.bygning rådhus,BU,Bygningsnummer utgått,19960319,19960716,19970716,161.0,,,411343283.0,Romsdalsvegen,4056.0,86.0,,,6040.0,VIGRA
917464,1532,GISKE,17118528,0,112.0,Enebolig m/hybel/sokkelleil.,TB,Tatt i bruk,19930824,19931018,19940530,201.0,,,403352358.0,Valderøyvegen,1002.0,1043.0,,,6050.0,VALDERØYA
917465,1532,GISKE,17120158,0,111.0,Enebolig,TB,Tatt i bruk,19960319,19960716,19961223,184.0,,,411343283.0,Romsdalsvegen,4056.0,86.0,,,6040.0,VIGRA
917466,1532,GISKE,17118498,0,183.0,Naust båthus sjøbu,TB,Tatt i bruk,19930723,19931001,19931028,51.0,,,57167551.0,,,,,0.0,6055.0,GODØYA
917467,1532,GISKE,17120115,0,181.0,Garasjeuthus anneks til bolig,TB,Tatt i bruk,19960318,19960716,19971201,9.0,,,57163335.0,Nørestranda,4006.0,491.0,,,6040.0,VIGRA
917468,1532,GISKE,10285518,0,181.0,Garasjeuthus anneks til bolig,TB,Tatt i bruk,19910605,19911201,19921130,82.0,,,,,,,,,,
917469,1532,GISKE,17118501,0,113.0,Våningshus,TB,Tatt i bruk,19930825,19940321,19950509,180.0,,,411188630.0,Synesvegen,4003.0,653.0,,,6040.0,VIGRA
917470,1532,GISKE,17120123,0,181.0,Garasjeuthus anneks til bolig,TB,Tatt i bruk,19960318,19960716,19971201,72.0,,,396602327.0,Skomakarvegen,1041.0,36.0,,,6050.0,VALDERØYA
917471,1532,GISKE,10285526,0,112.0,Enebolig m/hybel/sokkelleil.,TB,Tatt i bruk,10101,10101,10101,297.0,,,372523151.0,Øvre Skjong,1021.0,13.0,,,6050.0,VALDERØYA
917472,1532,GISKE,17118382,0,181.0,Garasjeuthus anneks til bolig,TB,Tatt i bruk,19930707,19931001,19971201,44.0,,,,,,,,,,
917473,1532,GISKE,10285399,0,181.0,Garasjeuthus anneks til bolig,TB,Tatt i bruk,19910409,19910429,19911230,49.0,,,388533881.0,Valderhaugstranda,1039.0,2.0,,,6050.0,VALDERØYA
917474,1532,GISKE,17120018,0,111.0,Enebolig,TB,Tatt i bruk,19951201,19960716,19960909,114.0,,,407654085.0,Molnesvegen,4005.0,414.0,,,6040.0,VIGRA
917475,1532,GISKE,17118390,0,111.0,Enebolig,TB,Tatt i bruk,10101,10101,10101,193.0,,,407352892.0,Hagardsvegen,4029.0,18.0,,,6040.0,VIGRA
917476,1532,GISKE,10285402,0,181.0,Garasjeuthus anneks til bolig,TB,Tatt i bruk,19910409,19910429,19911230,58.0,,,,,,,,,,
917477,1532,GISKE,17120018,4,111.0,Enebolig,TB,Tatt i bruk,20040928,20040928,20050620,100.0,,,407654086.0,Molnesvegen,4005.0,418.0,,,6040.0,VIGRA
917478,1532,GISKE,17118390,1,111.0,Enebolig,RA,Rammetillatelse,19930708,10101,10101,7.0,,,407352892.0,Hagardsvegen,4029.0,18.0,,,6040.0,VIGRA
917479,1532,GISKE,17118366,0,111.0,Enebolig,TB,Tatt i bruk,19930702,19931001,19940705,501.0,,,355491512.0,Skjongvika,1013.0,27.0,,,6050.0,VALDERØYA
917480,1532,GISKE,10285372,1,112.0,Enebolig m/hybel/sokkelleil.,TB,Tatt i bruk,19910318,19910502,19910530,11.0,,,407352898.0,Hagardsvegen,4029.0,13.0,,,6040.0,VIGRA
917481,1532,GISKE,17119982,0,111.0,Enebolig,TB,Tatt i bruk,19951208,19991201,19991221,363.0,,,349707397.0,Ytterland,1006.0,38.0,,,6050.0,VALDERØYA
917482,1532,GISKE,17118374,0,113.0,Våningshus,TB,Tatt i bruk,10101,10101,10101,171.0,,,413900797.0,Blomvika,1088.0,16.0,,,6050.0,VALDERØYA
917483,1532,GISKE,10285380,0,181.0,Garasjeuthus anneks til bolig,TB,Tatt i bruk,19910318,19910701,19911230,45.0,,,407345782.0,Aglasgjerdet,4026.0,16.0,,,6040.0,VIGRA
917484,1532,GISKE,17119990,0,181.0,Garasjeuthus anneks til bolig,TB,Tatt i bruk,19951208,19960716,19971201,47.0,,,57164379.0,Godøyvegen,7001.0,711.0,,,6055.0,GODØYA
917485,1532,GISKE,17118374,1,113.0,Våningshus,RA,Rammetillatelse,19930707,10101,10101,15.0,,,,,,,,,,
917486,1532,GISKE,10285437,0,662.0,Samfunnshus grendehus,TB,Tatt i bruk,19910423,19910507,19911101,50.0,,,408098981.0,Postvegen,4001.0,635.0,,,6040.0,VIGRA
917487,1532,GISKE,17120042,0,111.0,Enebolig,TB,Tatt i bruk,19951215,19960716,19970515,291.0,,,408381933.0,Sætrevegen,1076.0,64.0,,,6050.0,VALDERØYA
917488,1532,GISKE,17118439,0,249.0,Annen landbruksbygning,TB,Tatt i bruk,19930728,19931001,19931028,127.0,,,411188634.0,Synesvegen,4003.0,722.0,,,6040.0,VIGRA
917489,1532,GISKE,10285445,0,181.0,Garasjeuthus anneks til bolig,TB,Tatt i bruk,19910429,19910531,19920630,33.0,,,,,,,,,,
917490,1532,GISKE,17118447,0,249.0,Annen landbruksbygning,TB,Tatt i bruk,19930723,20000104,20000124,54.0,,,411195332.0,Synesvegen,4003.0,785.0,,,6040.0,VIGRA
917491,1532,GISKE,17120069,0,181.0,Garasjeuthus anneks til bolig,TB,Tatt i bruk,19960326,19960716,19971201,48.0,,,,,,,,,,
917492,1532,GISKE,17118404,0,111.0,Enebolig,TB,Tatt i bruk,19930723,19931001,19931028,40.0,,,415600552.0,Nordstrandfjørå,1084.0,7.0,,,6050.0,VALDERØYA
917493,1532,GISKE,10285410,0,111.0,Enebolig,TB,Tatt i bruk,19910419,19910430,19920701,270.0,,,57164548.0,Leitebakken,7025.0,41.0,,,6055.0,GODØYA
917494,1532,GISKE,17120026,0,111.0,Enebolig,TB,Tatt i bruk,19950125,19950703,19951124,125.0,,,57167495.0,Godøyvegen,7001.0,903.0,,,6055.0,GODØYA
917495,1532,GISKE,17118412,0,111.0,Enebolig,TB,Tatt i bruk,19930723,19931104,20070101,193.0,,,401818101.0,Rønnebergbakkane,1064.0,7.0,,,6050.0,VALDERØYA
917496,1532,GISKE,10285429,0,113.0,Våningshus,TB,Tatt i bruk,19910426,19910521,19920325,208.0,,,411234600.0,Hamnevegen,4045.0,106.0,,,6040.0,VIGRA
917497,1532,GISKE,17120034,0,241.0,Hus for dyr/landbr.lager/silo,TB,Tatt i bruk,19951213,19960716,20000107,527.0,,,407563764.0,Molnesvegen,4005.0,294.0,,,6040.0,VIGRA
917498,1532,GISKE,17118420,0,183.0,Naust båthus sjøbu,TB,Tatt i bruk,19931202,19960708,19971201,61.0,,,,,,,,,,
917499,1532,GISKE,10283604,0,111.0,Enebolig,TB,Tatt i bruk,19880921,19880922,19890726,271.0,,,57164528.0,Leiteråsa,7026.0,1.0,,,6055.0,GODØYA
917500,1532,GISKE,10283612,0,322.0,Butikk/forretningsbygning,TB,Tatt i bruk,10101,10101,10101,602.0,,,408197644.0,Postvegen,4001.0,610.0,,,6040.0,VIGRA
917501,1532,GISKE,10283574,0,181.0,Garasjeuthus anneks til bolig,TB,Tatt i bruk,19880921,19890601,19890727,46.0,,,,,,,,,,
917502,1532,GISKE,10283582,0,111.0,Enebolig,BU,Bygningsnummer utgått,19880921,10101,10101,148.0,,,,,,,,,,
917503,1532,GISKE,10283590,0,183.0,Naust båthus sjøbu,TB,Tatt i bruk,19880921,19921102,20080124,59.0,,,,,,,,,,
917504,1532,GISKE,10283620,0,111.0,Enebolig,TB,Tatt i bruk,19880921,19881017,19890614,293.0,,,57165994.0,Malnavegen,1043.0,14.0,,,6050.0,VALDERØYA
917505,1532,GISKE,10283620,1,111.0,Enebolig,TB,Tatt i bruk,20050608,20050608,20050608,2.0,,,57165994.0,Malnavegen,1043.0,14.0,,,6050.0,VALDERØYA
917506,1532,GISKE,10283612,1,322.0,Butikk/forretningsbygning,BU,Bygningsnummer utgått,19880921,10101,10101,45.0,,,,,,,,,,
917507,1532,GISKE,10283612,2,322.0,Butikk/forretningsbygning,TB,Tatt i bruk,19971201,19980201,19981104,440.0,,,408197644.0,Postvegen,4001.0,610.0,,,6040.0,VIGRA
917508,1532,GISKE,10283507,0,183.0,Naust båthus sjøbu,TB,Tatt i bruk,19880819,19890524,19890830,85.0,,,,,,,,,,
917509,1532,GISKE,10283515,0,181.0,Garasjeuthus anneks til bolig,TB,Tatt i bruk,19880831,19890630,19921130,57.0,,,,,,,,,,
917510,1532,GISKE,10283485,0,112.0,Enebolig m/hybel/sokkelleil.,TB,Tatt i bruk,19880831,19880920,19890906,445.0,,,320748021.0,Burmavegen,8523.0,38.0,,,6052.0,GISKE
917511,1532,GISKE,10283493,0,111.0,Enebolig,TB,Tatt i bruk,19880819,19880920,19890524,191.0,,,57165907.0,Øvstevegen,1000.0,2.0,,,6050.0,VALDERØYA
917512,1532,GISKE,10283558,0,111.0,Enebolig,TB,Tatt i bruk,19880823,19890403,19890912,244.0,,,57164851.0,Jussbakken,7008.0,63.0,,,6055.0,GODØYA
917513,1532,GISKE,10283566,0,111.0,Enebolig,TB,Tatt i bruk,19880921,19880922,19890312,193.0,,,407352894.0,Hagardsvegen,4029.0,1.0,,,6040.0,VIGRA
917514,1532,GISKE,10283523,0,323.0,Bensinstasjon,TB,Tatt i bruk,19880831,19890201,19890613,45.0,,,57168410.0,Flyplassvegen,4033.0,31.0,,,6040.0,VIGRA
917515,1532,GISKE,10283531,0,419.0,Annen eksp. og terminalbygning,TB,Tatt i bruk,19880831,19890227,19890613,148.0,,,57168410.0,Flyplassvegen,4033.0,31.0,,,6040.0,VIGRA
917516,1532,GISKE,10283434,0,113.0,Våningshus,TB,Tatt i bruk,19880721,19880815,19891031,262.0,,,57163328.0,Hauvegen,4012.0,36.0,,,6040.0,VIGRA
917517,1532,GISKE,10283442,0,181.0,Garasjeuthus anneks til bolig,TB,Tatt i bruk,19880722,19880815,19901031,36.0,,,,,,,,,,
917518,1532,GISKE,10283426,0,249.0,Annen landbruksbygning,TB,Tatt i bruk,19880713,19881201,20070101,394.0,,,323229910.0,Giskevegen,8531.0,87.0,,,6052.0,GISKE
917519,1532,GISKE,10283426,1,249.0,Annen landbruksbygning,TB,Tatt i bruk,19880713,19881201,19900320,67.0,,,323229910.0,Giskevegen,8531.0,87.0,,,6052.0,GISKE
917520,1532,GISKE,10283477,0,111.0,Enebolig,TB,Tatt i bruk,19880818,19890109,19890703,306.0,,,415608615.0,Nordstrandfjørå,1084.0,70.0,,,6050.0,VALDERØYA
917521,1532,GISKE,10283477,1,111.0,Enebolig,RA,Rammetillatelse,19950530,10101,10101,6.0,,,,,,,,,,
917522,1532,GISKE,10283450,0,241.0,Hus for dyr/landbr.lager/silo,TB,Tatt i bruk,19880722,19881003,19890428,71.0,,,,,,,,,,
917523,1532,GISKE,10283469,0,183.0,Naust båthus sjøbu,TB,Tatt i bruk,19880818,19891201,19891229,48.0,,,,,,,,,,
917524,1532,GISKE,10283345,0,111.0,Enebolig,TB,Tatt i bruk,19880629,19890403,19900523,294.0,,,413900795.0,Oksneset,1085.0,42.0,,,6050.0,VALDERØYA
917525,1532,GISKE,10283353,0,111.0,Enebolig,TB,Tatt i bruk,10101,10101,10101,252.0,,,407352891.0,Hagardsvegen,4029.0,16.0,,,6040.0,VIGRA
917526,1532,GISKE,10283310,0,239.0,Annen lagerbygning,TB,Tatt i bruk,19880629,19891031,19900301,55.0,,,,,,,,,,
917527,1532,GISKE,10283329,0,112.0,Enebolig m/hybel/sokkelleil.,TB,Tatt i bruk,19880706,19880808,19890726,268.0,,,57164544.0,Leitebakken,7025.0,35.0,,,6055.0,GODØYA
917528,1532,GISKE,10283388,0,111.0,Enebolig,TB,Tatt i bruk,19880711,19880920,19891205,224.0,,,411404662.0,Blindheimsgarden,4035.0,105.0,,,6040.0,VIGRA
917529,1532,GISKE,10283396,0,181.0,Garasjeuthus anneks til bolig,IG,Igangsettingstillatelse,20050621,20060516,10101,108.0,,,,,,,,,,
917530,1532,GISKE,10283418,0,181.0,Garasjeuthus anneks til bolig,TB,Tatt i bruk,19880713,19880808,19881031,47.0,,,,,,,,,,
917531,1532,GISKE,10283353,1,111.0,Enebolig,TB,Tatt i bruk,19880706,19880801,19890830,63.0,,,407352891.0,Hagardsvegen,4029.0,16.0,,,6040.0,VIGRA
917532,1532,GISKE,10283361,0,181.0,Garasjeuthus anneks til bolig,TB,Tatt i bruk,19880706,19890428,19901031,45.0,,,,,,,,,,
917533,1532,GISKE,10283906,0,171.0,Seterhus sel rorbu o.l.,TB,Tatt i bruk,19881216,19890929,19900301,500.0,,,57168415.0,Alnesvegen,7032.0,13.0,,,6055.0,GODØYA
917534,1532,GISKE,10285038,0,151.0,Bo- og servicesenter,TB,Tatt i bruk,19900611,19900702,19901228,176.0,,,407323992.0,Demmevegen,4027.0,31.0,,,6040.0,VIGRA
917535,1532,GISKE,10283914,0,171.0,Seterhus sel rorbu o.l.,TB,Tatt i bruk,19881216,19910307,19911230,500.0,,,57168415.0,Alnesvegen,7032.0,13.0,,,6055.0,GODØYA
917536,1532,GISKE,10285046,0,151.0,Bo- og servicesenter,TB,Tatt i bruk,19900611,19900709,19901228,136.0,,,407323994.0,Demmevegen,4027.0,35.0,,,6040.0,VIGRA
917537,1532,GISKE,10283884,0,111.0,Enebolig,TB,Tatt i bruk,19881216,19900820,19910524,231.0,,,57164560.0,Leitet,7024.0,11.0,,,6055.0,GODØYA
917538,1532,GISKE,10285003,0,183.0,Naust båthus sjøbu,TB,Tatt i bruk,19841217,19900601,19901031,80.0,,,,,,,,,,
917539,1532,GISKE,10283892,0,112.0,Enebolig m/hybel/sokkelleil.,TB,Tatt i bruk,19881216,19890815,19901228,212.0,,,396729709.0,Roslamarka,1063.0,2.0,,,6050.0,VALDERØYA
917540,1532,GISKE,10285011,0,181.0,Garasjeuthus anneks til bolig,TB,Tatt i bruk,19900615,19900727,19941201,40.0,,,,,,,,,,
917541,1532,GISKE,10283949,0,111.0,Enebolig,TB,Tatt i bruk,19890206,19890606,19891017,244.0,,,403345410.0,Valderøyvegen,1002.0,970.0,,,6050.0,VALDERØYA
917542,1532,GISKE,10285062,0,181.0,Garasjeuthus anneks til bolig,TB,Tatt i bruk,19900611,19900709,19901228,44.0,,,,,,,,,,
917543,1532,GISKE,10283957,0,111.0,Enebolig,TB,Tatt i bruk,19890126,19890126,19891023,228.0,,,396779071.0,Øvre Nordstranda,1072.0,86.0,,,6050.0,VALDERØYA
917544,1532,GISKE,10285070,0,111.0,Enebolig,TB,Tatt i bruk,10101,10101,10101,192.0,,,57163388.0,Øvregatå,4019.0,44.0,,,6040.0,VIGRA
917545,1532,GISKE,10283922,0,171.0,Seterhus sel rorbu o.l.,TB,Tatt i bruk,19881216,19911201,19960704,500.0,,,57168415.0,Alnesvegen,7032.0,13.0,,,6055.0,GODØYA
917546,1532,GISKE,10285046,1,151.0,Bo- og servicesenter,TB,Tatt i bruk,19950424,19950703,19950814,19.0,,,,,,,,,,
917547,1532,GISKE,10283930,0,323.0,Bensinstasjon,TB,Tatt i bruk,19881216,19891002,19900108,327.0,,,57164367.0,Nørestranda,4006.0,43.0,,,6040.0,VIGRA
917548,1532,GISKE,10285054,0,181.0,Garasjeuthus anneks til bolig,TB,Tatt i bruk,19900611,19900709,19901228,44.0,,,,,,,,,,
917549,1532,GISKE,10283825,0,112.0,Enebolig m/hybel/sokkelleil.,TB,Tatt i bruk,19881208,19900531,19910211,271.0,,,396745423.0,Øvre Nordstranda,1072.0,22.0,,,6050.0,VALDERØYA
917550,1532,GISKE,10284945,0,181.0,Garasjeuthus anneks til bolig,TB,Tatt i bruk,19900502,19900727,19920601,38.0,,,,,,,,,,
917551,1532,GISKE,10283833,0,111.0,Enebolig,TB,Tatt i bruk,19881213,19890228,19891204,204.0,,,407357122.0,Storebakken,4030.0,4.0,,,6040.0,VIGRA
917552,1532,GISKE,10284953,0,181.0,Garasjeuthus anneks til bolig,TB,Tatt i bruk,19900530,19911002,19971201,64.0,,,,,,,,,,
917553,1532,GISKE,10283795,1,121.0,"Tomannsbolig, vertikaldelt",TB,Tatt i bruk,19970321,19970421,19971201,96.0,,,355491515.0,Nilsgarden,1011.0,8.0,A,,6050.0,VALDERØYA
917554,1532,GISKE,10283809,0,111.0,Enebolig,TB,Tatt i bruk,19881208,19890228,19901213,247.0,,,407357126.0,Storebakken,4030.0,14.0,,,6040.0,VIGRA
917555,1532,GISKE,10284937,0,183.0,Naust båthus sjøbu,TB,Tatt i bruk,19900502,19900510,19901031,55.0,,,,,,,,,,
917556,1532,GISKE,10283868,1,121.0,"Tomannsbolig, vertikaldelt",BA,Bygging avlyst,19881216,10101,10101,112.0,,,403345409.0,Valderøyvegen,1002.0,772.0,,,6050.0,VALDERØYA
917557,1532,GISKE,10284988,0,241.0,Hus for dyr/landbr.lager/silo,TB,Tatt i bruk,10101,10101,10101,306.0,,,,,,,,,,
917558,1532,GISKE,10284988,1,241.0,Hus for dyr/landbr.lager/silo,TB,Tatt i bruk,19900531,19900601,19971201,45.0,,,,,,,,,,
917559,1532,GISKE,10283876,0,124.0,"Våningshus, tomannsb./horisont.",TB,Tatt i bruk,10101,10101,10101,292.0,,,407654079.0,Molnesvegen,4005.0,345.0,,,6040.0,VIGRA
917560,1532,GISKE,10283876,1,124.0,"Våningshus, tomannsb./horisont.",TB,Tatt i bruk,19881216,19890123,19890830,158.0,,,407654079.0,Molnesvegen,4005.0,345.0,,,6040.0,VIGRA
917561,1532,GISKE,10284996,0,241.0,Hus for dyr/landbr.lager/silo,TB,Tatt i bruk,19900530,19911001,19911101,60.0,,,57164402.0,Godøyvegen,7001.0,93.0,,,6055.0,GODØYA
917562,1532,GISKE,10283841,0,112.0,Enebolig m/hybel/sokkelleil.,TB,Tatt i bruk,19881212,19900727,19911104,190.0,,,320963479.0,Halvardsrema,8515.0,19.0,,,6052.0,GISKE
917563,1532,GISKE,10284961,0,111.0,Enebolig,TB,Tatt i bruk,10101,10101,10101,132.0,,,372466603.0,Øvre Skjong,1021.0,7.0,,,6050.0,VALDERØYA
917564,1532,GISKE,10284961,1,111.0,Enebolig,TB,Tatt i bruk,19900502,19901001,19901031,38.0,,,372466603.0,Øvre Skjong,1021.0,7.0,,,6050.0,VALDERØYA
917565,1532,GISKE,10283868,0,121.0,"Tomannsbolig, vertikaldelt",BA,Bygging avlyst,10101,10101,10101,0.0,,,403345409.0,Valderøyvegen,1002.0,772.0,,,6050.0,VALDERØYA
917566,1532,GISKE,10283744,1,111.0,Enebolig,TB,Tatt i bruk,19881101,19890102,19900301,38.0,,,57164512.0,Godøyvegen,7001.0,437.0,,,6055.0,GODØYA
917567,1532,GISKE,10283752,0,511.0,Hotellbygning,TB,Tatt i bruk,19861104,19880503,19900301,1238.0,,,411197221.0,Synesvegen,4003.0,850.0,,,6040.0,VIGRA
917568,1532,GISKE,10283736,0,181.0,Garasjeuthus anneks til bolig,TB,Tatt i bruk,19881031,19890524,19901031,40.0,,,,,,,,,,
917569,1532,GISKE,10283744,0,111.0,Enebolig,TB,Tatt i bruk,10101,10101,10101,165.0,,,57164512.0,Godøyvegen,7001.0,437.0,,,6055.0,GODØYA
917570,1532,GISKE,10283787,0,113.0,Våningshus,TB,Tatt i bruk,19881114,19890331,19910614,311.0,,,57164385.0,Godøyvegen,7001.0,342.0,,,6055.0,GODØYA
917571,1532,GISKE,10283795,0,121.0,"Tomannsbolig, vertikaldelt",TB,Tatt i bruk,19881201,19890102,19900327,116.0,,,355491515.0,Nilsgarden,1011.0,8.0,A,,6050.0,VALDERØYA
917572,1532,GISKE,10283760,0,111.0,Enebolig,TB,Tatt i bruk,19881121,19890116,19890801,245.0,,,375080364.0,Skjongstranda,1019.0,40.0,,,6050.0,VALDERØYA
917573,1532,GISKE,10283779,0,181.0,Garasjeuthus anneks til bolig,TB,Tatt i bruk,19881121,19920901,19930129,46.0,,,375080364.0,Skjongstranda,1019.0,40.0,,,6050.0,VALDERØYA
917574,1532,GISKE,10283655,0,111.0,Enebolig,TB,Tatt i bruk,19880916,19881031,19891218,276.0,,,57164383.0,Høgsteinvegen,7020.0,2.0,,,6055.0,GODØYA
917575,1532,GISKE,10283663,0,181.0,Garasjeuthus anneks til bolig,TB,Tatt i bruk,19880916,19881003,19881230,52.0,,,,,,,,,,
917576,1532,GISKE,10283639,0,112.0,Enebolig m/hybel/sokkelleil.,TB,Tatt i bruk,19880929,19881020,19890524,242.0,,,366044315.0,Karenhaugen,1015.0,22.0,,,6050.0,VALDERØYA
917577,1532,GISKE,10283647,0,181.0,Garasjeuthus anneks til bolig,TB,Tatt i bruk,19880929,19881031,19981101,44.0,,,,,,,,,,
917578,1532,GISKE,10283701,0,111.0,Enebolig,TB,Tatt i bruk,19880928,19881010,19900215,230.0,,,415606953.0,Nordstrandfjørå,1084.0,44.0,,,6050.0,VALDERØYA
917579,1532,GISKE,10283728,0,111.0,Enebolig,TB,Tatt i bruk,19881028,19890626,19900312,128.0,,,321046478.0,Rabbevegen,8505.0,23.0,,,6052.0,GISKE
917580,1532,GISKE,10283671,0,111.0,Enebolig,TB,Tatt i bruk,19880923,19891002,19980512,131.0,,,57164848.0,Godøyvegen,7001.0,883.0,,,6055.0,GODØYA
917581,1532,GISKE,10283671,1,111.0,Enebolig,TB,Tatt i bruk,19960417,19960716,19971201,70.0,,,57164848.0,Godøyvegen,7001.0,883.0,,,6055.0,GODØYA
917582,1532,GISKE,10283698,0,111.0,Enebolig,TB,Tatt i bruk,19880928,19881031,19890612,190.0,,,315275894.0,Eirikteigen,8514.0,8.0,,,6052.0,GISKE
917583,1532,GISKE,17123823,0,121.0,"Tomannsbolig, vertikaldelt",TB,Tatt i bruk,20010613,20010920,20021025,173.0,,,57168060.0,Storeteigane,7010.0,3.0,,,6055.0,GODØYA
917584,1532,GISKE,17123831,0,111.0,Enebolig,TB,Tatt i bruk,20010612,20010914,20020710,144.0,,,407353990.0,Storebakken,4030.0,1.0,,,6040.0,VIGRA
917585,1532,GISKE,17123793,0,649.0,Annen museum/biblioteksbygning,TB,Tatt i bruk,10101,10101,18560101,45.0,,,57167348.0,Godøyvegen,7001.0,525.0,,,6055.0,GODØYA
917586,1532,GISKE,17123807,0,181.0,Garasjeuthus anneks til bolig,TB,Tatt i bruk,20010619,10101,20100101,39.0,,,,,,,,,,
917587,1532,GISKE,17123815,0,121.0,"Tomannsbolig, vertikaldelt",TB,Tatt i bruk,20010613,20010920,20020606,156.0,,,57164843.0,Storeteigane,7010.0,5.0,,,6055.0,GODØYA
917588,1532,GISKE,17123858,0,112.0,Enebolig m/hybel/sokkelleil.,TB,Tatt i bruk,20010612,20010914,20021222,277.0,,,57167911.0,Jussbakken,7008.0,129.0,,,6055.0,GODØYA
917589,1532,GISKE,17123866,0,111.0,Enebolig,TB,Tatt i bruk,20010612,20011018,20031229,319.0,,,413859602.0,Oksneset,1085.0,3.0,,,6050.0,VALDERØYA
917590,1532,GISKE,17123718,0,181.0,Garasjeuthus anneks til bolig,FA,Ferdigattest,20010215,20020823,10101,57.0,,,,,,,,,,
917591,1532,GISKE,17122061,0,181.0,Garasjeuthus anneks til bolig,TB,Tatt i bruk,19980827,19980830,19981101,39.0,,,,,,,,,,
917592,1532,GISKE,17123726,0,111.0,Enebolig,FA,Ferdigattest,20010612,20011015,10101,219.0,,,396759258.0,Øvre Nordstranda,1072.0,56.0,,,6050.0,VALDERØYA
917593,1532,GISKE,17123734,0,121.0,"Tomannsbolig, vertikaldelt",TB,Tatt i bruk,20010612,20010914,20020426,147.0,,,408390918.0,Grytolmarka,1103.0,20.0,,,6050.0,VALDERØYA
917594,1532,GISKE,17123688,0,121.0,"Tomannsbolig, vertikaldelt",TB,Tatt i bruk,20010131,20010920,20011220,146.0,,,315275898.0,Eirikteigen,8514.0,7.0,,,6052.0,GISKE
917595,1532,GISKE,17122045,0,181.0,Garasjeuthus anneks til bolig,RA,Rammetillatelse,19980827,10101,10101,18.0,,,,,,,,,,
917596,1532,GISKE,17123696,0,121.0,"Tomannsbolig, vertikaldelt",TB,Tatt i bruk,20010131,20010920,20011010,146.0,,,315285519.0,Eirikteigen,8514.0,9.0,,,6052.0,GISKE
917597,1532,GISKE,17122053,0,181.0,Garasjeuthus anneks til bolig,TB,Tatt i bruk,19980819,19980901,19981101,36.0,,,,,,,,,,
917598,1532,GISKE,17123769,0,181.0,Garasjeuthus anneks til bolig,TB,Tatt i bruk,20010612,10101,20100101,12.0,,,,,,,,,,
917599,1532,GISKE,17123777,0,181.0,Garasjeuthus anneks til bolig,TB,Tatt i bruk,20010605,20011015,20081017,70.0,,,,,,,,,,
917600,1532,GISKE,17123785,0,649.0,Annen museum/biblioteksbygning,RA,Rammetillatelse,20010618,10101,10101,32.0,,,57167348.0,Godøyvegen,7001.0,525.0,,,6055.0,GODØYA
917601,1532,GISKE,17123742,0,181.0,Garasjeuthus anneks til bolig,IG,Igangsettingstillatelse,20010330,20011015,10101,35.0,,,,,,,,,,
917602,1532,GISKE,17123750,0,151.0,Bo- og servicesenter,TB,Tatt i bruk,20010316,20021015,20021031,378.0,,,396602320.0,Skomakarvegen,1041.0,2.0,,,6050.0,VALDERØYA
917603,1532,GISKE,17121979,0,112.0,Enebolig m/hybel/sokkelleil.,TB,Tatt i bruk,19980714,19981201,19991228,280.0,,,407357123.0,Storebakken,4030.0,8.0,,,6040.0,VIGRA
917604,1532,GISKE,17123610,0,131.0,Rekkehus,TB,Tatt i bruk,20010130,20010322,20010706,81.0,,,415608609.0,Nordstrandfjørå,1084.0,56.0,,,6050.0,VALDERØYA
917605,1532,GISKE,17121987,0,136.0,Andre småhus m/3 boliger el fl,TB,Tatt i bruk,19980320,19980801,19991001,292.0,,,320963481.0,Halvardsrema,8515.0,21.0,A,,6052.0,GISKE
917606,1532,GISKE,17123629,0,181.0,Garasjeuthus anneks til bolig,TB,Tatt i bruk,20010131,20020215,20020301,28.0,,,,,,,,,,
917607,1532,GISKE,17121952,0,112.0,Enebolig m/hybel/sokkelleil.,TB,Tatt i bruk,19980717,19981201,20000904,293.0,,,315258573.0,Knutiteigen,8513.0,2.0,,,6052.0,GISKE
917608,1532,GISKE,17123599,0,131.0,Rekkehus,TB,Tatt i bruk,20010130,20010322,20010706,81.0,,,415606957.0,Nordstrandfjørå,1084.0,52.0,,,6050.0,VALDERØYA
917609,1532,GISKE,17121960,0,183.0,Naust båthus sjøbu,TB,Tatt i bruk,19980714,19981001,19981201,119.0,,,,,,,,,,
917610,1532,GISKE,17123602,0,131.0,Rekkehus,TB,Tatt i bruk,20010130,20010322,20010706,81.0,,,415606958.0,Nordstrandfjørå,1084.0,54.0,,,6050.0,VALDERØYA
917611,1532,GISKE,17122010,0,181.0,Garasjeuthus anneks til bolig,TB,Tatt i bruk,19980901,19981201,20060601,43.0,,,,,,,,,,
917612,1532,GISKE,17123653,0,121.0,"Tomannsbolig, vertikaldelt",TB,Tatt i bruk,20010131,20010920,20011220,146.0,,,315275896.0,Eirikteigen,8514.0,3.0,,,6052.0,GISKE
917613,1532,GISKE,17122029,0,111.0,Enebolig,TB,Tatt i bruk,19980910,19981201,19990704,183.0,,,408511984.0,Trollhaugane,1087.0,28.0,,,6050.0,VALDERØYA
917614,1532,GISKE,17123661,0,121.0,"Tomannsbolig, vertikaldelt",TB,Tatt i bruk,20010131,20010920,20011010,146.0,,,315275897.0,Eirikteigen,8514.0,5.0,,,6052.0,GISKE
917615,1532,GISKE,17122037,0,111.0,Enebolig,FA,Ferdigattest,19980909,19981201,19990930,144.0,,,355491517.0,Karenbrauta,1014.0,1.0,,,6050.0,VALDERØYA
917616,1532,GISKE,17121995,0,136.0,Andre småhus m/3 boliger el fl,TB,Tatt i bruk,19980320,19980801,19991001,292.0,,,320963485.0,Halvardsrema,8515.0,23.0,A,,6052.0,GISKE
917617,1532,GISKE,17123637,0,121.0,"Tomannsbolig, vertikaldelt",TB,Tatt i bruk,20010131,20010322,20011010,147.0,,,407323996.0,Demmevegen,4027.0,19.0,,,6040.0,VIGRA
917618,1532,GISKE,17122002,0,111.0,Enebolig,TB,Tatt i bruk,19980818,19981201,19990925,238.0,,,57167502.0,Leitet,7024.0,5.0,,,6055.0,GODØYA
917619,1532,GISKE,17123645,0,121.0,"Tomannsbolig, vertikaldelt",TB,Tatt i bruk,20010131,20010322,20011010,147.0,,,407323997.0,Demmevegen,4027.0,21.0,,,6040.0,VIGRA
917620,1532,GISKE,10283256,1,111.0,Enebolig,TB,Tatt i bruk,19930616,19940502,19941201,66.0,,,57164929.0,Raudesteinvegen,7037.0,3.0,,,6055.0,GODØYA
917621,1532,GISKE,10283264,0,111.0,Enebolig,TB,Tatt i bruk,19880606,19890523,19930715,319.0,,,57164850.0,Godøyvegen,7001.0,907.0,,,6055.0,GODØYA
917622,1532,GISKE,10283248,0,181.0,Garasjeuthus anneks til bolig,TB,Tatt i bruk,19880609,19901001,19901031,47.0,,,,,,,,,,
917623,1532,GISKE,10283256,0,111.0,Enebolig,TB,Tatt i bruk,19880615,19880630,19890831,239.0,,,57164929.0,Raudesteinvegen,7037.0,3.0,,,6055.0,GODØYA
917624,1532,GISKE,10283299,0,112.0,Enebolig m/hybel/sokkelleil.,TB,Tatt i bruk,19880629,19880809,19900528,330.0,,,392272161.0,Skarteigane,1066.0,3.0,,,6050.0,VALDERØYA
917625,1532,GISKE,10283302,0,181.0,Garasjeuthus anneks til bolig,TB,Tatt i bruk,19880629,19880829,19881230,38.0,,,,,,,,,,
917626,1532,GISKE,10283272,0,181.0,Garasjeuthus anneks til bolig,TB,Tatt i bruk,19880616,19880801,19880830,37.0,,,,,,,,,,
917627,1532,GISKE,10283280,0,181.0,Garasjeuthus anneks til bolig,TB,Tatt i bruk,19880622,19880829,19900301,50.0,,,57164489.0,Leitebakken,7025.0,10.0,,,6055.0,GODØYA
917628,1532,GISKE,10283213,0,112.0,Enebolig m/hybel/sokkelleil.,TB,Tatt i bruk,19880610,19880620,19890726,267.0,,,57164533.0,Leiteråsa,7026.0,3.0,,,6055.0,GODØYA
917629,1532,GISKE,10283221,0,181.0,Garasjeuthus anneks til bolig,TB,Tatt i bruk,19880611,19890314,19890428,35.0,,,,,,,,,,
917630,1532,GISKE,17119788,0,522.0,Vandre-/feriehjem,TB,Tatt i bruk,19951010,19960716,20001002,44.0,,,407953849.0,Postvegen,4001.0,44.0,,,6040.0,VIGRA
917631,1532,GISKE,17121464,0,111.0,Enebolig,TB,Tatt i bruk,19971212,19980501,19990115,119.0,,,430099056.0,Janteigen,4055.0,25.0,,,6040.0,VIGRA
917632,1532,GISKE,17119796,0,522.0,Vandre-/feriehjem,TB,Tatt i bruk,19951010,19960716,20001002,44.0,,,407950758.0,Postvegen,4001.0,42.0,,,6040.0,VIGRA
917633,1532,GISKE,17121472,0,181.0,Garasjeuthus anneks til bolig,TB,Tatt i bruk,19971212,19980501,19990115,20.0,,,,,,,,,,
917634,1532,GISKE,17119753,0,111.0,Enebolig,TB,Tatt i bruk,19951009,19960315,19960715,194.0,,,355491513.0,Skjongvika,1013.0,29.0,,,6050.0,VALDERØYA
917635,1532,GISKE,17121448,0,181.0,Garasjeuthus anneks til bolig,TB,Tatt i bruk,19971111,19980501,19990112,41.0,,,,,,,,,,
917636,1532,GISKE,17119761,0,216.0,Bygn.for vannfors.bla. pumpest,TB,Tatt i bruk,19951010,19960716,19970911,149.0,,,57167539.0,Alnesvegen,7032.0,4.0,,,6055.0,GODØYA
917637,1532,GISKE,17121456,0,111.0,Enebolig,TB,Tatt i bruk,19980107,19980915,19981113,136.0,,,415606954.0,Nordstrandfjørå,1084.0,46.0,,,6050.0,VALDERØYA
917638,1532,GISKE,17119834,0,522.0,Vandre-/feriehjem,TB,Tatt i bruk,19951010,10101,10101,140.0,,,407953850.0,Postvegen,4001.0,46.0,,,6040.0,VIGRA
917639,1532,GISKE,17119842,0,159.0,Annen bygning for bofellesskap,TB,Tatt i bruk,19951110,19951208,19961015,126.0,,,57167547.0,Øvstevegen,1000.0,39.0,,,6050.0,VALDERØYA
917640,1532,GISKE,17121502,0,249.0,Annen landbruksbygning,TB,Tatt i bruk,19980316,19980401,19981101,27.0,,,,,,,,,,
917641,1532,GISKE,17123203,0,248.0,Annen fiskeri- og fangstbygn.,TB,Tatt i bruk,20000727,20000803,20080130,27.0,,,,,,,,,,
917642,1532,GISKE,17119850,0,181.0,Garasjeuthus anneks til bolig,TB,Tatt i bruk,19951110,19951208,19961015,42.0,,,,,,,,,,
917643,1532,GISKE,17121510,0,181.0,Garasjeuthus anneks til bolig,TB,Tatt i bruk,19980316,19980901,20060215,83.0,,,,,,,,,,
917644,1532,GISKE,17123211,0,181.0,Garasjeuthus anneks til bolig,TB,Tatt i bruk,20000727,20010320,20011030,34.0,,,,,,,,,,
917645,1532,GISKE,17119818,0,522.0,Vandre-/feriehjem,TB,Tatt i bruk,19951010,19960716,20001002,44.0,,,407950757.0,Postvegen,4001.0,40.0,,,6040.0,VIGRA
917646,1532,GISKE,17121480,0,181.0,Garasjeuthus anneks til bolig,TB,Tatt i bruk,19980107,19980301,19981113,61.0,,,,,,,,,,
917647,1532,GISKE,17119826,0,522.0,Vandre-/feriehjem,TB,Tatt i bruk,19951010,19960716,20001002,44.0,,,407950756.0,Postvegen,4001.0,38.0,,,6040.0,VIGRA
917648,1532,GISKE,17121499,0,183.0,Naust båthus sjøbu,TB,Tatt i bruk,19980210,20030325,20030425,144.0,,,,,,,,,,
917649,1532,GISKE,17123181,0,181.0,Garasjeuthus anneks til bolig,TB,Tatt i bruk,20000727,20000804,20071121,44.0,,,320715594.0,Burmavegen,8523.0,18.0,,,6052.0,GISKE
917650,1532,GISKE,10286697,0,181.0,Garasjeuthus anneks til bolig,TB,Tatt i bruk,19930104,19930224,19931028,42.0,,,57164919.0,Raudesteinvegen,7037.0,2.0,,,6055.0,GODØYA
917651,1532,GISKE,17121367,0,181.0,Garasjeuthus anneks til bolig,TB,Tatt i bruk,19971014,19980801,19990301,62.0,,,,,,,,,,
917652,1532,GISKE,17119699,0,529.0,Annen bygning for overnatting,TB,Tatt i bruk,19950905,19960401,20040115,112.0,,,,,,,,,,
917653,1532,GISKE,10286719,0,612.0,Barnehage,TB,Tatt i bruk,19930216,19930222,19930430,415.0,,,372466600.0,Øvre Skjong,1021.0,2.0,,,6050.0,VALDERØYA
917654,1532,GISKE,17121375,0,111.0,Enebolig,TB,Tatt i bruk,19971009,19980313,19991210,266.0,,,355491514.0,Skjongvika,1013.0,31.0,,,6050.0,VALDERØYA
917655,1532,GISKE,17119702,0,181.0,Garasjeuthus anneks til bolig,TB,Tatt i bruk,19950901,19960301,19960326,47.0,,,,,,,,,,
917656,1532,GISKE,17119664,0,181.0,Garasjeuthus anneks til bolig,TB,Tatt i bruk,19950824,19961015,20090427,47.0,,,,,,,,,,
917657,1532,GISKE,10286670,0,181.0,Garasjeuthus anneks til bolig,TB,Tatt i bruk,19921210,19930401,19930430,39.0,,,,,,,,,,
917658,1532,GISKE,17121340,1,111.0,Enebolig,TB,Tatt i bruk,20050509,20050609,20050609,7.0,,,375078208.0,Skjongstranda,1019.0,47.0,,,6050.0,VALDERØYA
917659,1532,GISKE,17119672,0,181.0,Garasjeuthus anneks til bolig,TB,Tatt i bruk,19950924,19970418,19980114,45.0,,,,,,,,,,
917660,1532,GISKE,10286689,0,181.0,Garasjeuthus anneks til bolig,TB,Tatt i bruk,19930104,19940215,19971201,46.0,,,366044313.0,Karenhaugen,1015.0,18.0,,,6050.0,VALDERØYA
917661,1532,GISKE,17121359,0,113.0,Våningshus,TB,Tatt i bruk,19970902,19971201,19980605,116.0,,,411195330.0,Synesvegen,4003.0,770.0,,,6040.0,VIGRA
917662,1532,GISKE,17119680,0,181.0,Garasjeuthus anneks til bolig,TB,Tatt i bruk,19950905,19960716,19971201,29.0,,,,,,,,,,
917663,1532,GISKE,17121405,0,181.0,Garasjeuthus anneks til bolig,RA,Rammetillatelse,19971028,10101,10101,41.0,,,,,,,,,,
917664,1532,GISKE,17119737,0,181.0,Garasjeuthus anneks til bolig,RA,Rammetillatelse,19951005,10101,10101,47.0,,,,,,,,,,
917665,1532,GISKE,17121413,0,121.0,"Tomannsbolig, vertikaldelt",TB,Tatt i bruk,19971104,19980501,19981217,130.0,,,392311353.0,Øvre Skarteigane,1071.0,31.0,,,6050.0,VALDERØYA
917666,1532,GISKE,17121421,0,121.0,"Tomannsbolig, vertikaldelt",TB,Tatt i bruk,19971107,19980501,19981217,130.0,,,392311352.0,Øvre Skarteigane,1071.0,29.0,,,6050.0,VALDERØYA
917667,1532,GISKE,10286719,1,612.0,Barnehage,TB,Tatt i bruk,19940426,19940601,19940812,108.0,,,372466600.0,Øvre Skjong,1021.0,2.0,,,6050.0,VALDERØYA
917668,1532,GISKE,17121383,0,181.0,Garasjeuthus anneks til bolig,TB,Tatt i bruk,19971007,19980429,19981101,46.0,,,,,,,,,,
917669,1532,GISKE,17119710,0,999.0,,TB,Tatt i bruk,19950909,19951208,19960416,0.0,,,,,,,,,,
917670,1532,GISKE,17121391,0,111.0,Enebolig,TB,Tatt i bruk,19971028,19980501,20000802,202.0,,,408060434.0,Postvegen,4001.0,299.0,,,6040.0,VIGRA
917671,1532,GISKE,17119729,0,181.0,Garasjeuthus anneks til bolig,IG,Igangsettingstillatelse,19951004,19960716,10101,31.0,,,,,,,,,,
917672,1532,GISKE,17121294,0,111.0,Enebolig,BA,Bygging avlyst,19970819,10101,10101,136.0,,,,,,,,,,
917673,1532,GISKE,10286611,0,111.0,Enebolig,BR,Bygning revet/brent,10101,10101,10101,0.0,,,408098982.0,Postvegen,4001.0,76.0,,,6040.0,VIGRA
917674,1532,GISKE,17119605,0,244.0,Driftsb. fiske/fangst/oppdr,TB,Tatt i bruk,10101,10101,10101,290.0,,,,,,,,,,
917675,1532,GISKE,10286611,1,111.0,Enebolig,BR,Bygning revet/brent,19921110,19940601,19971201,14.0,,,408098982.0,Postvegen,4001.0,76.0,,,6040.0,VIGRA
917676,1532,GISKE,17119605,1,244.0,Driftsb. fiske/fangst/oppdr,IG,Igangsettingstillatelse,19950614,19950814,10101,754.0,,,408077337.0,Postvegen,4001.0,626.0,,,6040.0,VIGRA
917677,1532,GISKE,17121308,0,181.0,Garasjeuthus anneks til bolig,TB,Tatt i bruk,19970708,19970801,19971201,43.0,,,,,,,,,,
917678,1532,GISKE,17121251,0,111.0,Enebolig,TB,Tatt i bruk,19970117,19971201,19980518,225.0,,,322515612.0,Rishaugen,8528.0,2.0,,,6052.0,GISKE
917679,1532,GISKE,17119575,0,244.0,Driftsb. fiske/fangst/oppdr,TB,Tatt i bruk,10101,10101,10101,232.0,,,57168407.0,Postvegen,4001.0,613.0,,,6040.0,VIGRA
917680,1532,GISKE,10286573,0,181.0,Garasjeuthus anneks til bolig,TB,Tatt i bruk,19921020,19930715,19971201,36.0,,,413869289.0,Søre Oksneset,1067.0,37.0,,,6050.0,VALDERØYA
917681,1532,GISKE,17119583,0,112.0,Enebolig m/hybel/sokkelleil.,TB,Tatt i bruk,19950622,19950814,19961031,300.0,,,57167414.0,Godøyvegen,7001.0,250.0,,,6055.0,GODØYA
917682,1532,GISKE,17121278,0,121.0,"Tomannsbolig, vertikaldelt",BA,Bygging avlyst,19970819,10101,10101,272.0,,,,,,,,,,
917683,1532,GISKE,10286581,0,181.0,Garasjeuthus anneks til bolig,TB,Tatt i bruk,19921021,19930715,19931008,35.0,,,413869296.0,Oksneset,1085.0,8.0,,,6050.0,VALDERØYA
917684,1532,GISKE,17119591,0,181.0,Garasjeuthus anneks til bolig,TB,Tatt i bruk,19950622,19950703,19971201,18.0,,,407357128.0,Storebakken,4030.0,18.0,,,6040.0,VIGRA
917685,1532,GISKE,17121286,0,121.0,"Tomannsbolig, vertikaldelt",BA,Bygging avlyst,19970819,10101,10101,272.0,,,,,,,,,,
917686,1532,GISKE,17119648,0,181.0,Garasjeuthus anneks til bolig,TB,Tatt i bruk,19950703,19950707,19971201,36.0,,,315258575.0,Knutiteigen,8513.0,6.0,,,6052.0,GISKE
917687,1532,GISKE,10286654,0,249.0,Annen landbruksbygning,TB,Tatt i bruk,19921118,19921118,19930430,170.0,,,57163883.0,,,,,0.0,6040.0,VIGRA
917688,1532,GISKE,17121332,0,181.0,Garasjeuthus anneks til bolig,TB,Tatt i bruk,19971020,19971201,19981101,36.0,,,,,,,,,,
917689,1532,GISKE,17119656,0,112.0,Enebolig m/hybel/sokkelleil.,TB,Tatt i bruk,19950810,19960716,19971128,209.0,,,375078204.0,Skjongstranda,1019.0,39.0,,,6050.0,VALDERØYA
917690,1532,GISKE,10286654,1,249.0,Annen landbruksbygning,TB,Tatt i bruk,19980603,19981201,19990303,172.0,,,57163883.0,,,,,0.0,6040.0,VIGRA
917691,1532,GISKE,17121340,0,111.0,Enebolig,TB,Tatt i bruk,19971028,19971201,19981217,233.0,,,375078208.0,Skjongstranda,1019.0,47.0,,,6050.0,VALDERØYA
917692,1532,GISKE,17119613,0,112.0,Enebolig m/hybel/sokkelleil.,TB,Tatt i bruk,19950622,19950814,20011220,266.0,,,57167413.0,Nesbakken,7035.0,28.0,,,6055.0,GODØYA
917693,1532,GISKE,10286638,0,183.0,Naust båthus sjøbu,TB,Tatt i bruk,19921118,19980703,20001219,103.0,,,,,,,,,,
917694,1532,GISKE,17121316,0,111.0,Enebolig,TB,Tatt i bruk,19971029,19971201,19980514,145.0,,,315275892.0,Eirikteigen,8514.0,2.0,,,6052.0,GISKE
917695,1532,GISKE,17119621,0,181.0,Garasjeuthus anneks til bolig,TB,Tatt i bruk,19950629,19960416,19971201,50.0,,,398524326.0,Leitaskaret,1020.0,11.0,,,6050.0,VALDERØYA
917696,1532,GISKE,10286646,0,522.0,Vandre-/feriehjem,TB,Tatt i bruk,19921118,19930224,19930701,50.0,,,57164375.0,Kamsdalsvegen,7016.0,2.0,,,6055.0,GODØYA
917697,1532,GISKE,17121324,0,181.0,Garasjeuthus anneks til bolig,TB,Tatt i bruk,19971020,19971201,19980916,47.0,,,,,,,,,,
917698,1532,GISKE,17121197,0,181.0,Garasjeuthus anneks til bolig,TB,Tatt i bruk,19970618,19970701,19971201,34.0,,,354718284.0,Nilsgarden,1011.0,10.0,,,6050.0,VALDERØYA
917699,1532,GISKE,10286492,1,111.0,Enebolig,BU,Bygningsnummer utgått,19920901,19961201,19990301,5.0,,,,,,,,,,
917700,1532,GISKE,17119508,0,181.0,Garasjeuthus anneks til bolig,TB,Tatt i bruk,19950505,19950703,19971201,40.0,,,57164541.0,Leitebakken,7025.0,32.0,,,6055.0,GODØYA
917701,1532,GISKE,17121200,0,181.0,Garasjeuthus anneks til bolig,TB,Tatt i bruk,19970724,19970801,19971201,70.0,,,,,,,,,,
917702,1532,GISKE,10286506,0,181.0,Garasjeuthus anneks til bolig,TB,Tatt i bruk,19920901,19921102,19921208,37.0,,,,,,,,,,
917703,1532,GISKE,17119516,0,181.0,Garasjeuthus anneks til bolig,TB,Tatt i bruk,19950502,19950703,19951208,81.0,,,408389370.0,Knutivegen,1048.0,11.0,,,6050.0,VALDERØYA
917704,1532,GISKE,17121170,0,112.0,Enebolig m/hybel/sokkelleil.,TB,Tatt i bruk,19970711,19971201,19981005,260.0,,,407357120.0,Storebakken,4030.0,29.0,,,6040.0,VIGRA
917705,1532,GISKE,10286441,0,181.0,Garasjeuthus anneks til bolig,RA,Rammetillatelse,19920922,10101,10101,37.0,,,408371760.0,Reset,4038.0,16.0,,,6040.0,VIGRA
917706,1532,GISKE,17119486,0,181.0,Garasjeuthus anneks til bolig,TB,Tatt i bruk,19950502,19950703,19971201,42.0,,,57165939.0,Joteigen,1099.0,29.0,,,6050.0,VALDERØYA
917707,1532,GISKE,10286476,0,181.0,Garasjeuthus anneks til bolig,TB,Tatt i bruk,19920901,19940601,19940713,47.0,,,408515741.0,Trollhaugane,1087.0,58.0,,,6050.0,VALDERØYA
917708,1532,GISKE,17121189,0,669.0,Annet kulturhus,TB,Tatt i bruk,19970709,19971201,19991208,47.0,,,349702095.0,Ytterland,1006.0,13.0,,,6050.0,VALDERØYA
917709,1532,GISKE,17119494,0,181.0,Garasjeuthus anneks til bolig,TB,Tatt i bruk,19950502,19950703,19971201,50.0,,,,,,,,,,
917710,1532,GISKE,10286492,0,111.0,Enebolig,BR,Bygning revet/brent,10101,10101,10101,0.0,,,,,,,,,,
917711,1532,GISKE,17121235,0,136.0,Andre småhus m/3 boliger el fl,TB,Tatt i bruk,19970717,19971201,19980210,499.4,,,375099680.0,Skjongstranda,1019.0,72.0,,,6050.0,VALDERØYA
917712,1532,GISKE,10286530,0,181.0,Garasjeuthus anneks til bolig,BA,Bygging avlyst,19920901,10101,10101,37.0,,,408508428.0,Trollhaugane,1087.0,10.0,,,6050.0,VALDERØYA
917713,1532,GISKE,17119540,0,112.0,Enebolig m/hybel/sokkelleil.,TB,Tatt i bruk,10101,10101,10101,315.0,,,57164445.0,Godøyvegen,7001.0,177.0,,,6055.0,GODØYA
917714,1532,GISKE,17119559,0,181.0,Garasjeuthus anneks til bolig,TB,Tatt i bruk,19950531,19950703,19971201,20.0,,,,,,,,,,
917715,1532,GISKE,10286549,0,181.0,Garasjeuthus anneks til bolig,TB,Tatt i bruk,19921013,19980507,20090101,115.0,,,366044314.0,Karenhaugen,1015.0,20.0,,,6050.0,VALDERØYA
917716,1532,GISKE,17121243,0,111.0,Enebolig,TB,Tatt i bruk,19970715,19971201,19980611,187.0,,,372827072.0,Skjongskaret,1022.0,10.0,,,6050.0,VALDERØYA
917717,1532,GISKE,10286557,0,181.0,Garasjeuthus anneks til bolig,TB,Tatt i bruk,19921016,19930104,19930129,65.0,,,57164837.0,Storeteigane,7010.0,15.0,,,6055.0,GODØYA
917718,1532,GISKE,17119567,0,161.0,Fritidsbygg(hyttersommerh. ol,BU,Bygningsnummer utgått,10101,10101,10101,109.0,,,407654870.0,Molnesvegen,4005.0,421.0,,,6040.0,VIGRA
917719,1532,GISKE,17121219,0,181.0,Garasjeuthus anneks til bolig,TB,Tatt i bruk,19970716,19971201,19980213,45.0,,,,,,,,,,
917720,1532,GISKE,10286514,0,183.0,Naust båthus sjøbu,TB,Tatt i bruk,19921012,19971201,19981201,12.0,,,,,,,,,,
917721,1532,GISKE,17119524,0,181.0,Garasjeuthus anneks til bolig,IG,Igangsettingstillatelse,10101,20111116,10101,49.0,,,,,,,,,,
917722,1532,GISKE,17121227,0,181.0,Garasjeuthus anneks til bolig,TB,Tatt i bruk,19970627,19970801,19971201,33.0,,,,,,,,,,
917723,1532,GISKE,10286522,0,111.0,Enebolig,TB,Tatt i bruk,19921015,19930224,19931027,225.0,,,366044314.0,Karenhaugen,1015.0,20.0,,,6050.0,VALDERØYA
917724,1532,GISKE,17119532,0,111.0,Enebolig,TB,Tatt i bruk,19950502,19950703,19960124,143.0,,,318078781.0,Burmavegen,8523.0,3.0,,,6052.0,GISKE
917725,1532,GISKE,17121863,0,181.0,Garasjeuthus anneks til bolig,TB,Tatt i bruk,19980608,19991024,20080101,62.0,,,,,,,,,,
917726,1532,GISKE,17123521,0,111.0,Enebolig,MB,Midlertidig brukstillatelse,20001218,20020823,10101,243.0,,,430099057.0,Janteigen,4055.0,27.0,,,6040.0,VIGRA
917727,1532,GISKE,17121871,0,181.0,Garasjeuthus anneks til bolig,RA,Rammetillatelse,19980608,10101,10101,44.0,,,,,,,,,,
917728,1532,GISKE,17123548,0,112.0,Enebolig m/hybel/sokkelleil.,TB,Tatt i bruk,20010205,20010322,20030115,264.0,,,415605763.0,Nordstrandfjørå,1084.0,12.0,,,6050.0,VALDERØYA
917729,1532,GISKE,17121898,0,181.0,Garasjeuthus anneks til bolig,BA,Bygging avlyst,19980708,10101,10101,26.0,,,,,,,,,,
917730,1532,GISKE,17121839,0,181.0,Garasjeuthus anneks til bolig,RA,Rammetillatelse,19980623,10101,10101,20.0,,,,,,,,,,
917731,1532,GISKE,17123505,1,112.0,Enebolig m/hybel/sokkelleil.,TB,Tatt i bruk,20080103,20080103,20080801,44.0,,,57164537.0,Leiteråsa,7026.0,7.0,,,6055.0,GODØYA
917732,1532,GISKE,17121847,0,181.0,Garasjeuthus anneks til bolig,TB,Tatt i bruk,19980623,19990705,20000125,62.0,,,430105628.0,Borniteigen,4049.0,14.0,,,6040.0,VIGRA
917733,1532,GISKE,17123513,0,181.0,Garasjeuthus anneks til bolig,BA,Bygging avlyst,20001207,10101,10101,70.0,,,57164537.0,Leiteråsa,7026.0,7.0,,,6055.0,GODØYA
917734,1532,GISKE,17121936,0,111.0,Enebolig,TB,Tatt i bruk,19970714,19980901,19991012,304.0,,,322539201.0,Gjerdevegen,8532.0,73.0,,,6052.0,GISKE
917735,1532,GISKE,17123572,0,131.0,Rekkehus,TB,Tatt i bruk,20010122,20010516,20020101,147.0,,,387522717.0,Rokkevegen,1036.0,30.0,,,6050.0,VALDERØYA
917736,1532,GISKE,17121944,0,121.0,"Tomannsbolig, vertikaldelt",FA,Ferdigattest,19980715,19991129,20000217,121.0,,,387519056.0,Rokkevegen,1036.0,23.0,,,6050.0,VALDERØYA
917737,1532,GISKE,17123580,0,131.0,Rekkehus,MB,Midlertidig brukstillatelse,20010122,20010516,20010621,147.0,,,387522718.0,Rokkevegen,1036.0,32.0,,,6050.0,VALDERØYA
917738,1532,GISKE,17123556,0,131.0,Rekkehus,MB,Midlertidig brukstillatelse,20010122,20010516,20010827,147.0,,,387522715.0,Rokkevegen,1036.0,26.0,,,6050.0,VALDERØYA
917739,1532,GISKE,17121901,0,112.0,Enebolig m/hybel/sokkelleil.,FA,Ferdigattest,19980709,19981201,10101,356.0,,,403124897.0,Kolvikparken,1050.0,32.0,,,6050.0,VALDERØYA
917740,1532,GISKE,17123564,0,131.0,Rekkehus,MB,Midlertidig brukstillatelse,20010122,20010516,20010815,147.0,,,387522716.0,Rokkevegen,1036.0,28.0,,,6050.0,VALDERØYA
917741,1532,GISKE,17121928,0,181.0,Garasjeuthus anneks til bolig,TB,Tatt i bruk,19980714,20020823,20060101,80.0,,,,,,,,,,
917742,1532,GISKE,17121758,0,111.0,Enebolig,FA,Ferdigattest,19980420,20000215,10101,153.0,,,411343281.0,Romsdalsvegen,4056.0,82.0,,,6040.0,VIGRA
917743,1532,GISKE,17123440,0,121.0,"Tomannsbolig, vertikaldelt",TB,Tatt i bruk,20000915,20011015,20011227,58.0,,,57168071.0,Gøymyrane,7031.0,33.0,,,6055.0,GODØYA
917744,1532,GISKE,17121766,0,181.0,Garasjeuthus anneks til bolig,RA,Rammetillatelse,19980430,10101,10101,50.0,,,,,,,,,,
917745,1532,GISKE,17123459,0,121.0,"Tomannsbolig, vertikaldelt",TB,Tatt i bruk,20000915,20011015,20011227,58.0,,,57168070.0,Gøymyrane,7031.0,35.0,,,6055.0,GODØYA
917746,1532,GISKE,17121774,0,181.0,Garasjeuthus anneks til bolig,BA,Bygging avlyst,19980428,10101,10101,46.0,,,,,,,,,,
917747,1532,GISKE,17123424,0,121.0,"Tomannsbolig, vertikaldelt",TB,Tatt i bruk,20000915,20020315,20020424,58.0,,,57168073.0,Gøymyrane,7031.0,29.0,,,6055.0,GODØYA
917748,1532,GISKE,17121715,0,181.0,Garasjeuthus anneks til bolig,MF,Meldingssak tiltak fullført,10101,10101,10101,28.0,,,,,,,,,,
917749,1532,GISKE,17121723,0,181.0,Garasjeuthus anneks til bolig,TB,Tatt i bruk,19980511,10101,20081121,73.0,,,,,,,,,,
917750,1532,GISKE,17123432,0,121.0,"Tomannsbolig, vertikaldelt",TB,Tatt i bruk,20000915,20011015,20011227,56.0,,,57168072.0,Gøymyrane,7031.0,31.0,,,6055.0,GODØYA
917751,1532,GISKE,17121731,0,181.0,Garasjeuthus anneks til bolig,TB,Tatt i bruk,19980511,10101,19990101,49.0,,,,,,,,,,
917752,1532,GISKE,17121812,0,112.0,Enebolig m/hybel/sokkelleil.,TB,Tatt i bruk,19980702,19981101,19991221,278.0,,,396954503.0,Nedre Grødalsvegen,1078.0,27.0,,,6050.0,VALDERØYA
917753,1532,GISKE,17123491,0,181.0,Garasjeuthus anneks til bolig,TB,Tatt i bruk,20001207,20020315,20020404,46.0,,,,,,,,,,
917754,1532,GISKE,17121820,0,181.0,Garasjeuthus anneks til bolig,TB,Tatt i bruk,19980707,19980910,19990220,40.0,,,,,,,,,,
917755,1532,GISKE,17123505,0,112.0,Enebolig m/hybel/sokkelleil.,TB,Tatt i bruk,20001207,20010322,20030228,358.0,,,57164537.0,Leiteråsa,7026.0,7.0,,,6055.0,GODØYA
917756,1532,GISKE,17123467,0,121.0,"Tomannsbolig, vertikaldelt",TB,Tatt i bruk,20000915,20011015,20011227,56.0,,,57168052.0,Gøymyrane,7031.0,37.0,,,6055.0,GODØYA
917757,1532,GISKE,17121782,0,249.0,Annen landbruksbygning,RA,Rammetillatelse,19980608,10101,10101,171.0,,,,,,,,,,
917758,1532,GISKE,17121790,0,181.0,Garasjeuthus anneks til bolig,TB,Tatt i bruk,19980608,10101,20031010,50.0,,,57164915.0,Valkvævegen,7002.0,23.0,,,6055.0,GODØYA
917759,1532,GISKE,17123475,0,181.0,Garasjeuthus anneks til bolig,BA,Bygging avlyst,20001010,10101,10101,42.0,,,,,,,,,,
917760,1532,GISKE,17121804,0,181.0,Garasjeuthus anneks til bolig,TB,Tatt i bruk,19980625,19980901,19981101,36.0,,,,,,,,,,
917761,1532,GISKE,17123483,0,112.0,Enebolig m/hybel/sokkelleil.,TB,Tatt i bruk,20001207,20010914,20020404,344.0,,,408390916.0,Grytolmarka,1103.0,16.0,,,6050.0,VALDERØYA
917762,1532,GISKE,17123343,0,181.0,Garasjeuthus anneks til bolig,FA,Ferdigattest,20000825,20090126,20090326,45.0,,,,,,,,,,
917763,1532,GISKE,17121650,0,136.0,Andre småhus m/3 boliger el fl,TB,Tatt i bruk,19980210,19981001,19990701,296.0,,,396709369.0,Skomakarvegen,1041.0,3.0,,,6050.0,VALDERØYA
917764,1532,GISKE,17123351,0,619.0,Annen skolebygning,RA,Rammetillatelse,20000831,10101,10101,22.0,,,,,,,,,,
917765,1532,GISKE,17123378,0,111.0,Enebolig,TB,Tatt i bruk,20000913,20010326,20010815,243.0,,,408371761.0,Reset,4038.0,18.0,,,6040.0,VIGRA
917766,1532,GISKE,17121669,0,136.0,Andre småhus m/3 boliger el fl,TB,Tatt i bruk,19980210,19981001,19990701,208.0,,,396709374.0,Skomakarvegen,1041.0,13.0,,,6050.0,VALDERØYA
917767,1532,GISKE,17123327,0,151.0,Bo- og servicesenter,TB,Tatt i bruk,20000802,20000807,20001219,270.0,,,408378570.0,Reset,4038.0,7.0,,,6040.0,VIGRA
917768,1532,GISKE,17121634,0,111.0,Enebolig,TB,Tatt i bruk,19980330,19980901,19990720,177.0,,,355486498.0,Skjongvika,1013.0,23.0,,,6050.0,VALDERØYA
917769,1532,GISKE,17123335,0,181.0,Garasjeuthus anneks til bolig,TB,Tatt i bruk,20000802,20000807,20001219,34.0,,,,,,,,,,
917770,1532,GISKE,17121642,0,111.0,Enebolig,TB,Tatt i bruk,19980330,19980501,19990226,182.0,,,315275891.0,Knutiteigen,8513.0,7.0,,,6052.0,GISKE
917771,1532,GISKE,17123408,0,121.0,"Tomannsbolig, vertikaldelt",TB,Tatt i bruk,20000915,20011015,20020424,58.0,,,57168327.0,Gøymyrane,7031.0,25.0,,,6055.0,GODØYA
917772,1532,GISKE,17121693,0,121.0,"Tomannsbolig, vertikaldelt",TB,Tatt i bruk,19980402,19980801,19990119,256.0,,,57164532.0,Leiteråsa,7026.0,2.0,,,6055.0,GODØYA
917773,1532,GISKE,17123416,0,121.0,"Tomannsbolig, vertikaldelt",TB,Tatt i bruk,20000915,20011015,20020424,56.0,,,57168074.0,Gøymyrane,7031.0,27.0,,,6055.0,GODØYA
917774,1532,GISKE,17121707,0,181.0,Garasjeuthus anneks til bolig,TB,Tatt i bruk,19980512,19980701,19981101,45.0,,,,,,,,,,
917775,1532,GISKE,17123386,0,181.0,Garasjeuthus anneks til bolig,TB,Tatt i bruk,20000915,20001110,20010322,40.0,,,,,,,,,,
917776,1532,GISKE,17121677,0,136.0,Andre småhus m/3 boliger el fl,TB,Tatt i bruk,19980210,19981101,19990701,296.0,,,396672711.0,Skomakarvegen,1041.0,44.0,,,6050.0,VALDERØYA
917777,1532,GISKE,17123394,0,121.0,"Tomannsbolig, vertikaldelt",TB,Tatt i bruk,20000915,20011015,20020424,56.0,,,57168328.0,Gøymyrane,7031.0,23.0,,,6055.0,GODØYA
917778,1532,GISKE,17121685,0,136.0,Andre småhus m/3 boliger el fl,TB,Tatt i bruk,19980310,19981101,19990701,296.0,,,396672715.0,Skomakarvegen,1041.0,52.0,,,6050.0,VALDERØYA
917779,1532,GISKE,17119885,0,136.0,Andre småhus m/3 boliger el fl,TB,Tatt i bruk,19951110,19960301,19960709,260.0,,,403048172.0,Kolvikparken,1050.0,10.0,,,6050.0,VALDERØYA
917780,1532,GISKE,17121545,0,111.0,Enebolig,TB,Tatt i bruk,19980310,19980507,19990419,357.0,,,375078207.0,Skjongstranda,1019.0,45.0,,,6050.0,VALDERØYA
917781,1532,GISKE,17123262,0,999.0,,TB,Tatt i bruk,20000727,20000731,20000815,0.0,,,,,,,,,,
917782,1532,GISKE,17119893,0,121.0,"Tomannsbolig, vertikaldelt",TB,Tatt i bruk,19951110,19960301,19960709,65.0,,,392310771.0,Øvre Skarteigane,1071.0,15.0,,,6050.0,VALDERØYA
917783,1532,GISKE,17121553,0,112.0,Enebolig m/hybel/sokkelleil.,TB,Tatt i bruk,19980303,19980507,19990407,315.0,,,415605762.0,Nordstrandfjørå,1084.0,8.0,,,6050.0,VALDERØYA
917784,1532,GISKE,17123270,0,111.0,Enebolig,TB,Tatt i bruk,20000727,20011018,20011029,257.0,,,396518385.0,Gudmundvegen,1027.0,24.0,,,6050.0,VALDERØYA
917785,1532,GISKE,17119869,0,181.0,Garasjeuthus anneks til bolig,TB,Tatt i bruk,19951120,19991020,20020502,93.0,,,,,,,,,,
917786,1532,GISKE,17121529,0,112.0,Enebolig m/hybel/sokkelleil.,TB,Tatt i bruk,19980317,20000630,20011205,206.0,,,358660070.0,Skjongneset,1018.0,21.0,,,6050.0,VALDERØYA
917787,1532,GISKE,17123238,0,181.0,Garasjeuthus anneks til bolig,RA,Rammetillatelse,20000726,10101,10101,10.0,,,,,,,,,,
917788,1532,GISKE,17123246,0,181.0,Garasjeuthus anneks til bolig,RA,Rammetillatelse,20000727,10101,10101,24.0,,,402952592.0,Kolvikparken,1050.0,1.0,,,6050.0,VALDERØYA
917789,1532,GISKE,17119877,0,136.0,Andre småhus m/3 boliger el fl,TB,Tatt i bruk,19951110,19960301,19960709,260.0,,,402952598.0,Kolvikparken,1050.0,18.0,,,6050.0,VALDERØYA
917790,1532,GISKE,17121537,0,181.0,Garasjeuthus anneks til bolig,TB,Tatt i bruk,19980120,19980801,19980916,42.0,,,,,,,,,,
917791,1532,GISKE,17123254,0,999.0,,TB,Tatt i bruk,20000727,20000731,20000815,0.0,,,,,,,,,,
917792,1532,GISKE,17123300,0,181.0,Garasjeuthus anneks til bolig,TB,Tatt i bruk,20000727,20000727,20070101,44.0,,,,,,,,,,
917793,1532,GISKE,17119923,0,111.0,Enebolig,TB,Tatt i bruk,19951110,19960301,19960709,65.0,,,392310776.0,Øvre Skarteigane,1071.0,25.0,,,6050.0,VALDERØYA
917794,1532,GISKE,17121596,0,181.0,Garasjeuthus anneks til bolig,TB,Tatt i bruk,19980309,19990222,20000107,46.0,,,,,,,,,,
917795,1532,GISKE,17123319,0,151.0,Bo- og servicesenter,TB,Tatt i bruk,20000802,20000807,20001219,215.0,,,408378573.0,Reset,4038.0,13.0,,,6040.0,VIGRA
917796,1532,GISKE,17121626,0,669.0,Annet kulturhus,TB,Tatt i bruk,19971201,19980507,19981102,105.0,,,57167336.0,,,,,0.0,6052.0,GISKE
917797,1532,GISKE,17119907,0,121.0,"Tomannsbolig, vertikaldelt",TB,Tatt i bruk,19951110,19960301,19960709,65.0,,,392310772.0,Øvre Skarteigane,1071.0,17.0,,,6050.0,VALDERØYA
917798,1532,GISKE,17121561,0,181.0,Garasjeuthus anneks til bolig,TB,Tatt i bruk,19980216,19980501,19990712,35.0,,,,,,,,,,
917799,1532,GISKE,17123289,0,181.0,Garasjeuthus anneks til bolig,TB,Tatt i bruk,20000727,20011029,20080124,85.0,,,396518385.0,Gudmundvegen,1027.0,24.0,,,6050.0,VALDERØYA
917800,1532,GISKE,17119915,0,121.0,"Tomannsbolig, vertikaldelt",TB,Tatt i bruk,19951110,19960301,19960709,65.0,,,392310775.0,Øvre Skarteigane,1071.0,23.0,,,6050.0,VALDERØYA
917801,1532,GISKE,17121588,0,111.0,Enebolig,TB,Tatt i bruk,19980216,19980501,19990712,205.0,,,408371763.0,Reset,4038.0,22.0,,,6040.0,VIGRA
917802,1532,GISKE,17123297,0,181.0,Garasjeuthus anneks til bolig,BA,Bygging avlyst,20000727,10101,10101,66.0,,,,,,,,,,
917803,1532,GISKE,10284791,1,111.0,Enebolig,TB,Tatt i bruk,19891207,19901001,19941201,48.0,,,,,,,,,,
917804,1532,GISKE,17119044,0,181.0,Garasjeuthus anneks til bolig,IG,Igangsettingstillatelse,19940425,19941101,10101,66.0,,,,,,,,,,
917805,1532,GISKE,10286085,0,241.0,Hus for dyr/landbr.lager/silo,TB,Tatt i bruk,10101,10101,10101,471.0,,,,,,,,,,
917806,1532,GISKE,10284805,0,612.0,Barnehage,TB,Tatt i bruk,19900201,19900502,19900820,575.0,,,57164563.0,Sandmyrvegen,7023.0,2.0,,,6055.0,GODØYA
917807,1532,GISKE,17119052,0,181.0,Garasjeuthus anneks til bolig,TB,Tatt i bruk,10101,10101,10101,37.0,,,387525111.0,Rokkevegen,1036.0,42.0,,,6050.0,VALDERØYA
917808,1532,GISKE,10286085,1,241.0,Hus for dyr/landbr.lager/silo,TB,Tatt i bruk,19920303,19920401,19920630,16.0,,,,,,,,,,
917809,1532,GISKE,17119052,1,181.0,Garasjeuthus anneks til bolig,TB,Tatt i bruk,19940425,19941101,19971201,21.0,,,387525111.0,Rokkevegen,1036.0,42.0,,,6050.0,VALDERØYA
917810,1532,GISKE,10284783,1,241.0,Hus for dyr/landbr.lager/silo,BR,Bygning revet/brent,19891121,19891122,19910403,83.0,,,57165344.0,Øvregjerdet,1097.0,30.0,,,6050.0,VALDERØYA
917811,1532,GISKE,17119028,1,111.0,Enebolig,TB,Tatt i bruk,20040330,20040401,20041230,28.0,,,,,,,,,,
917812,1532,GISKE,10286050,0,181.0,Garasjeuthus anneks til bolig,TB,Tatt i bruk,19920128,19930701,19931028,36.0,,,354718280.0,Nilsgarden,1011.0,2.0,,,6050.0,VALDERØYA
917813,1532,GISKE,10284783,2,241.0,Hus for dyr/landbr.lager/silo,BR,Bygning revet/brent,20000727,10101,10101,55.0,,,57165344.0,Øvregjerdet,1097.0,30.0,,,6050.0,VALDERØYA
917814,1532,GISKE,17119036,0,113.0,Våningshus,TB,Tatt i bruk,19940411,19940502,19950428,141.0,,,411170601.0,Synesvegen,4003.0,206.0,,,6040.0,VIGRA
917815,1532,GISKE,10284791,0,111.0,Enebolig,TB,Tatt i bruk,10101,10101,10101,191.0,,,407285054.0,Fjellfoten,4028.0,20.0,,,6040.0,VIGRA
917816,1532,GISKE,10286077,0,111.0,Enebolig,TB,Tatt i bruk,19920303,19920401,19921106,181.0,,,407953854.0,Postvegen,4001.0,71.0,,,6040.0,VIGRA
917817,1532,GISKE,10286107,1,111.0,Enebolig,TB,Tatt i bruk,19920330,19921102,19921208,7.0,,,407323998.0,Aglasgjerdet,4026.0,1.0,,,6040.0,VIGRA
917818,1532,GISKE,17119079,0,112.0,Enebolig m/hybel/sokkelleil.,TB,Tatt i bruk,19940520,19940701,19950310,204.0,,,57164509.0,Leitebakken,7025.0,11.0,,,6055.0,GODØYA
917819,1532,GISKE,10284848,0,522.0,Vandre-/feriehjem,TB,Tatt i bruk,19900209,19900319,19900629,50.0,,,57164375.0,Kamsdalsvegen,7016.0,2.0,,,6055.0,GODØYA
917820,1532,GISKE,10286115,0,181.0,Garasjeuthus anneks til bolig,TB,Tatt i bruk,19920330,19920601,19921102,44.0,,,,,,,,,,
917821,1532,GISKE,17119087,0,181.0,Garasjeuthus anneks til bolig,TB,Tatt i bruk,19940524,19940712,19941201,44.0,,,355427066.0,Skjongvika,1013.0,22.0,,,6050.0,VALDERØYA
917822,1532,GISKE,10284856,0,111.0,Enebolig,TB,Tatt i bruk,10101,10101,10101,260.0,,,413900790.0,Oksneset,1085.0,26.0,,,6050.0,VALDERØYA
917823,1532,GISKE,10286093,0,111.0,Enebolig,TB,Tatt i bruk,10101,10101,10101,211.0,,,354759659.0,Nilsmyra,1012.0,11.0,,,6050.0,VALDERØYA
917824,1532,GISKE,17119060,0,121.0,"Tomannsbolig, vertikaldelt",TB,Tatt i bruk,19940506,19940601,19941201,87.0,,,57167378.0,Leitebø,7027.0,7.0,,,6055.0,GODØYA
917825,1532,GISKE,10284813,0,111.0,Enebolig,TB,Tatt i bruk,19900220,19900315,19901030,282.0,,,57164541.0,Leitebakken,7025.0,32.0,,,6055.0,GODØYA
917826,1532,GISKE,10286093,1,111.0,Enebolig,TB,Tatt i bruk,19920324,19920630,19971201,150.0,,,354759659.0,Nilsmyra,1012.0,11.0,,,6050.0,VALDERØYA
917827,1532,GISKE,17119060,1,121.0,"Tomannsbolig, vertikaldelt",TB,Tatt i bruk,19971120,19971201,19990301,26.0,,,57167378.0,Leitebø,7027.0,7.0,,,6055.0,GODØYA
917828,1532,GISKE,10284821,0,522.0,Vandre-/feriehjem,TB,Tatt i bruk,19900209,19900319,19900629,50.0,,,57164375.0,Kamsdalsvegen,7016.0,2.0,,,6055.0,GODØYA
917829,1532,GISKE,10286107,0,111.0,Enebolig,TB,Tatt i bruk,10101,10101,19780818,222.0,,,407323998.0,Aglasgjerdet,4026.0,1.0,,,6040.0,VIGRA
917830,1532,GISKE,10284732,0,181.0,Garasjeuthus anneks til bolig,TB,Tatt i bruk,19891020,19891020,19900301,30.0,,,57165840.0,Løkejohanvegen,1054.0,18.0,,,6050.0,VALDERØYA
917831,1532,GISKE,10285984,0,181.0,Garasjeuthus anneks til bolig,TB,Tatt i bruk,19920113,19920601,19920702,45.0,,,322515609.0,Rishaugen,8528.0,31.0,,,6052.0,GISKE
917832,1532,GISKE,17118978,0,231.0,Lagerhall,IG,Igangsettingstillatelse,19940322,19940518,10101,551.0,,,57167020.0,Klippevegen,1090.0,1.0,,,6050.0,VALDERØYA
917833,1532,GISKE,10284740,0,181.0,Garasjeuthus anneks til bolig,TB,Tatt i bruk,19891005,19891005,19900131,45.0,,,,,,,,,,
917834,1532,GISKE,10285992,0,121.0,"Tomannsbolig, vertikaldelt",TB,Tatt i bruk,19920110,19920203,19921123,524.0,,,407824135.0,Tevegen,4017.0,17.0,,,6040.0,VIGRA
917835,1532,GISKE,17118986,0,111.0,Enebolig,TB,Tatt i bruk,10101,10101,10101,157.0,,,57165356.0,Grovenbakken,1102.0,10.0,,,6050.0,VALDERØYA
917836,1532,GISKE,10284716,0,111.0,Enebolig,TB,Tatt i bruk,19891027,19891031,19901218,284.0,,,309335097.0,Hølevegen,8511.0,21.0,,,6052.0,GISKE
917837,1532,GISKE,17118943,0,111.0,Enebolig,TB,Tatt i bruk,10101,10101,10101,189.0,,,57165831.0,Nesgjerdet,1058.0,2.0,,,6050.0,VALDERØYA
917838,1532,GISKE,10285976,0,112.0,Enebolig m/hybel/sokkelleil.,TB,Tatt i bruk,10101,10101,10101,195.0,,,57164914.0,Nesbakken,7035.0,10.0,,,6055.0,GODØYA
917839,1532,GISKE,17118943,1,111.0,Enebolig,TB,Tatt i bruk,19940322,19940531,19941201,15.0,,,57165831.0,Nesgjerdet,1058.0,2.0,,,6050.0,VALDERØYA
917840,1532,GISKE,10284724,0,181.0,Garasjeuthus anneks til bolig,TB,Tatt i bruk,19891016,19891016,19900301,52.0,,,407285051.0,Fjellfoten,4028.0,12.0,,,6040.0,VIGRA
917841,1532,GISKE,10285976,1,112.0,Enebolig m/hybel/sokkelleil.,TB,Tatt i bruk,19920110,19920601,19920630,10.0,,,57164914.0,Nesbakken,7035.0,10.0,,,6055.0,GODØYA
917842,1532,GISKE,17118951,0,112.0,Enebolig m/hybel/sokkelleil.,TB,Tatt i bruk,19940325,19940518,19950216,346.0,,,330029735.0,Gjerdevegen,8532.0,15.0,,,6052.0,GISKE
917843,1532,GISKE,10284775,0,111.0,Enebolig,TB,Tatt i bruk,10101,10101,10101,301.0,,,408519510.0,Sommarsgjerdevegen,1086.0,2.0,,,6050.0,VALDERØYA
917844,1532,GISKE,10286034,0,112.0,Enebolig m/hybel/sokkelleil.,TB,Tatt i bruk,19920203,19920224,19921019,206.0,,,57164539.0,Leitebakken,7025.0,30.0,,,6055.0,GODØYA
917845,1532,GISKE,10284775,1,111.0,Enebolig,TB,Tatt i bruk,19891120,19891229,19901001,114.0,,,,,,,,,,
917846,1532,GISKE,17119001,0,183.0,Naust båthus sjøbu,TB,Tatt i bruk,19940405,19940502,20060601,18.0,,,57167336.0,,,,,0.0,6052.0,GISKE
917847,1532,GISKE,10286042,0,111.0,Enebolig,IG,Igangsettingstillatelse,10101,10101,10101,192.0,,,315285521.0,Brautlibrauta,8516.0,2.0,,,6052.0,GISKE
917848,1532,GISKE,17119028,0,111.0,Enebolig,TB,Tatt i bruk,19940411,19940502,20050308,200.0,,,430105628.0,Borniteigen,4049.0,14.0,,,6040.0,VIGRA
917849,1532,GISKE,10284783,0,241.0,Hus for dyr/landbr.lager/silo,BR,Bygning revet/brent,10101,10101,10101,308.0,,,57165344.0,Øvregjerdet,1097.0,30.0,,,6050.0,VALDERØYA
917850,1532,GISKE,10286042,1,111.0,Enebolig,TB,Tatt i bruk,19920210,19920401,19920430,10.0,,,315285521.0,Brautlibrauta,8516.0,2.0,,,6052.0,GISKE
917851,1532,GISKE,10284759,0,181.0,Garasjeuthus anneks til bolig,TB,Tatt i bruk,19891009,19891009,19900301,44.0,,,397103120.0,Kolåsbakken,1083.0,38.0,,,6050.0,VALDERØYA
917852,1532,GISKE,10286018,0,181.0,Garasjeuthus anneks til bolig,TB,Tatt i bruk,19920127,19920401,19920601,72.0,,,,,,,,,,
917853,1532,GISKE,17118986,1,111.0,Enebolig,TB,Tatt i bruk,19940328,19940502,19971201,55.0,,,57165356.0,Grovenbakken,1102.0,10.0,,,6050.0,VALDERØYA
917854,1532,GISKE,10284767,0,181.0,Garasjeuthus anneks til bolig,TB,Tatt i bruk,19891031,19901001,19911101,66.0,,,407950752.0,Postvegen,4001.0,24.0,,,6040.0,VIGRA
917855,1532,GISKE,10286026,0,181.0,Garasjeuthus anneks til bolig,TB,Tatt i bruk,19920203,19920601,19921130,33.0,,,,,,,,,,
917856,1532,GISKE,17118994,0,239.0,Annen lagerbygning,TB,Tatt i bruk,10101,10101,10101,104.0,,,413509173.0,Glopvegen,1074.0,3.0,,,6050.0,VALDERØYA
917857,1532,GISKE,17118994,1,239.0,Annen lagerbygning,TB,Tatt i bruk,19940328,19940502,19940630,92.0,,,413509173.0,Glopvegen,1074.0,3.0,,,6050.0,VALDERØYA
917858,1532,GISKE,10284651,0,183.0,Naust båthus sjøbu,TB,Tatt i bruk,19890906,19891031,19971201,40.0,,,,,,,,,,
917859,1532,GISKE,10285925,0,111.0,Enebolig,TB,Tatt i bruk,19911030,19920203,19920424,232.0,,,408511980.0,Trollhaugane,1087.0,20.0,,,6050.0,VALDERØYA
917860,1532,GISKE,10284651,1,183.0,Naust båthus sjøbu,TB,Tatt i bruk,19891020,19891031,19971201,37.0,,,,,,,,,,
917861,1532,GISKE,10285925,1,111.0,Enebolig,RA,Rammetillatelse,19990216,10101,10101,21.0,,,408511980.0,Trollhaugane,1087.0,20.0,,,6050.0,VALDERØYA
917862,1532,GISKE,10285933,0,136.0,Andre småhus m/3 boliger el fl,TB,Tatt i bruk,19911107,19920401,19920603,356.0,,,366025616.0,Karenhaugen,1015.0,19.0,,,6050.0,VALDERØYA
917863,1532,GISKE,10284635,1,219.0,Annen industribygning,TB,Tatt i bruk,19890926,19891031,19900301,66.0,,,415612444.0,Nordstrandfjørå,1084.0,93.0,,,6050.0,VALDERØYA
917864,1532,GISKE,10285909,0,111.0,Enebolig,TB,Tatt i bruk,19750611,10101,10101,174.0,,,57164498.0,Leitebakken,7025.0,6.0,,,6055.0,GODØYA
917865,1532,GISKE,10284643,0,181.0,Garasjeuthus anneks til bolig,TB,Tatt i bruk,19890921,19891031,19900301,44.0,,,372828921.0,Skjongskaret,1022.0,32.0,,,6050.0,VALDERØYA
917866,1532,GISKE,10285909,1,111.0,Enebolig,TB,Tatt i bruk,19911015,19911201,19920430,5.0,,,57164498.0,Leitebakken,7025.0,6.0,,,6055.0,GODØYA
917867,1532,GISKE,10284694,0,111.0,Enebolig,TB,Tatt i bruk,19891020,19891031,19900706,79.0,,,430100761.0,Borniteigen,4049.0,1.0,,,6040.0,VIGRA
917868,1532,GISKE,10285941,2,311.0,Kontor- og adm.bygning rådhus,TB,Tatt i bruk,19970128,19970301,19990204,83.0,,,400104742.0,Valderhaug,1068.0,4.0,,,6050.0,VALDERØYA
917869,1532,GISKE,10284708,0,112.0,Enebolig m/hybel/sokkelleil.,TB,Tatt i bruk,19891031,19891102,19900712,278.0,,,375080361.0,Skjongstranda,1019.0,36.0,,,6050.0,VALDERØYA
917870,1532,GISKE,10285968,0,111.0,Enebolig,TB,Tatt i bruk,10101,10101,10101,133.0,,,323434471.0,Staurneset,8529.0,27.0,,,6052.0,GISKE
917871,1532,GISKE,17118935,0,183.0,Naust båthus sjøbu,TB,Tatt i bruk,19940315,19940502,19941201,31.0,,,57164384.0,Godøyvegen,7001.0,645.0,,,6055.0,GODØYA
917872,1532,GISKE,10285968,1,111.0,Enebolig,TB,Tatt i bruk,19920103,19920104,19920107,13.0,,,323434471.0,Staurneset,8529.0,27.0,,,6052.0,GISKE
917873,1532,GISKE,10284678,0,111.0,Enebolig,TB,Tatt i bruk,19891031,19900801,19901029,198.0,,,351158340.0,Ytterlandsvika,1003.0,26.0,,,6050.0,VALDERØYA
917874,1532,GISKE,10285941,0,311.0,Kontor- og adm.bygning rådhus,TB,Tatt i bruk,10101,10101,10101,2642.0,,,400104742.0,Valderhaug,1068.0,4.0,,,6050.0,VALDERØYA
917875,1532,GISKE,10284686,0,111.0,Enebolig,TB,Tatt i bruk,19891027,19891208,19900706,199.0,,,430096253.0,Tindeteigen,4064.0,3.0,,,6040.0,VIGRA
917876,1532,GISKE,10285941,1,311.0,Kontor- og adm.bygning rådhus,TB,Tatt i bruk,19911210,19930201,19931221,1326.0,,,400104742.0,Valderhaug,1068.0,4.0,,,6050.0,VALDERØYA
917877,1532,GISKE,10284589,1,113.0,Våningshus,TB,Tatt i bruk,19890822,19890831,19900301,46.0,,,411188634.0,Synesvegen,4003.0,722.0,,,6040.0,VIGRA
917878,1532,GISKE,10283183,0,111.0,Enebolig,TB,Tatt i bruk,10101,10101,10101,193.5,,,,,,,,,,
917879,1532,GISKE,10283183,1,111.0,Enebolig,RA,Rammetillatelse,19880606,10101,10101,238.0,,,,,,,,,,
917880,1532,GISKE,10285852,0,181.0,Garasjeuthus anneks til bolig,TB,Tatt i bruk,19911001,19911007,19920630,24.0,,,,,,,,,,
917881,1532,GISKE,10284597,0,181.0,Garasjeuthus anneks til bolig,TB,Tatt i bruk,19890912,19891031,19900216,46.0,,,57164523.0,Godøyvegen,7001.0,306.0,,,6055.0,GODØYA
917882,1532,GISKE,10283191,0,181.0,Garasjeuthus anneks til bolig,TB,Tatt i bruk,19880606,10101,19980512,24.0,,,,,,,,,,
917883,1532,GISKE,10285860,0,181.0,Garasjeuthus anneks til bolig,TB,Tatt i bruk,19911001,19911010,19920601,31.0,,,,,,,,,,
917884,1532,GISKE,10285836,1,111.0,Enebolig,TB,Tatt i bruk,19911001,19911201,19920630,23.0,,,354727580.0,Nilsgarden,1011.0,7.0,,,6050.0,VALDERØYA
917885,1532,GISKE,10283167,0,181.0,Garasjeuthus anneks til bolig,TB,Tatt i bruk,19880615,19880630,19971201,47.0,,,,,,,,,,
917886,1532,GISKE,10284570,0,181.0,Garasjeuthus anneks til bolig,TB,Tatt i bruk,19890801,19890804,19900301,51.0,,,,,,,,,,
917887,1532,GISKE,10285836,2,111.0,Enebolig,TB,Tatt i bruk,20030219,10101,10101,15.0,,,354727580.0,Nilsgarden,1011.0,7.0,,,6050.0,VALDERØYA
917888,1532,GISKE,10283175,0,112.0,Enebolig m/hybel/sokkelleil.,TB,Tatt i bruk,19880525,19890428,19891215,276.0,,,379197068.0,Løkegarden,1033.0,1.0,,,6050.0,VALDERØYA
917889,1532,GISKE,10284589,0,113.0,Våningshus,TB,Tatt i bruk,10101,10101,10101,225.0,,,411188633.0,Synesvegen,4003.0,701.0,,,6040.0,VIGRA
917890,1532,GISKE,10285844,0,181.0,Garasjeuthus anneks til bolig,TB,Tatt i bruk,19911001,19920630,19971201,17.0,,,,,,,,,,
917891,1532,GISKE,10285887,1,113.0,Våningshus,TB,Tatt i bruk,19911001,19931001,19931104,11.0,,,57163839.0,Rørvikvegen,4032.0,29.0,,,6040.0,VIGRA
917892,1532,GISKE,10284627,0,181.0,Garasjeuthus anneks til bolig,TB,Tatt i bruk,19890925,19891031,19900301,105.0,,,411170606.0,Synesvegen,4003.0,250.0,,,6040.0,VIGRA
917893,1532,GISKE,10285895,0,181.0,Garasjeuthus anneks til bolig,TB,Tatt i bruk,19911015,19920401,19920601,69.0,,,,,,,,,,
917894,1532,GISKE,10284635,0,219.0,Annen industribygning,TB,Tatt i bruk,10101,10101,10101,1542.0,,,415612444.0,Nordstrandfjørå,1084.0,93.0,,,6050.0,VALDERØYA
917895,1532,GISKE,10283205,0,111.0,Enebolig,TB,Tatt i bruk,19880606,19880620,19890227,300.0,,,57164535.0,Leiteråsa,7026.0,5.0,,,6055.0,GODØYA
917896,1532,GISKE,10284600,0,111.0,Enebolig,TB,Tatt i bruk,19890907,19891031,19901221,200.0,,,408515739.0,Trollhaugane,1087.0,52.0,,,6050.0,VALDERØYA
917897,1532,GISKE,10285879,0,181.0,Garasjeuthus anneks til bolig,TB,Tatt i bruk,19911001,19911001,19930129,5.0,,,,,,,,,,
917898,1532,GISKE,10284619,0,111.0,Enebolig,TB,Tatt i bruk,10101,10101,10101,248.0,,,397083850.0,Simabakken,1081.0,5.0,,,6050.0,VALDERØYA
917899,1532,GISKE,10284619,1,111.0,Enebolig,TB,Tatt i bruk,19890921,19891031,19900320,50.0,,,,,,,,,,
917900,1532,GISKE,10285887,0,113.0,Våningshus,TB,Tatt i bruk,10101,10101,10101,215.0,,,57163839.0,Rørvikvegen,4032.0,29.0,,,6040.0,VIGRA
917901,1532,GISKE,10286395,0,111.0,Enebolig,TB,Tatt i bruk,10101,10101,10101,270.0,,,372828925.0,Skjongskaret,1022.0,3.0,,,6050.0,VALDERØYA
917902,1532,GISKE,17119400,0,181.0,Garasjeuthus anneks til bolig,TB,Tatt i bruk,19941221,19950703,19950814,42.0,,,430098334.0,Janteigen,4055.0,3.0,,,6040.0,VIGRA
917903,1532,GISKE,17121103,0,181.0,Garasjeuthus anneks til bolig,TB,Tatt i bruk,19970616,19970701,19971201,34.0,,,,,,,,,,
917904,1532,GISKE,10286395,1,111.0,Enebolig,TB,Tatt i bruk,19920901,19921102,19921208,70.0,,,372828925.0,Skjongskaret,1022.0,3.0,,,6050.0,VALDERØYA
917905,1532,GISKE,17119419,0,219.0,Annen industribygning,BR,Bygning revet/brent,19950320,19950703,19971201,81.0,,,57167480.0,Valderøyvegen,1002.0,1166.0,,,6050.0,VALDERØYA
917906,1532,GISKE,17121111,0,181.0,Garasjeuthus anneks til bolig,TB,Tatt i bruk,19970619,19970701,19971201,7.0,,,,,,,,,,
917907,1532,GISKE,10286395,2,111.0,Enebolig,RA,Rammetillatelse,20001006,10101,10101,8.0,,,372828925.0,Skjongskaret,1022.0,3.0,,,6050.0,VALDERØYA
917908,1532,GISKE,17119389,0,181.0,Garasjeuthus anneks til bolig,TB,Tatt i bruk,19941117,10101,20070101,35.0,,,320949890.0,Sperravegen,8522.0,64.0,,,6052.0,GISKE
917909,1532,GISKE,10286379,0,181.0,Garasjeuthus anneks til bolig,TB,Tatt i bruk,19920918,19921102,19921130,45.0,,,309335089.0,Hølevegen,8511.0,3.0,,,6052.0,GISKE
917910,1532,GISKE,17121073,0,112.0,Enebolig m/hybel/sokkelleil.,TB,Tatt i bruk,19970610,19971201,19981021,269.0,,,408378574.0,Reset,4038.0,15.0,,,6040.0,VIGRA
917911,1532,GISKE,17119397,0,111.0,Enebolig,TB,Tatt i bruk,19941206,19950703,19960507,212.0,,,57167389.0,Paulsneset,7014.0,22.0,,,6055.0,GODØYA
917912,1532,GISKE,10286387,0,111.0,Enebolig,TB,Tatt i bruk,19920901,19921102,19930414,127.0,,,408508428.0,Trollhaugane,1087.0,10.0,,,6050.0,VALDERØYA
917913,1532,GISKE,17121081,0,111.0,Enebolig,TB,Tatt i bruk,19970619,19971210,19980213,183.0,,,349739820.0,Leitagarden,1009.0,3.0,,,6050.0,VALDERØYA
917914,1532,GISKE,17119443,0,111.0,Enebolig,TB,Tatt i bruk,19950424,19950703,19960510,248.0,,,57167412.0,Roslateigen,1098.0,4.0,,,6050.0,VALDERØYA
917915,1532,GISKE,10286425,0,181.0,Garasjeuthus anneks til bolig,TB,Tatt i bruk,19920901,19921102,19930129,43.0,,,,,,,,,,
917916,1532,GISKE,17121154,0,181.0,Garasjeuthus anneks til bolig,BA,Bygging avlyst,19970619,10101,10101,82.0,,,,,,,,,,
917917,1532,GISKE,17119451,0,216.0,Bygn.for vannfors.bla. pumpest,RA,Rammetillatelse,19950524,10101,10101,177.0,,,411612881.0,Gatå,4036.0,41.0,,,6040.0,VIGRA
917918,1532,GISKE,17121162,0,181.0,Garasjeuthus anneks til bolig,TB,Tatt i bruk,19970618,19990722,19991203,69.0,,,57167396.0,Rørvikvegen,4032.0,37.0,,,6040.0,VIGRA
917919,1532,GISKE,10286433,0,111.0,Enebolig,TB,Tatt i bruk,19920922,19930415,19940530,250.0,,,408371760.0,Reset,4038.0,16.0,,,6040.0,VIGRA
917920,1532,GISKE,17119478,0,111.0,Enebolig,TB,Tatt i bruk,19950424,19960401,19961205,189.0,,,57166966.0,Jussbakken,7008.0,47.0,,,6055.0,GODØYA
917921,1532,GISKE,10286409,0,181.0,Garasjeuthus anneks til bolig,TB,Tatt i bruk,19930619,19930715,19931028,50.0,,,,,,,,,,
917922,1532,GISKE,17119427,0,111.0,Enebolig,IG,Igangsettingstillatelse,19950330,19950515,10101,120.0,,,57167396.0,Rørvikvegen,4032.0,37.0,,,6040.0,VIGRA
917923,1532,GISKE,17121138,0,181.0,Garasjeuthus anneks til bolig,TB,Tatt i bruk,19970618,19970701,19971201,35.0,,,403164318.0,Valderøyvegen,1002.0,363.0,,,6050.0,VALDERØYA
917924,1532,GISKE,17119435,0,111.0,Enebolig,TB,Tatt i bruk,19950328,19950703,19971022,263.0,,,397478056.0,Bakkevegen,1042.0,13.0,,,6050.0,VALDERØYA
917925,1532,GISKE,10286417,0,181.0,Garasjeuthus anneks til bolig,TB,Tatt i bruk,19920901,19950703,19950814,46.0,,,57164871.0,Alnesvegen,7032.0,34.0,,,6055.0,GODØYA
917926,1532,GISKE,17121146,0,181.0,Garasjeuthus anneks til bolig,TB,Tatt i bruk,19970618,19970701,19971201,36.0,,,,,,,,,,
917927,1532,GISKE,17119303,0,181.0,Garasjeuthus anneks til bolig,TB,Tatt i bruk,19940824,19960716,19971201,69.0,,,,,,,,,,
917928,1532,GISKE,17121014,0,181.0,Garasjeuthus anneks til bolig,TB,Tatt i bruk,19970429,19980501,19990401,81.0,,,,,,,,,,
917929,1532,GISKE,10286328,0,111.0,Enebolig,TB,Tatt i bruk,10101,10101,10101,377.0,,,396729712.0,Øvre Nordstranda,1072.0,4.0,,,6050.0,VALDERØYA
917930,1532,GISKE,17119311,0,181.0,Garasjeuthus anneks til bolig,RA,Rammetillatelse,19940912,10101,10101,32.0,,,396951263.0,Nedre Grødalsvegen,1078.0,3.0,,,6050.0,VALDERØYA
917931,1532,GISKE,10286328,1,111.0,Enebolig,TB,Tatt i bruk,19920604,19920606,19920630,36.0,,,,,,,,,,
917932,1532,GISKE,17121022,0,181.0,Garasjeuthus anneks til bolig,TB,Tatt i bruk,19970429,19971201,20100101,61.0,,,,,,,,,,
917933,1532,GISKE,17119338,0,111.0,Enebolig,TB,Tatt i bruk,19940927,19950703,19951214,168.0,,,430098335.0,Janteigen,4055.0,5.0,,,6040.0,VIGRA
917934,1532,GISKE,17119273,0,181.0,Garasjeuthus anneks til bolig,TB,Tatt i bruk,19940802,19940815,19971201,29.0,,,354829312.0,Skjongvika,1013.0,12.0,,,6050.0,VALDERØYA
917935,1532,GISKE,17120999,0,112.0,Enebolig m/hybel/sokkelleil.,TB,Tatt i bruk,19970423,19971201,19980422,266.0,,,57167420.0,Roslateigen,1098.0,2.0,,,6050.0,VALDERØYA
917936,1532,GISKE,10286298,0,181.0,Garasjeuthus anneks til bolig,TB,Tatt i bruk,19920526,19920630,19920702,11.0,,,,,,,,,,
917937,1532,GISKE,17119281,0,181.0,Garasjeuthus anneks til bolig,TB,Tatt i bruk,19940824,19940831,20080101,50.0,,,,,,,,,,
917938,1532,GISKE,17121006,0,181.0,Garasjeuthus anneks til bolig,IG,Igangsettingstillatelse,19970429,19971201,10101,45.0,,,,,,,,,,
917939,1532,GISKE,10286301,0,241.0,Hus for dyr/landbr.lager/silo,TB,Tatt i bruk,19920629,19921102,19941201,141.0,,,,,,,,,,
917940,1532,GISKE,17119362,0,999.0,,TB,Tatt i bruk,19941021,19950701,19950810,0.0,,,57166413.0,,,,,0.0,6050.0,VALDERØYA
917941,1532,GISKE,10286344,1,111.0,Enebolig,TB,Tatt i bruk,19920714,19930701,19930715,87.0,,,401875596.0,Rønnebergbakkane,1064.0,36.0,,,6050.0,VALDERØYA
917942,1532,GISKE,17121057,0,111.0,Enebolig,TB,Tatt i bruk,19970420,10101,19971128,257.0,,,57167528.0,Øvregatå,4019.0,105.0,,,6040.0,VIGRA
917943,1532,GISKE,17119370,0,183.0,Naust båthus sjøbu,BU,Bygningsnummer utgått,19941207,19941211,19960101,88.0,,,,,,,,,,
917944,1532,GISKE,10286360,0,181.0,Garasjeuthus anneks til bolig,BR,Bygning revet/brent,19920805,19921102,19921130,52.0,,,396747849.0,Øvre Nordstranda,1072.0,26.0,,,6050.0,VALDERØYA
917945,1532,GISKE,17121065,0,181.0,Garasjeuthus anneks til bolig,TB,Tatt i bruk,19950618,19971201,20070101,39.0,,,315275893.0,Eirikteigen,8514.0,6.0,,,6052.0,GISKE
917946,1532,GISKE,10286336,0,111.0,Enebolig,TB,Tatt i bruk,10101,10101,10101,205.0,,,408511986.0,Trollhaugane,1087.0,38.0,,,6050.0,VALDERØYA
917947,1532,GISKE,17119346,0,181.0,Garasjeuthus anneks til bolig,IG,Igangsettingstillatelse,19941011,20130923,10101,48.0,,,,,,,,,,
917948,1532,GISKE,10286336,1,111.0,Enebolig,TB,Tatt i bruk,19920603,19920606,19920630,24.0,,,408511986.0,Trollhaugane,1087.0,38.0,,,6050.0,VALDERØYA
917949,1532,GISKE,17121030,0,111.0,Enebolig,TB,Tatt i bruk,19970422,19971201,19980327,198.0,,,57167533.0,Nesgjerdet,1058.0,1.0,,,6050.0,VALDERØYA
917950,1532,GISKE,17119354,0,183.0,Naust båthus sjøbu,TB,Tatt i bruk,19941011,19941101,19971201,55.0,,,,,,,,,,
917951,1532,GISKE,10286344,0,111.0,Enebolig,TB,Tatt i bruk,10101,10101,10101,237.0,,,401875596.0,Rønnebergbakkane,1064.0,36.0,,,6050.0,VALDERØYA
917952,1532,GISKE,17121049,0,181.0,Garasjeuthus anneks til bolig,TB,Tatt i bruk,19970429,19971201,19981201,58.0,,,407973425.0,Postvegen,4001.0,121.0,,,6040.0,VIGRA
917953,1532,GISKE,10284929,2,219.0,Annen industribygning,BR,Bygning revet/brent,19960708,19960801,19970401,49.0,,,,,,,,,,
917954,1532,GISKE,10286220,0,181.0,Garasjeuthus anneks til bolig,TB,Tatt i bruk,19920514,19920603,19921130,58.0,,,,,,,,,,
917955,1532,GISKE,17119214,0,183.0,Naust båthus sjøbu,TB,Tatt i bruk,19940616,19940627,19941201,62.0,,,,,,,,,,
917956,1532,GISKE,10286239,0,181.0,Garasjeuthus anneks til bolig,TB,Tatt i bruk,19920525,19920630,19921130,43.0,,,,,,,,,,
917957,1532,GISKE,17119222,0,181.0,Garasjeuthus anneks til bolig,TB,Tatt i bruk,19940629,19940815,19941212,43.0,,,415600549.0,Nordstrandfjørå,1084.0,3.0,,,6050.0,VALDERØYA
917958,1532,GISKE,17119176,0,183.0,Naust båthus sjøbu,TB,Tatt i bruk,19940531,10101,19960101,264.0,,,,,,,,,,
917959,1532,GISKE,10286204,0,181.0,Garasjeuthus anneks til bolig,TB,Tatt i bruk,19920424,19920512,19920630,47.0,,,413912860.0,Nordstranda,1060.0,43.0,,,6050.0,VALDERØYA
917960,1532,GISKE,17119184,0,181.0,Garasjeuthus anneks til bolig,TB,Tatt i bruk,19940524,19940601,19941201,42.0,,,322534060.0,Rishaugen,8528.0,22.0,,,6052.0,GISKE
917961,1532,GISKE,10284929,1,219.0,Annen industribygning,BR,Bygning revet/brent,19960520,19960601,10101,68.0,,,,,,,,,,
917962,1532,GISKE,10286212,0,111.0,Enebolig,TB,Tatt i bruk,10101,10101,10101,171.0,,,408508423.0,Trollhaugane,1087.0,33.0,,,6050.0,VALDERØYA
917963,1532,GISKE,10286212,1,111.0,Enebolig,TB,Tatt i bruk,19920408,19920601,19941201,124.0,,,408508423.0,Trollhaugane,1087.0,33.0,,,6050.0,VALDERØYA
917964,1532,GISKE,17119192,0,181.0,Garasjeuthus anneks til bolig,TB,Tatt i bruk,19940524,19940601,19941201,40.0,,,57164505.0,Leitebakken,7025.0,7.0,,,6055.0,GODØYA
917965,1532,GISKE,10286263,0,181.0,Garasjeuthus anneks til bolig,TB,Tatt i bruk,19920519,19920630,19921130,24.0,,,,,,,,,,
917966,1532,GISKE,17119257,0,111.0,Enebolig,TB,Tatt i bruk,19940711,19940912,19951006,205.0,,,57167383.0,Jussbakken,7008.0,86.0,,,6055.0,GODØYA
917967,1532,GISKE,17120980,0,113.0,Våningshus,TB,Tatt i bruk,19970508,19971201,19991214,313.0,,,57167916.0,Godøyvegen,7001.0,248.0,,,6055.0,GODØYA
917968,1532,GISKE,17119265,0,183.0,Naust båthus sjøbu,BU,Bygningsnummer utgått,19940714,10101,10101,66.0,,,,,,,,,,
917969,1532,GISKE,10286247,0,136.0,Andre småhus m/3 boliger el fl,TB,Tatt i bruk,19920604,19920714,19930602,296.0,,,512464806.0,Leitebakken,7025.0,27.0,,,6055.0,GODØYA
917970,1532,GISKE,17119230,0,181.0,Garasjeuthus anneks til bolig,TB,Tatt i bruk,19940711,19940815,19941218,33.0,,,,,,,,,,
917971,1532,GISKE,10286255,0,111.0,Enebolig,TB,Tatt i bruk,19920602,19920730,19930318,120.0,,,403345417.0,Valderøyvegen,1002.0,990.0,,,6050.0,VALDERØYA
917972,1532,GISKE,17119249,0,181.0,Garasjeuthus anneks til bolig,TB,Tatt i bruk,19931109,19940620,19941201,34.0,,,57165508.0,Joteigen,1099.0,37.0,,,6050.0,VALDERØYA
917973,1532,GISKE,17119109,0,219.0,Annen industribygning,TB,Tatt i bruk,19940531,19940711,20070403,843.0,,,57168855.0,Gjøsundneset,4060.0,21.0,,,6040.0,VIGRA
917974,1532,GISKE,10284872,0,181.0,Garasjeuthus anneks til bolig,TB,Tatt i bruk,19900305,19900312,19901001,42.0,,,57165355.0,Øvstevegen,1000.0,21.0,,,6050.0,VALDERØYA
917975,1532,GISKE,10286158,0,123.0,"Våningshus, tomannsb./vertikal.",TB,Tatt i bruk,10101,10101,18700101,470.0,,,411595272.0,Røssvikgarden,4046.0,89.0,,,6040.0,VIGRA
917976,1532,GISKE,17119117,0,112.0,Enebolig m/hybel/sokkelleil.,TB,Tatt i bruk,19940524,19940601,19950210,231.0,,,375078206.0,Skjongstranda,1019.0,43.0,,,6050.0,VALDERØYA
917977,1532,GISKE,10286158,1,123.0,"Våningshus, tomannsb./vertikal.",TB,Tatt i bruk,19920406,19920601,19921130,70.0,,,411595273.0,Røssvikgarden,4046.0,91.0,,,6040.0,VIGRA
917978,1532,GISKE,10284880,0,183.0,Naust båthus sjøbu,TB,Tatt i bruk,19900309,19900629,19901031,120.0,,,,,,,,,,
917979,1532,GISKE,10284856,1,111.0,Enebolig,TB,Tatt i bruk,19900219,19900522,19911002,78.0,,,413900790.0,Oksneset,1085.0,26.0,,,6050.0,VALDERØYA
917980,1532,GISKE,10286123,0,111.0,Enebolig,TB,Tatt i bruk,10101,10101,10101,148.0,,,396778117.0,Øvre Nordstranda,1072.0,82.0,,,6050.0,VALDERØYA
917981,1532,GISKE,17119095,0,111.0,Enebolig,TB,Tatt i bruk,10101,10101,10101,232.0,,,57165423.0,Løkejohanvegen,1054.0,20.0,,,6050.0,VALDERØYA
917982,1532,GISKE,10286123,1,111.0,Enebolig,TB,Tatt i bruk,19920325,19920601,19921208,24.0,,,396778117.0,Øvre Nordstranda,1072.0,82.0,,,6050.0,VALDERØYA
917983,1532,GISKE,17119095,1,111.0,Enebolig,TB,Tatt i bruk,19940518,19950102,19950127,45.0,,,57165423.0,Løkejohanvegen,1054.0,20.0,,,6050.0,VALDERØYA
917984,1532,GISKE,10284856,2,111.0,Enebolig,RA,Rammetillatelse,20020221,10101,10101,37.0,,,413900790.0,Oksneset,1085.0,26.0,,,6050.0,VALDERØYA
917985,1532,GISKE,10284864,0,615.0,Komb. barne- og ungdomsskole,TB,Tatt i bruk,19900306,19901001,19910812,610.0,,,57168923.0,,,,,1.0,6040.0,VIGRA
917986,1532,GISKE,10286131,0,183.0,Naust båthus sjøbu,TB,Tatt i bruk,19920323,19920630,19921130,64.0,,,,,,,,,,
917987,1532,GISKE,17119141,0,669.0,Annet kulturhus,TB,Tatt i bruk,19940607,19940714,20080130,60.0,,,57167831.0,,,,,0.0,6055.0,GODØYA
917988,1532,GISKE,10286182,0,181.0,Garasjeuthus anneks til bolig,TB,Tatt i bruk,19920406,19920601,19921130,28.0,,,,,,,,,,
917989,1532,GISKE,10284910,0,136.0,Andre småhus m/3 boliger el fl,TB,Tatt i bruk,19900502,19910430,19911005,358.0,,,375067513.0,Skjongstranda,1019.0,17.0,,,6050.0,VALDERØYA
917990,1532,GISKE,17119168,0,181.0,Garasjeuthus anneks til bolig,TB,Tatt i bruk,19940531,19940609,19941201,59.0,,,,,,,,,,
917991,1532,GISKE,10286190,0,183.0,Naust båthus sjøbu,TB,Tatt i bruk,19920424,19921215,19930112,68.0,,,,,,,,,,
917992,1532,GISKE,10284929,0,219.0,Annen industribygning,BR,Bygning revet/brent,19900502,19900502,19901031,144.0,,,,,,,,,,
917993,1532,GISKE,17119125,0,181.0,Garasjeuthus anneks til bolig,TB,Tatt i bruk,19940606,19971201,19990301,34.0,,,,,,,,,,
917994,1532,GISKE,10286166,0,181.0,Garasjeuthus anneks til bolig,TB,Tatt i bruk,19920406,19920601,19921130,31.0,,,,,,,,,,
917995,1532,GISKE,10284899,0,113.0,Våningshus,TB,Tatt i bruk,19900312,19901001,19910530,174.0,,,411510187.0,Blindheimsgarden,4035.0,210.0,,,6040.0,VIGRA
917996,1532,GISKE,17119133,0,111.0,Enebolig,TB,Tatt i bruk,10101,10101,10101,187.0,,,400111756.0,Valderhaug,1068.0,27.0,,,6050.0,VALDERØYA
917997,1532,GISKE,10286174,0,181.0,Garasjeuthus anneks til bolig,TB,Tatt i bruk,19920406,19920504,19921208,56.0,,,,,,,,,,
917998,1532,GISKE,17119133,1,111.0,Enebolig,RA,Rammetillatelse,19940606,10101,10101,11.0,,,400111756.0,Valderhaug,1068.0,27.0,,,6050.0,VALDERØYA
917999,1532,GISKE,10284902,0,141.0,Stort frittliggende boligbygg på 2 etg.,TB,Tatt i bruk,19900502,19900531,19900924,438.0,,,375067509.0,Skjongstranda,1019.0,15.0,D,,6050.0,VALDERØYA
918000,1532,GISKE,17126946,0,211.0,Fabrikkbygning,TB,Tatt i bruk,20051013,20051013,20060615,5046.0,,,,,,,,,,
918001,1532,GISKE,17126954,0,181.0,Garasjeuthus anneks til bolig,TB,Tatt i bruk,20050519,20050519,20060519,20.0,,,,,,,,,,
918002,1532,GISKE,17126911,0,181.0,Garasjeuthus anneks til bolig,TB,Tatt i bruk,20060801,20070329,20070901,35.0,,,,,,,,,,
918003,1532,GISKE,17126938,0,111.0,Enebolig,TB,Tatt i bruk,20051130,20051209,20060705,107.0,,,321543396.0,Rikkavegen,8502.0,5.0,,,6052.0,GISKE
918004,1532,GISKE,17126989,0,181.0,Garasjeuthus anneks til bolig,TB,Tatt i bruk,20060824,20060829,20100101,73.0,,,430105623.0,Borniteigen,4049.0,2.0,,,6040.0,VIGRA
918005,1532,GISKE,17126997,0,141.0,Stort frittliggende boligbygg på 2 etg.,TB,Tatt i bruk,20060503,20060503,20061018,344.0,,,321926321.0,Rikkavegen,8502.0,10.0,C,,6052.0,GISKE
918006,1532,GISKE,17127004,0,141.0,Stort frittliggende boligbygg på 2 etg.,TB,Tatt i bruk,20060503,20060503,20070403,344.0,,,321926323.0,Rikkavegen,8502.0,12.0,A,,6052.0,GISKE
918007,1532,GISKE,17126962,0,612.0,Barnehage,TB,Tatt i bruk,20050215,20050215,20050830,552.0,,,309219129.0,Bedehusvegen,8509.0,5.0,,,6052.0,GISKE
918008,1532,GISKE,17126970,0,111.0,Enebolig,FA,Ferdigattest,20060824,20060828,20071026,339.0,,,407558444.0,Molnesvegen,4005.0,150.0,,,6040.0,VIGRA
918009,1532,GISKE,17126849,0,999.0,,TB,Tatt i bruk,20060512,20060512,20060512,0.0,,,,,,,,,,
918010,1532,GISKE,17126857,0,111.0,Enebolig,TB,Tatt i bruk,20060515,20060522,20061110,205.0,,,408070614.0,Postvegen,4001.0,596.0,,,6040.0,VIGRA
918011,1532,GISKE,17126822,0,121.0,"Tomannsbolig, vertikaldelt",TB,Tatt i bruk,20050511,20050511,20060701,114.0,,,391450605.0,Måsemyrane,1056.0,9.0,,,6050.0,VALDERØYA
918012,1532,GISKE,17126830,0,999.0,,TB,Tatt i bruk,20060512,20060512,20060512,0.0,,,,,,,,,,
918013,1532,GISKE,17126881,0,181.0,Garasjeuthus anneks til bolig,TB,Tatt i bruk,20060608,20060608,20060830,24.0,,,,,,,,,,
918014,1532,GISKE,17126903,0,111.0,Enebolig,TB,Tatt i bruk,20060801,20060805,20070328,190.0,,,408244041.0,Budafjellvegen,4010.0,54.0,,,6040.0,VIGRA
918015,1532,GISKE,17126865,0,121.0,"Tomannsbolig, vertikaldelt",TB,Tatt i bruk,20060301,20060306,20070801,113.0,,,57168540.0,Nesbakken,7035.0,11.0,,,6055.0,GODØYA
918016,1532,GISKE,17126873,0,241.0,Hus for dyr/landbr.lager/silo,IG,Igangsettingstillatelse,20060601,20060601,10101,96.0,,,,,,,,,,
918017,1532,GISKE,17126741,0,121.0,"Tomannsbolig, vertikaldelt",TB,Tatt i bruk,20060301,20060306,20070801,113.0,,,57167523.0,Nesbakken,7035.0,9.0,,,6055.0,GODØYA
918018,1532,GISKE,17126768,0,111.0,Enebolig,MB,Midlertidig brukstillatelse,20051019,20051101,10101,224.0,,,408371762.0,Reset,4038.0,20.0,,,6040.0,VIGRA
918019,1532,GISKE,17126725,0,159.0,Annen bygning for bofellesskap,FA,Ferdigattest,20060303,20061116,10101,414.0,,,408369786.0,Reset,4038.0,6.0,,,6040.0,VIGRA
918020,1532,GISKE,17126733,0,159.0,Annen bygning for bofellesskap,TB,Tatt i bruk,20060303,20060303,20061208,414.0,,,408369788.0,Reset,4038.0,10.0,,,6040.0,VIGRA
918021,1532,GISKE,17126806,0,181.0,Garasjeuthus anneks til bolig,TB,Tatt i bruk,20060509,20060509,20070509,0.0,,,309325842.0,Bedehusvegen,8509.0,42.0,,,6052.0,GISKE
918022,1532,GISKE,17126814,0,181.0,Garasjeuthus anneks til bolig,TB,Tatt i bruk,20060315,20060315,20060501,74.0,,,,,,,,,,
918023,1532,GISKE,17126776,0,181.0,Garasjeuthus anneks til bolig,TB,Tatt i bruk,20041217,20041220,20051201,0.0,,,,,,,,,,
918024,1532,GISKE,17126784,0,241.0,Hus for dyr/landbr.lager/silo,IG,Igangsettingstillatelse,20060223,20060301,10101,873.0,,,,,,,,,,
918025,1532,GISKE,17126792,0,319.0,Annen kontorbygning,BR,Bygning revet/brent,10101,10101,19900425,150.0,,,,,,,,,,
918026,1532,GISKE,17126652,0,181.0,Garasjeuthus anneks til bolig,TB,Tatt i bruk,20050519,20050519,20060119,29.0,,,,,,,,,,
918027,1532,GISKE,18087162,1,113.0,Våningshus,TB,Tatt i bruk,20041013,20050720,20050720,43.0,,,407558446.0,Molnesvegen,4005.0,221.0,,,6040.0,VIGRA
918028,1532,GISKE,17125397,0,136.0,Andre småhus m/3 boliger el fl,FA,Ferdigattest,20040503,20040614,10101,312.0,,,408251519.0,Budafjellvegen,4010.0,7.0,,,6040.0,VIGRA
918029,1532,GISKE,17126660,0,111.0,Enebolig,TB,Tatt i bruk,20050120,20050601,20070601,202.0,,,358655040.0,Skjongneset,1018.0,28.0,,,6050.0,VALDERØYA
918030,1532,GISKE,18087170,0,241.0,Hus for dyr/landbr.lager/silo,TB,Tatt i bruk,10101,10101,10101,31.0,,,407558446.0,Molnesvegen,4005.0,221.0,,,6040.0,VIGRA
918031,1532,GISKE,18087189,0,111.0,Enebolig,TB,Tatt i bruk,10101,10101,10101,214.0,,,57163552.0,Molnesvegen,4005.0,237.0,,,6040.0,VIGRA
918032,1532,GISKE,17125400,0,136.0,Andre småhus m/3 boliger el fl,FA,Ferdigattest,20040322,20040614,10101,312.0,,,408251520.0,Budafjellvegen,4010.0,9.0,,,6040.0,VIGRA
918033,1532,GISKE,17126636,0,181.0,Garasjeuthus anneks til bolig,FA,Ferdigattest,20040210,20040210,10101,80.0,,,372828927.0,Skjongskaret,1022.0,19.0,,,6050.0,VALDERØYA
918034,1532,GISKE,18087138,0,241.0,Hus for dyr/landbr.lager/silo,TB,Tatt i bruk,10101,10101,10101,622.0,,,407563767.0,Molnesvegen,4005.0,337.0,,,6040.0,VIGRA
918035,1532,GISKE,18087146,0,241.0,Hus for dyr/landbr.lager/silo,TB,Tatt i bruk,10101,10101,10101,73.0,,,407563767.0,Molnesvegen,4005.0,337.0,,,6040.0,VIGRA
918036,1532,GISKE,17125389,0,136.0,Andre småhus m/3 boliger el fl,FA,Ferdigattest,20040503,20040614,10101,312.0,,,408251524.0,Budafjellvegen,4010.0,17.0,,,6040.0,VIGRA
918037,1532,GISKE,17126644,0,111.0,Enebolig,FA,Ferdigattest,20040210,20040210,10101,229.0,,,372828927.0,Skjongskaret,1022.0,19.0,,,6050.0,VALDERØYA
918038,1532,GISKE,18087154,0,113.0,Våningshus,TB,Tatt i bruk,10101,10101,10101,183.0,,,407563767.0,Molnesvegen,4005.0,337.0,,,6040.0,VIGRA
918039,1532,GISKE,18087162,0,113.0,Våningshus,TB,Tatt i bruk,10101,10101,10101,222.0,,,407558446.0,Molnesvegen,4005.0,221.0,,,6040.0,VIGRA
918040,1532,GISKE,17125389,1,136.0,Andre småhus m/3 boliger el fl,TB,Tatt i bruk,20061205,20061205,20070601,0.0,,,,,,,,,,
918041,1532,GISKE,17126695,0,183.0,Naust båthus sjøbu,IG,Igangsettingstillatelse,20060222,20060301,10101,0.0,,,,,,,,,,
918042,1532,GISKE,17126709,0,159.0,Annen bygning for bofellesskap,TB,Tatt i bruk,20060303,20060316,20061208,360.0,,,408369784.0,Reset,4038.0,2.0,,,6040.0,VIGRA
918043,1532,GISKE,17126717,0,159.0,Annen bygning for bofellesskap,FA,Ferdigattest,20060303,20060303,10101,360.0,,,408369785.0,Reset,4038.0,4.0,,,6040.0,VIGRA
918044,1532,GISKE,17126679,0,181.0,Garasjeuthus anneks til bolig,TB,Tatt i bruk,20050104,20050104,20050601,50.0,,,57164846.0,Storeteigane,7010.0,16.0,,,6055.0,GODØYA
918045,1532,GISKE,18087197,0,111.0,Enebolig,TB,Tatt i bruk,10101,10101,10101,261.0,,,407654081.0,Molnesvegen,4005.0,367.0,,,6040.0,VIGRA
918046,1532,GISKE,18087200,0,111.0,Enebolig,BU,Bygningsnummer utgått,10101,10101,10101,214.0,,,407654087.0,Molnesvegen,4005.0,420.0,,,6040.0,VIGRA
918047,1532,GISKE,17125419,0,111.0,Enebolig,TB,Tatt i bruk,20040528,20040816,20050708,243.0,,,391501395.0,Måsemyrane,1056.0,20.0,,,6050.0,VALDERØYA
918048,1532,GISKE,17126687,0,111.0,Enebolig,FA,Ferdigattest,20050127,20050127,10101,108.0,,,315247590.0,Larsgjerdet,8519.0,3.0,,,6052.0,GISKE
918049,1532,GISKE,18087219,0,111.0,Enebolig,TB,Tatt i bruk,10101,10101,10101,177.0,,,407285052.0,Fjellfoten,4028.0,14.0,,,6040.0,VIGRA
918050,1532,GISKE,18087227,0,111.0,Enebolig,TB,Tatt i bruk,10101,10101,10101,170.0,,,407654082.0,Molnesvegen,4005.0,381.0,,,6040.0,VIGRA
918051,1532,GISKE,18084368,0,241.0,Hus for dyr/landbr.lager/silo,TB,Tatt i bruk,10101,10101,10101,418.0,,,408231122.0,Hauvegen,4012.0,22.0,,,6040.0,VIGRA
918052,1532,GISKE,17127322,0,181.0,Garasjeuthus anneks til bolig,FA,Ferdigattest,20061016,20061016,10101,0.0,,,,,,,,,,
918053,1532,GISKE,18084376,0,241.0,Hus for dyr/landbr.lager/silo,TB,Tatt i bruk,10101,10101,10101,51.0,,,408231122.0,Hauvegen,4012.0,22.0,,,6040.0,VIGRA
918054,1532,GISKE,18089564,0,111.0,Enebolig,TB,Tatt i bruk,10101,10101,10101,183.0,,,407825504.0,Tevegen,4017.0,4.0,,,6040.0,VIGRA
918055,1532,GISKE,18084384,0,241.0,Hus for dyr/landbr.lager/silo,TB,Tatt i bruk,10101,10101,10101,53.0,,,408231122.0,Hauvegen,4012.0,22.0,,,6040.0,VIGRA
918056,1532,GISKE,17127330,0,111.0,Enebolig,FA,Ferdigattest,20061031,20061031,10101,184.0,,,351158341.0,Ytterlandsvika,1003.0,24.0,,,6050.0,VALDERØYA
918057,1532,GISKE,18089572,0,111.0,Enebolig,TB,Tatt i bruk,10101,10101,10101,185.0,,,407720933.0,Klokkarvegen,4013.0,5.0,,,6040.0,VIGRA
918058,1532,GISKE,18084392,0,241.0,Hus for dyr/landbr.lager/silo,BR,Bygning revet/brent,10101,10101,10101,460.0,,,408231125.0,Hauvegen,4012.0,27.0,,,6040.0,VIGRA
918059,1532,GISKE,18089580,0,111.0,Enebolig,TB,Tatt i bruk,10101,10101,10101,191.0,,,407825500.0,Tevegen,4017.0,27.0,,,6040.0,VIGRA
918060,1532,GISKE,18084325,0,113.0,Våningshus,TB,Tatt i bruk,10101,19810910,19820101,262.0,,,407558439.0,Molnesvegen,4005.0,90.0,,,6040.0,VIGRA
918061,1532,GISKE,17127306,0,181.0,Garasjeuthus anneks til bolig,TB,Tatt i bruk,20050622,20050622,20061024,0.0,,,,,,,,,,
918062,1532,GISKE,18089548,0,181.0,Garasjeuthus anneks til bolig,TB,Tatt i bruk,10101,10101,10101,33.0,,,407720931.0,Klokkarvegen,4013.0,1.0,,,6040.0,VIGRA
918063,1532,GISKE,18084333,0,241.0,Hus for dyr/landbr.lager/silo,TB,Tatt i bruk,10101,10101,10101,280.0,,,407554637.0,Molnesvegen,4005.0,93.0,,,6040.0,VIGRA
918064,1532,GISKE,18089556,0,111.0,Enebolig,TB,Tatt i bruk,10101,10101,10101,139.0,,,407720932.0,Klokkarvegen,4013.0,3.0,,,6040.0,VIGRA
918065,1532,GISKE,18084341,0,113.0,Våningshus,TB,Tatt i bruk,10101,10101,10101,266.0,,,408231122.0,Hauvegen,4012.0,22.0,,,6040.0,VIGRA
918066,1532,GISKE,17127314,0,181.0,Garasjeuthus anneks til bolig,FA,Ferdigattest,20061016,20061016,10101,0.0,,,,,,,,,,
918067,1532,GISKE,18089556,1,111.0,Enebolig,TB,Tatt i bruk,19950712,19950712,19950814,6.0,,,407720932.0,Klokkarvegen,4013.0,3.0,,,6040.0,VIGRA
918068,1532,GISKE,18084449,0,113.0,Våningshus,BR,Bygning revet/brent,10101,10101,10101,336.0,,,413509169.0,Markevegen,4014.0,11.0,,,6040.0,VIGRA
918069,1532,GISKE,18089610,0,111.0,Enebolig,TB,Tatt i bruk,10101,10101,10101,189.0,,,407824130.0,Tevegen,4017.0,3.0,,,6040.0,VIGRA
918070,1532,GISKE,17127373,0,159.0,Annen bygning for bofellesskap,TB,Tatt i bruk,20061106,20061106,20071212,796.0,,,57168881.0,Løkevegen,1034.0,53.0,,,6050.0,VALDERØYA
918071,1532,GISKE,18084457,0,124.0,"Våningshus, tomannsb./horisont.",TB,Tatt i bruk,10101,10101,10101,244.0,,,413505887.0,Markevegen,4014.0,5.0,,,6040.0,VIGRA
918072,1532,GISKE,18089610,1,111.0,Enebolig,TB,Tatt i bruk,20050222,20050222,20070101,0.0,,,,,,,,,,
918073,1532,GISKE,18084465,0,241.0,Hus for dyr/landbr.lager/silo,BR,Bygning revet/brent,10101,10101,10101,44.0,,,,,,,,,,
918074,1532,GISKE,17127381,0,181.0,Garasjeuthus anneks til bolig,TB,Tatt i bruk,20000111,20000111,20061129,83.0,,,,,,,,,,
918075,1532,GISKE,18084473,0,241.0,Hus for dyr/landbr.lager/silo,TB,Tatt i bruk,10101,10101,10101,339.0,,,,,,,,,,
918076,1532,GISKE,18089629,0,111.0,Enebolig,TB,Tatt i bruk,10101,10101,10101,188.0,,,407824132.0,Tevegen,4017.0,7.0,,,6040.0,VIGRA
918077,1532,GISKE,18084406,0,241.0,Hus for dyr/landbr.lager/silo,TB,Tatt i bruk,10101,10101,10101,501.0,,,408231125.0,Hauvegen,4012.0,27.0,,,6040.0,VIGRA
918078,1532,GISKE,17127349,0,111.0,Enebolig,FA,Ferdigattest,20061031,20061031,10101,258.6,,,391345631.0,Nedregjerdet,1035.0,23.0,,,6050.0,VALDERØYA
918079,1532,GISKE,18089599,0,111.0,Enebolig,TB,Tatt i bruk,10101,10101,10101,184.0,,,407824133.0,Tevegen,4017.0,9.0,,,6040.0,VIGRA
918080,1532,GISKE,18084414,0,241.0,Hus for dyr/landbr.lager/silo,TB,Tatt i bruk,10101,10101,10101,53.0,,,408231125.0,Hauvegen,4012.0,27.0,,,6040.0,VIGRA
918081,1532,GISKE,18089599,1,111.0,Enebolig,TB,Tatt i bruk,20060831,20060831,20061231,10.0,,,,,,,,,,
918082,1532,GISKE,18084422,0,241.0,Hus for dyr/landbr.lager/silo,TB,Tatt i bruk,10101,10101,10101,43.0,,,408231125.0,Hauvegen,4012.0,27.0,,,6040.0,VIGRA
918083,1532,GISKE,18084430,0,113.0,Våningshus,TB,Tatt i bruk,10101,10101,10101,289.2,,,408231125.0,Hauvegen,4012.0,27.0,,,6040.0,VIGRA
918084,1532,GISKE,17127365,0,212.0,Verkstedbygning,MB,Midlertidig brukstillatelse,20060717,20061102,10101,362.0,,,517427856.0,Sandnesnausta,7004.0,9.0,,,6055.0,GODØYA
918085,1532,GISKE,18089602,0,181.0,Garasjeuthus anneks til bolig,TB,Tatt i bruk,10101,10101,10101,39.0,,,407824133.0,Tevegen,4017.0,9.0,,,6040.0,VIGRA
918086,1532,GISKE,18089424,0,112.0,Enebolig m/hybel/sokkelleil.,TB,Tatt i bruk,10101,10101,10101,221.0,,,407825499.0,Tevegen,4017.0,25.0,,,6040.0,VIGRA
918087,1532,GISKE,17127233,0,121.0,"Tomannsbolig, vertikaldelt",TB,Tatt i bruk,20060920,20061001,20070326,153.1,,,57168543.0,Nymarkevegen,4023.0,3.0,,,6040.0,VIGRA
918088,1532,GISKE,18084236,0,111.0,Enebolig,TB,Tatt i bruk,10101,10101,10101,181.0,,,57168533.0,Hauvegen,4012.0,34.0,,,6040.0,VIGRA
918089,1532,GISKE,18089432,0,112.0,Enebolig m/hybel/sokkelleil.,TB,Tatt i bruk,10101,10101,10101,207.0,,,413502898.0,Smevegen,4016.0,17.0,,,6040.0,VIGRA
918090,1532,GISKE,18084236,1,111.0,Enebolig,TB,Tatt i bruk,19990218,19991201,20000107,8.0,,,,,,,,,,
918091,1532,GISKE,18089440,0,111.0,Enebolig,TB,Tatt i bruk,10101,10101,10101,306.0,,,413505885.0,Smevegen,4016.0,16.0,,,6040.0,VIGRA
918092,1532,GISKE,17127241,0,183.0,Naust båthus sjøbu,TB,Tatt i bruk,20040825,20050120,20061101,112.0,,,,,,,,,,
918093,1532,GISKE,18089459,0,112.0,Enebolig m/hybel/sokkelleil.,TB,Tatt i bruk,10101,10101,10101,261.0,,,413505883.0,Smevegen,4016.0,12.0,,,6040.0,VIGRA
918094,1532,GISKE,18084171,0,111.0,Enebolig,TB,Tatt i bruk,10101,10101,10101,301.0,,,407554632.0,Molnesvegen,4005.0,26.0,,,6040.0,VIGRA
918095,1532,GISKE,18089386,0,111.0,Enebolig,TB,Tatt i bruk,10101,10101,10101,175.0,,,413505881.0,Smevegen,4016.0,8.0,,,6040.0,VIGRA
918096,1532,GISKE,18084198,0,241.0,Hus for dyr/landbr.lager/silo,TB,Tatt i bruk,10101,10101,10101,626.0,,,407554632.0,Molnesvegen,4005.0,26.0,,,6040.0,VIGRA
918097,1532,GISKE,17127217,0,121.0,"Tomannsbolig, vertikaldelt",TB,Tatt i bruk,20060920,20061001,20070326,66.0,,,57168569.0,Nymarkevegen,4023.0,5.0,,,6040.0,VIGRA
918098,1532,GISKE,18089394,0,161.0,Fritidsbygg(hyttersommerh. ol,TB,Tatt i bruk,10101,10101,10101,57.0,,,407558445.0,Molnesvegen,4005.0,152.0,,,6040.0,VIGRA
918099,1532,GISKE,18084201,0,249.0,Annen landbruksbygning,TB,Tatt i bruk,10101,10101,10101,63.0,,,,,,,,,,
918100,1532,GISKE,18089408,0,111.0,Enebolig,TB,Tatt i bruk,10101,10101,10101,168.0,,,407723171.0,Klokkarvegen,4013.0,2.0,,,6040.0,VIGRA
918101,1532,GISKE,18084228,0,211.0,Fabrikkbygning,BR,Bygning revet/brent,20050120,20050120,20071025,457.0,,,407554632.0,Molnesvegen,4005.0,26.0,,,6040.0,VIGRA
918102,1532,GISKE,17127225,0,121.0,"Tomannsbolig, vertikaldelt",TB,Tatt i bruk,20060920,20061001,20070101,106.0,,,57168568.0,Nymarkevegen,4023.0,1.0,,,6040.0,VIGRA
918103,1532,GISKE,18089416,0,181.0,Garasjeuthus anneks til bolig,TB,Tatt i bruk,10101,10101,10101,21.0,,,407723171.0,Klokkarvegen,4013.0,2.0,,,6040.0,VIGRA
918104,1532,GISKE,18084287,0,113.0,Våningshus,TB,Tatt i bruk,10101,10101,10101,263.0,,,407554629.0,Molnesvegen,4005.0,20.0,,,6040.0,VIGRA
918105,1532,GISKE,18089505,0,111.0,Enebolig,TB,Tatt i bruk,10101,10101,10101,198.0,,,407720935.0,Klokkarvegen,4013.0,9.0,,,6040.0,VIGRA
918106,1532,GISKE,17127284,0,131.0,Rekkehus,FA,Ferdigattest,20051027,20051027,10101,147.0,,,390695963.0,Klokkmarka,1047.0,12.0,,,6050.0,VALDERØYA
918107,1532,GISKE,18084295,0,113.0,Våningshus,TB,Tatt i bruk,10101,10101,10101,331.0,,,407554633.0,Molnesvegen,4005.0,28.0,,,6040.0,VIGRA
918108,1532,GISKE,18089513,0,111.0,Enebolig,TB,Tatt i bruk,10101,10101,10101,183.0,,,407720934.0,Klokkarvegen,4013.0,7.0,,,6040.0,VIGRA
918109,1532,GISKE,18084309,0,241.0,Hus for dyr/landbr.lager/silo,TB,Tatt i bruk,10101,10101,10101,231.0,,,,,,,,,,
918110,1532,GISKE,18089521,0,111.0,Enebolig,TB,Tatt i bruk,10101,10101,10101,217.0,,,407720931.0,Klokkarvegen,4013.0,1.0,,,6040.0,VIGRA
918111,1532,GISKE,17127292,0,111.0,Enebolig,TB,Tatt i bruk,20050622,20050622,20061024,198.0,,,57168444.0,Roslateigen,1098.0,7.0,,,6050.0,VALDERØYA
918112,1532,GISKE,18084317,0,113.0,Våningshus,TB,Tatt i bruk,10101,10101,10101,124.0,,,407554637.0,Molnesvegen,4005.0,93.0,,,6040.0,VIGRA
918113,1532,GISKE,18089521,1,111.0,Enebolig,TB,Tatt i bruk,20000727,20011018,20020712,60.0,,,407720931.0,Klokkarvegen,4013.0,1.0,,,6040.0,VIGRA
918114,1532,GISKE,18084244,0,241.0,Hus for dyr/landbr.lager/silo,TB,Tatt i bruk,10101,10101,10101,332.0,,,57163328.0,Hauvegen,4012.0,36.0,,,6040.0,VIGRA
918115,1532,GISKE,18089467,0,111.0,Enebolig,TB,Tatt i bruk,10101,10101,10101,282.0,,,408241332.0,Bakarvegen,4009.0,10.0,,,6040.0,VIGRA
918116,1532,GISKE,17127268,0,131.0,Rekkehus,FA,Ferdigattest,20051027,20051027,10101,147.0,,,390695965.0,Klokkmarka,1047.0,16.0,,,6050.0,VALDERØYA
918117,1532,GISKE,18084252,0,241.0,Hus for dyr/landbr.lager/silo,TB,Tatt i bruk,10101,10101,10101,386.0,,,408063728.0,Postvegen,4001.0,498.0,,,6040.0,VIGRA
918118,1532,GISKE,18089475,0,111.0,Enebolig,TB,Tatt i bruk,10101,10101,10101,206.0,,,407720937.0,Klokkarvegen,4013.0,15.0,,,6040.0,VIGRA
918119,1532,GISKE,18084260,0,113.0,Våningshus,TB,Tatt i bruk,10101,10101,10101,220.0,,,408067209.0,Postvegen,4001.0,500.0,,,6040.0,VIGRA
918120,1532,GISKE,18089483,0,181.0,Garasjeuthus anneks til bolig,TB,Tatt i bruk,10101,10101,10101,23.0,,,407720937.0,Klokkarvegen,4013.0,15.0,,,6040.0,VIGRA
918121,1532,GISKE,17127276,0,131.0,Rekkehus,FA,Ferdigattest,20051027,20051027,10101,147.0,,,390695964.0,Klokkmarka,1047.0,14.0,,,6050.0,VALDERØYA
918122,1532,GISKE,18084279,0,113.0,Våningshus,TB,Tatt i bruk,10101,10101,10101,261.0,,,408063728.0,Postvegen,4001.0,498.0,,,6040.0,VIGRA
918123,1532,GISKE,18089491,0,111.0,Enebolig,TB,Tatt i bruk,10101,10101,10101,194.0,,,407825502.0,Tevegen,4017.0,31.0,,,6040.0,VIGRA
918124,1532,GISKE,17127144,0,131.0,Rekkehus,TB,Tatt i bruk,20060920,20061001,20070206,105.0,,,57168562.0,Nymarkevegen,4023.0,4.0,,,6040.0,VIGRA
918125,1532,GISKE,17127152,0,131.0,Rekkehus,TB,Tatt i bruk,20060920,20061001,20071023,106.0,,,57168542.0,Nymarkevegen,4023.0,2.0,,,6040.0,VIGRA
918126,1532,GISKE,17127128,0,231.0,Lagerhall,TB,Tatt i bruk,20061018,20061018,20061130,192.0,,,,,,,,,,
918127,1532,GISKE,17127136,0,131.0,Rekkehus,TB,Tatt i bruk,20060920,20061001,20070919,106.0,,,57168563.0,Nymarkevegen,4023.0,6.0,,,6040.0,VIGRA
918128,1532,GISKE,18084139,0,241.0,Hus for dyr/landbr.lager/silo,TB,Tatt i bruk,10101,10101,10101,16.0,,,,,,,,,,
918129,1532,GISKE,18089343,0,111.0,Enebolig,TB,Tatt i bruk,10101,10101,10101,310.0,,,57163460.0,Øvregatå,4019.0,19.0,,,6040.0,VIGRA
918130,1532,GISKE,18084147,0,241.0,Hus for dyr/landbr.lager/silo,BR,Bygning revet/brent,10101,10101,10101,67.0,,,,,,,,,,
918131,1532,GISKE,17127195,0,121.0,"Tomannsbolig, vertikaldelt",TB,Tatt i bruk,20060920,20061001,20070822,66.0,,,57168564.0,Nymarkevegen,4023.0,14.0,,,6040.0,VIGRA
918132,1532,GISKE,18089351,0,111.0,Enebolig,TB,Tatt i bruk,10101,10101,10101,197.0,,,57163461.0,Nørestranda,4006.0,513.0,,,6040.0,VIGRA
918133,1532,GISKE,18084155,0,241.0,Hus for dyr/landbr.lager/silo,TB,Tatt i bruk,10101,10101,10101,577.0,,,407554631.0,Molnesvegen,4005.0,24.0,,,6040.0,VIGRA
918134,1532,GISKE,18089378,0,322.0,Butikk/forretningsbygning,TB,Tatt i bruk,10101,10101,10101,460.0,,,413502891.0,Øievegen,4018.0,4.0,,,6040.0,VIGRA
918135,1532,GISKE,18084163,0,113.0,Våningshus,TB,Tatt i bruk,10101,10101,10101,280.0,,,407554631.0,Molnesvegen,4005.0,24.0,,,6040.0,VIGRA
918136,1532,GISKE,17127209,0,121.0,"Tomannsbolig, vertikaldelt",TB,Tatt i bruk,20060920,20061001,20070326,66.0,,,57168570.0,Nymarkevegen,4023.0,7.0,,,6040.0,VIGRA
918137,1532,GISKE,18089378,1,322.0,Butikk/forretningsbygning,RA,Rammetillatelse,19961011,10101,10101,39.0,,,413502891.0,Øievegen,4018.0,4.0,,,6040.0,VIGRA
918138,1532,GISKE,17127160,0,121.0,"Tomannsbolig, vertikaldelt",MB,Midlertidig brukstillatelse,20060920,20061001,10101,66.0,,,57168567.0,Nymarkevegen,4023.0,8.0,,,6040.0,VIGRA
918139,1532,GISKE,17127179,0,121.0,"Tomannsbolig, vertikaldelt",FA,Ferdigattest,20060920,20061001,10101,66.0,,,57168566.0,Nymarkevegen,4023.0,10.0,,,6040.0,VIGRA
918140,1532,GISKE,18084112,0,241.0,Hus for dyr/landbr.lager/silo,TB,Tatt i bruk,10101,10101,10101,835.0,,,,,,,,,,
918141,1532,GISKE,18089327,0,181.0,Garasjeuthus anneks til bolig,BR,Bygning revet/brent,10101,10101,10101,25.0,,,407723172.0,Klokkarvegen,4013.0,4.0,,,6040.0,VIGRA
918142,1532,GISKE,18084120,0,124.0,"Våningshus, tomannsb./horisont.",TB,Tatt i bruk,10101,10101,10101,379.0,,,408063727.0,Postvegen,4001.0,488.0,,,6040.0,VIGRA
918143,1532,GISKE,17127187,0,121.0,"Tomannsbolig, vertikaldelt",TB,Tatt i bruk,20060920,20061001,20070822,66.0,,,57168565.0,Nymarkevegen,4023.0,12.0,,,6040.0,VIGRA
918144,1532,GISKE,18089335,0,111.0,Enebolig,TB,Tatt i bruk,10101,10101,10101,266.0,,,57163459.0,Øvregatå,4019.0,55.0,,,6040.0,VIGRA
918145,1532,GISKE,17127039,0,112.0,Enebolig m/hybel/sokkelleil.,FA,Ferdigattest,20060911,20060915,10101,234.0,,,408371764.0,Reset,4038.0,24.0,,,6040.0,VIGRA
918146,1532,GISKE,17127047,0,111.0,Enebolig,TB,Tatt i bruk,20041129,20051215,20060927,136.0,,,321071211.0,Rabbevegen,8505.0,22.0,,,6052.0,GISKE
918147,1532,GISKE,17127012,0,181.0,Garasjeuthus anneks til bolig,TB,Tatt i bruk,20060831,20060831,20061031,47.0,,,,,,,,,,
918148,1532,GISKE,17127020,0,181.0,Garasjeuthus anneks til bolig,TB,Tatt i bruk,20060907,20060907,20080101,50.0,,,375080361.0,Skjongstranda,1019.0,36.0,,,6050.0,VALDERØYA
918149,1532,GISKE,17127098,0,111.0,Enebolig,MB,Midlertidig brukstillatelse,20060824,20061016,10101,258.0,,,415605760.0,Nordstrandfjørå,1084.0,4.0,,,6050.0,VALDERØYA
918150,1532,GISKE,17127101,0,181.0,Garasjeuthus anneks til bolig,TB,Tatt i bruk,20060926,20060926,20061231,67.0,,,,,,,,,,
918151,1532,GISKE,17127055,0,121.0,"Tomannsbolig, vertikaldelt",TB,Tatt i bruk,20060609,20060609,20080101,138.0,,,391501391.0,Måsemyrane,1056.0,4.0,,,6050.0,VALDERØYA
918152,1532,GISKE,17127063,0,121.0,"Tomannsbolig, vertikaldelt",TB,Tatt i bruk,20060609,20060609,20080101,138.0,,,391501390.0,Måsemyrane,1056.0,2.0,,,6050.0,VALDERØYA
918153,1532,GISKE,17127071,0,181.0,Garasjeuthus anneks til bolig,TB,Tatt i bruk,20060609,20061013,20071013,7.0,,,,,,,,,,
918154,1532,GISKE,17124838,0,121.0,"Tomannsbolig, vertikaldelt",TB,Tatt i bruk,20020917,20030425,20030925,146.0,,,430105627.0,Borniteigen,4049.0,12.0,,,6040.0,VIGRA
918155,1532,GISKE,18086417,0,181.0,Garasjeuthus anneks til bolig,BR,Bygning revet/brent,20070219,10101,10101,32.0,,,,,,,,,,
918156,1532,GISKE,17124846,0,121.0,"Tomannsbolig, vertikaldelt",TB,Tatt i bruk,20020918,20030425,20031217,132.0,,,57168390.0,Leitebakken,7025.0,15.0,,,6055.0,GODØYA
918157,1532,GISKE,18086425,0,111.0,Enebolig,TB,Tatt i bruk,10101,10101,10101,175.0,,,408067218.0,Postvegen,4001.0,580.0,,,6040.0,VIGRA
918158,1532,GISKE,18086433,0,111.0,Enebolig,TB,Tatt i bruk,10101,10101,10101,207.0,,,407723174.0,Klokkarvegen,4013.0,10.0,,,6040.0,VIGRA
918159,1532,GISKE,18086379,0,181.0,Garasjeuthus anneks til bolig,TB,Tatt i bruk,10101,10101,10101,18.0,,,,,,,,,,
918160,1532,GISKE,17124803,0,181.0,Garasjeuthus anneks til bolig,RA,Rammetillatelse,20020927,10101,10101,15.0,,,,,,,,,,
918161,1532,GISKE,18086387,0,181.0,Garasjeuthus anneks til bolig,TB,Tatt i bruk,10101,10101,10101,24.0,,,,,,,,,,
918162,1532,GISKE,17124811,0,121.0,"Tomannsbolig, vertikaldelt",TB,Tatt i bruk,20020917,20030425,20030925,146.0,,,430105626.0,Borniteigen,4049.0,10.0,,,6040.0,VIGRA
918163,1532,GISKE,18086395,0,122.0,"Tomannsbolig, horisontaldelt",TB,Tatt i bruk,10101,10101,10101,270.0,,,407723170.0,Klokkarvegen,4013.0,21.0,,,6040.0,VIGRA
918164,1532,GISKE,18086409,0,181.0,Garasjeuthus anneks til bolig,BR,Bygning revet/brent,20070219,10101,10101,41.0,,,,,,,,,,
918165,1532,GISKE,18086476,0,111.0,Enebolig,TB,Tatt i bruk,10101,10101,10101,244.0,,,407285363.0,Demmevegen,4027.0,16.0,,,6040.0,VIGRA
918166,1532,GISKE,17124889,0,121.0,"Tomannsbolig, vertikaldelt",TB,Tatt i bruk,20021015,20030425,20040226,148.0,,,407824137.0,Tevegen,4017.0,21.0,,,6040.0,VIGRA
918167,1532,GISKE,18086476,1,111.0,Enebolig,TB,Tatt i bruk,19970524,19971201,19981201,10.0,,,407285363.0,Demmevegen,4027.0,16.0,,,6040.0,VIGRA
918168,1532,GISKE,17124897,0,121.0,"Tomannsbolig, vertikaldelt",TB,Tatt i bruk,20021015,20030425,20031121,148.0,,,407824138.0,Tevegen,4017.0,23.0,,,6040.0,VIGRA
918169,1532,GISKE,18086484,0,181.0,Garasjeuthus anneks til bolig,TB,Tatt i bruk,10101,10101,10101,21.0,,,,,,,,,,
918170,1532,GISKE,17124854,0,121.0,"Tomannsbolig, vertikaldelt",TB,Tatt i bruk,20020918,20030425,20031217,132.0,,,57168391.0,Leitebakken,7025.0,13.0,,,6055.0,GODØYA
918171,1532,GISKE,18086433,1,111.0,Enebolig,TB,Tatt i bruk,20060622,20060622,20061231,47.0,,,407723174.0,Klokkarvegen,4013.0,10.0,,,6040.0,VIGRA
918172,1532,GISKE,17124862,0,181.0,Garasjeuthus anneks til bolig,RA,Rammetillatelse,20020920,10101,10101,50.0,,,,,,,,,,
918173,1532,GISKE,18086441,0,111.0,Enebolig,TB,Tatt i bruk,10101,10101,10101,222.0,,,407285362.0,Demmevegen,4027.0,14.0,,,6040.0,VIGRA
918174,1532,GISKE,17124870,0,113.0,Våningshus,TB,Tatt i bruk,20021008,20021108,20041202,95.0,,,57168393.0,Ådalsvegen,7019.0,43.0,,,6055.0,GODØYA
918175,1532,GISKE,18086468,0,181.0,Garasjeuthus anneks til bolig,TB,Tatt i bruk,10101,10101,10101,22.0,,,407285362.0,Demmevegen,4027.0,14.0,,,6040.0,VIGRA
918176,1532,GISKE,17124706,0,183.0,Naust båthus sjøbu,TB,Tatt i bruk,20020717,10101,20060601,98.0,,,,,,,,,,
918177,1532,GISKE,18086271,0,181.0,Garasjeuthus anneks til bolig,TB,Tatt i bruk,10101,10101,10101,21.0,,,57163402.0,Nørestranda,4006.0,511.0,,,6040.0,VIGRA
918178,1532,GISKE,17124714,0,183.0,Naust båthus sjøbu,TB,Tatt i bruk,20020711,10101,20030711,46.0,,,,,,,,,,
918179,1532,GISKE,18086298,0,111.0,Enebolig,TB,Tatt i bruk,10101,10101,10101,261.0,,,57163403.0,Øvregatå,4019.0,46.0,,,6040.0,VIGRA
918180,1532,GISKE,17124722,0,181.0,Garasjeuthus anneks til bolig,RA,Rammetillatelse,20020711,10101,10101,46.0,,,,,,,,,,
918181,1532,GISKE,18086301,0,181.0,Garasjeuthus anneks til bolig,TB,Tatt i bruk,10101,10101,10101,21.0,,,57163403.0,Øvregatå,4019.0,46.0,,,6040.0,VIGRA
918182,1532,GISKE,17124730,0,183.0,Naust båthus sjøbu,TB,Tatt i bruk,20020717,10101,20030717,46.0,,,,,,,,,,
918183,1532,GISKE,18086301,1,181.0,Garasjeuthus anneks til bolig,IG,Igangsettingstillatelse,19980303,20020823,10101,24.0,,,,,,,,,,
918184,1532,GISKE,17124684,0,136.0,Andre småhus m/3 boliger el fl,TB,Tatt i bruk,20020521,20030115,20030120,284.0,,,408496515.0,Trollhaugane,1087.0,5.0,,,6050.0,VALDERØYA
918185,1532,GISKE,18086220,0,111.0,Enebolig,TB,Tatt i bruk,10101,10101,10101,308.0,,,408231127.0,Aglasvegen,4008.0,25.0,,,6040.0,VIGRA
918186,1532,GISKE,18086247,0,615.0,Komb. barne- og ungdomsskole,TB,Tatt i bruk,10101,10101,10101,1202.0,,,408063725.0,Postvegen,4001.0,455.0,,,6040.0,VIGRA
918187,1532,GISKE,17124692,0,181.0,Garasjeuthus anneks til bolig,TB,Tatt i bruk,20020521,20030115,20030120,20.0,,,,,,,,,,
918188,1532,GISKE,18086255,0,181.0,Garasjeuthus anneks til bolig,TB,Tatt i bruk,10101,10101,10101,23.0,,,408067213.0,Postvegen,4001.0,513.0,,,6040.0,VIGRA
918189,1532,GISKE,18086263,0,111.0,Enebolig,TB,Tatt i bruk,10101,10101,10101,209.0,,,57163402.0,Nørestranda,4006.0,511.0,,,6040.0,VIGRA
918190,1532,GISKE,18086336,0,181.0,Garasjeuthus anneks til bolig,BU,Bygningsnummer utgått,10101,10101,10101,15.0,,,57163404.0,Øvregatå,4019.0,48.0,,,6040.0,VIGRA
918191,1532,GISKE,18086344,0,122.0,"Tomannsbolig, horisontaldelt",TB,Tatt i bruk,10101,10101,10101,288.0,,,408197646.0,Postvegen,4001.0,609.0,,,6040.0,VIGRA
918192,1532,GISKE,17124773,0,121.0,"Tomannsbolig, vertikaldelt",TB,Tatt i bruk,20020801,20020820,20041108,109.0,,,413943364.0,Nordstranda,1060.0,48.0,,,6050.0,VALDERØYA
918193,1532,GISKE,18086352,0,111.0,Enebolig,TB,Tatt i bruk,10101,10101,10101,260.0,,,407720938.0,Klokkarvegen,4013.0,17.0,,,6040.0,VIGRA
918194,1532,GISKE,18086360,0,111.0,Enebolig,TB,Tatt i bruk,10101,10101,10101,202.0,,,407723169.0,Klokkarvegen,4013.0,19.0,,,6040.0,VIGRA
918195,1532,GISKE,17124781,0,131.0,Rekkehus,BA,Bygging avlyst,20020801,10101,10101,94.0,,,,,,,,,,
918196,1532,GISKE,17124749,0,121.0,"Tomannsbolig, vertikaldelt",TB,Tatt i bruk,20020816,20030425,20040115,148.0,,,57168378.0,Øvstevegen,1000.0,36.0,,,6050.0,VALDERØYA
918197,1532,GISKE,18086328,0,112.0,Enebolig m/hybel/sokkelleil.,TB,Tatt i bruk,10101,10101,10101,252.0,,,57163404.0,Øvregatå,4019.0,48.0,,,6040.0,VIGRA
918198,1532,GISKE,17124757,0,121.0,"Tomannsbolig, vertikaldelt",IG,Igangsettingstillatelse,20020816,20030425,10101,148.0,,,57168379.0,Øvstevegen,1000.0,34.0,,,6050.0,VALDERØYA
918199,1532,GISKE,18086328,1,112.0,Enebolig m/hybel/sokkelleil.,TB,Tatt i bruk,19980316,19980801,19990301,41.0,,,,,,,,,,
918200,1532,GISKE,17124765,0,121.0,"Tomannsbolig, vertikaldelt",TB,Tatt i bruk,20020801,20020901,20041108,109.0,,,413943363.0,Nordstranda,1060.0,46.0,,,6050.0,VALDERØYA
918201,1532,GISKE,17124617,0,111.0,Enebolig,TB,Tatt i bruk,20020527,20020823,20040115,247.0,,,408515745.0,Trollhaugane,1087.0,72.0,,,6050.0,VALDERØYA
918202,1532,GISKE,17124625,0,181.0,Garasjeuthus anneks til bolig,TB,Tatt i bruk,20020531,20020823,20030925,49.0,,,,,,,,,,
918203,1532,GISKE,17124595,0,121.0,"Tomannsbolig, vertikaldelt",TB,Tatt i bruk,20011025,20011220,20020503,94.0,,,390646147.0,Klokkmarka,1047.0,4.0,,,6050.0,VALDERØYA
918204,1532,GISKE,17124609,0,111.0,Enebolig,FA,Ferdigattest,20020507,20020823,10101,129.0,,,400150606.0,Skaret,1065.0,15.0,,,6050.0,VALDERØYA
918205,1532,GISKE,17124668,0,111.0,Enebolig,BA,Bygging avlyst,20020611,10101,10101,126.0,,,57168372.0,Øvre Nordstranda,1072.0,98.0,,,6050.0,VALDERØYA
918206,1532,GISKE,17124676,0,111.0,Enebolig,BA,Bygging avlyst,20020611,10101,10101,126.0,,,57168373.0,Øvre Nordstranda,1072.0,100.0,,,6050.0,VALDERØYA
918207,1532,GISKE,18086212,0,181.0,Garasjeuthus anneks til bolig,TB,Tatt i bruk,10101,10101,10101,27.0,,,57163398.0,Markevegen,4014.0,43.0,,,6040.0,VIGRA
918208,1532,GISKE,17124633,0,112.0,Enebolig m/hybel/sokkelleil.,FA,Ferdigattest,20020611,20020823,20031229,281.0,,,375034530.0,Skjongstranda,1019.0,3.0,,,6050.0,VALDERØYA
918209,1532,GISKE,17124641,0,181.0,Garasjeuthus anneks til bolig,TB,Tatt i bruk,20020611,20020823,20100101,87.0,,,,,,,,,,
918210,1532,GISKE,17124501,0,121.0,"Tomannsbolig, vertikaldelt",TB,Tatt i bruk,20020402,20020823,20030625,147.0,,,403164316.0,Valderøyvegen,1002.0,276.0,,,6050.0,VALDERØYA
918211,1532,GISKE,17124528,0,121.0,"Tomannsbolig, vertikaldelt",TB,Tatt i bruk,20020402,20020823,20030625,147.0,,,403164315.0,Valderøyvegen,1002.0,274.0,,,6050.0,VALDERØYA
918212,1532,GISKE,17124536,0,121.0,"Tomannsbolig, vertikaldelt",MB,Midlertidig brukstillatelse,20020402,20020823,10101,147.0,,,403164314.0,Valderøyvegen,1002.0,272.0,,,6050.0,VALDERØYA
918213,1532,GISKE,17124463,0,249.0,Annen landbruksbygning,BA,Bygging avlyst,20020402,10101,10101,33.0,,,,,,,,,,
918214,1532,GISKE,17124471,0,249.0,Annen landbruksbygning,BA,Bygging avlyst,20020402,10101,10101,65.0,,,,,,,,,,
918215,1532,GISKE,17124498,0,111.0,Enebolig,FA,Ferdigattest,20020402,20020823,20040210,168.0,,,396602328.0,Skomakarvegen,1041.0,38.0,,,6050.0,VALDERØYA
918216,1532,GISKE,17124560,0,243.0,Veksthus,BA,Bygging avlyst,20020402,10101,10101,131.0,,,,,,,,,,
918217,1532,GISKE,17124579,0,181.0,Garasjeuthus anneks til bolig,TB,Tatt i bruk,20020402,20020823,20030115,51.0,,,,,,,,,,
918218,1532,GISKE,17124587,0,111.0,Enebolig,TB,Tatt i bruk,20020412,20020823,20040117,275.0,,,315258569.0,Larsgjerdet,8519.0,14.0,,,6052.0,GISKE
918219,1532,GISKE,17124544,0,121.0,"Tomannsbolig, vertikaldelt",MB,Midlertidig brukstillatelse,20020402,20020823,10101,147.0,,,403164313.0,Valderøyvegen,1002.0,270.0,,,6050.0,VALDERØYA
918220,1532,GISKE,17124552,0,181.0,Garasjeuthus anneks til bolig,TB,Tatt i bruk,20020402,20020823,20041201,53.0,,,,,,,,,,
918221,1532,GISKE,18087006,1,113.0,Våningshus,TB,Tatt i bruk,20070319,20070321,20070901,0.0,,,,,,,,,,
918222,1532,GISKE,17126539,0,181.0,Garasjeuthus anneks til bolig,TB,Tatt i bruk,20060119,20060119,20080205,25.0,,,,,,,,,,
918223,1532,GISKE,17125311,0,121.0,"Tomannsbolig, vertikaldelt",TB,Tatt i bruk,20030616,20040215,20041108,145.0,,,407654878.0,Rotmyrvegen,4015.0,6.0,,,6040.0,VIGRA
918224,1532,GISKE,18087014,0,241.0,Hus for dyr/landbr.lager/silo,TB,Tatt i bruk,10101,10101,10101,471.0,,,407654084.0,Molnesvegen,4005.0,399.0,,,6040.0,VIGRA
918225,1532,GISKE,17126547,0,999.0,,TB,Tatt i bruk,20050428,20050428,20050730,0.0,,,,,,,,,,
918226,1532,GISKE,18087022,0,183.0,Naust båthus sjøbu,TB,Tatt i bruk,10101,10101,10101,54.0,,,407654084.0,Molnesvegen,4005.0,399.0,,,6040.0,VIGRA
918227,1532,GISKE,17125338,0,121.0,"Tomannsbolig, vertikaldelt",TB,Tatt i bruk,20030616,20040215,20041108,145.0,,,407654877.0,Rotmyrvegen,4015.0,4.0,,,6040.0,VIGRA
918228,1532,GISKE,18086999,0,241.0,Hus for dyr/landbr.lager/silo,TB,Tatt i bruk,10101,10101,10101,424.0,,,407563766.0,Molnesvegen,4005.0,316.0,,,6040.0,VIGRA
918229,1532,GISKE,17125273,0,181.0,Garasjeuthus anneks til bolig,RA,Rammetillatelse,20030602,10101,10101,21.0,,,,,,,,,,
918230,1532,GISKE,17126512,0,181.0,Garasjeuthus anneks til bolig,IG,Igangsettingstillatelse,20040503,20040701,10101,73.0,,,,,,,,,,
918231,1532,GISKE,18086999,1,241.0,Hus for dyr/landbr.lager/silo,TB,Tatt i bruk,19940526,19940601,19940702,49.0,,,407563766.0,Molnesvegen,4005.0,316.0,,,6040.0,VIGRA
918232,1532,GISKE,17125281,0,121.0,"Tomannsbolig, vertikaldelt",TB,Tatt i bruk,20030923,20040215,20040917,143.0,,,57168396.0,Øvstevegen,1000.0,42.0,,,6050.0,VALDERØYA
918233,1532,GISKE,17126520,0,181.0,Garasjeuthus anneks til bolig,TB,Tatt i bruk,20050120,20050120,20051201,69.0,,,57166966.0,Jussbakken,7008.0,47.0,,,6055.0,GODØYA
918234,1532,GISKE,18087006,0,113.0,Våningshus,TB,Tatt i bruk,10101,10101,10101,278.0,,,407563766.0,Molnesvegen,4005.0,316.0,,,6040.0,VIGRA
918235,1532,GISKE,17125303,0,121.0,"Tomannsbolig, vertikaldelt",TB,Tatt i bruk,20030923,20040215,20040917,143.0,,,57168454.0,Øvstevegen,1000.0,44.0,,,6050.0,VALDERØYA
918236,1532,GISKE,18087073,0,113.0,Våningshus,TB,Tatt i bruk,10101,10101,10101,265.0,,,407558447.0,Molnesvegen,4005.0,233.0,,,6040.0,VIGRA
918237,1532,GISKE,17126598,0,181.0,Garasjeuthus anneks til bolig,TB,Tatt i bruk,20060206,20060207,20100101,0.0,,,,,,,,,,
918238,1532,GISKE,18087081,0,241.0,Hus for dyr/landbr.lager/silo,TB,Tatt i bruk,10101,10101,10101,40.0,,,407558448.0,Molnesvegen,4005.0,235.0,,,6040.0,VIGRA
918239,1532,GISKE,17125362,0,121.0,"Tomannsbolig, vertikaldelt",FA,Ferdigattest,20040329,20040329,20050901,133.0,,,57164845.0,Storeteigane,7010.0,8.0,,,6055.0,GODØYA
918240,1532,GISKE,17126601,0,615.0,Komb. barne- og ungdomsskole,TB,Tatt i bruk,10101,10101,20060214,1244.0,,,57168948.0,,,,,0.0,6040.0,VIGRA
918241,1532,GISKE,18087103,0,241.0,Hus for dyr/landbr.lager/silo,TB,Tatt i bruk,10101,10101,10101,155.0,,,407563762.0,Molnesvegen,4005.0,255.0,,,6040.0,VIGRA
918242,1532,GISKE,17126628,0,111.0,Enebolig,TB,Tatt i bruk,20060119,10101,20090101,313.0,,,57168441.0,Roslateigen,1098.0,1.0,,,6050.0,VALDERØYA
918243,1532,GISKE,18087111,0,113.0,Våningshus,TB,Tatt i bruk,10101,10101,10101,277.0,,,407563762.0,Molnesvegen,4005.0,255.0,,,6040.0,VIGRA
918244,1532,GISKE,17125370,0,121.0,"Tomannsbolig, vertikaldelt",FA,Ferdigattest,20040329,20040329,20050901,133.0,,,57168474.0,Storeteigane,7010.0,10.0,,,6055.0,GODØYA
918245,1532,GISKE,18087030,0,113.0,Våningshus,TB,Tatt i bruk,10101,10101,10101,250.0,,,407654083.0,Molnesvegen,4005.0,386.0,,,6040.0,VIGRA
918246,1532,GISKE,17126555,0,111.0,Enebolig,TB,Tatt i bruk,20050106,20050106,20050630,242.0,,,57167548.0,Nesbakken,7035.0,14.0,,,6055.0,GODØYA
918247,1532,GISKE,18087049,0,113.0,Våningshus,TB,Tatt i bruk,10101,10101,10101,276.0,,,407654084.0,Molnesvegen,4005.0,399.0,,,6040.0,VIGRA
918248,1532,GISKE,17125346,0,111.0,Enebolig,TB,Tatt i bruk,20031022,20031022,20050501,109.0,,,315247589.0,Larsgjerdet,8519.0,1.0,,,6052.0,GISKE
918249,1532,GISKE,18087057,0,111.0,Enebolig,TB,Tatt i bruk,10101,10101,10101,267.0,,,407285049.0,Fjellfoten,4028.0,2.0,,,6040.0,VIGRA
918250,1532,GISKE,17126571,0,136.0,Andre småhus m/3 boliger el fl,TB,Tatt i bruk,20051013,20060130,20060701,288.0,,,322515617.0,Rishaugen,8528.0,8.0,C,,6052.0,GISKE
918251,1532,GISKE,18087065,0,241.0,Hus for dyr/landbr.lager/silo,TB,Tatt i bruk,10101,10101,10101,243.0,,,407285049.0,Fjellfoten,4028.0,2.0,,,6040.0,VIGRA
918252,1532,GISKE,17125354,0,136.0,Andre småhus m/3 boliger el fl,TB,Tatt i bruk,20031211,20040101,20040902,300.0,,,378836352.0,Jusspivegen,1028.0,7.0,,,6050.0,VALDERØYA
918253,1532,GISKE,18086867,0,241.0,Hus for dyr/landbr.lager/silo,BR,Bygning revet/brent,10101,10101,10101,357.0,,,407654086.0,Molnesvegen,4005.0,418.0,,,6040.0,VIGRA
918254,1532,GISKE,17125192,0,181.0,Garasjeuthus anneks til bolig,TB,Tatt i bruk,20030505,20030530,20080130,67.0,,,,,,,,,,
918255,1532,GISKE,18086875,0,113.0,Våningshus,TB,Tatt i bruk,10101,10101,10101,313.0,,,407654086.0,Molnesvegen,4005.0,418.0,,,6040.0,VIGRA
918256,1532,GISKE,18086883,0,183.0,Naust båthus sjøbu,BR,Bygning revet/brent,10101,10101,10101,83.0,,,,,,,,,,
918257,1532,GISKE,18086891,0,113.0,Våningshus,TB,Tatt i bruk,10101,10101,10101,248.0,,,407654870.0,Molnesvegen,4005.0,421.0,,,6040.0,VIGRA
918258,1532,GISKE,17125214,0,181.0,Garasjeuthus anneks til bolig,RA,Rammetillatelse,20030528,10101,10101,80.0,,,,,,,,,,
918259,1532,GISKE,18086824,0,241.0,Hus for dyr/landbr.lager/silo,TB,Tatt i bruk,10101,10101,10101,54.0,,,407654079.0,Molnesvegen,4005.0,345.0,,,6040.0,VIGRA
918260,1532,GISKE,17125125,0,181.0,Garasjeuthus anneks til bolig,BA,Bygging avlyst,20040304,10101,10101,45.0,,,,,,,,,,
918261,1532,GISKE,18086832,0,249.0,Annen landbruksbygning,TB,Tatt i bruk,10101,10101,10101,92.0,,,407654079.0,Molnesvegen,4005.0,345.0,,,6040.0,VIGRA
918262,1532,GISKE,17125168,0,181.0,Garasjeuthus anneks til bolig,TB,Tatt i bruk,20030521,10101,20060601,45.0,,,,,,,,,,
918263,1532,GISKE,18086840,0,241.0,Hus for dyr/landbr.lager/silo,TB,Tatt i bruk,10101,10101,10101,430.0,,,407654079.0,Molnesvegen,4005.0,345.0,,,6040.0,VIGRA
918264,1532,GISKE,17125176,0,181.0,Garasjeuthus anneks til bolig,TB,Tatt i bruk,20030408,20030430,20060101,43.0,,,,,,,,,,
918265,1532,GISKE,18086859,0,249.0,Annen landbruksbygning,TB,Tatt i bruk,10101,10101,10101,47.0,,,,,,,,,,
918266,1532,GISKE,18086956,0,113.0,Våningshus,TB,Tatt i bruk,10101,10101,10101,289.0,,,407563764.0,Molnesvegen,4005.0,294.0,,,6040.0,VIGRA
918267,1532,GISKE,17125249,0,181.0,Garasjeuthus anneks til bolig,TB,Tatt i bruk,20030610,20030610,20050627,31.0,,,,,,,,,,
918268,1532,GISKE,18086964,0,241.0,Hus for dyr/landbr.lager/silo,BR,Bygning revet/brent,10101,10101,10101,343.0,,,407563764.0,Molnesvegen,4005.0,294.0,,,6040.0,VIGRA
918269,1532,GISKE,18086972,0,111.0,Enebolig,TB,Tatt i bruk,10101,10101,10101,194.0,,,407563765.0,Molnesvegen,4005.0,323.0,,,6040.0,VIGRA
918270,1532,GISKE,17125257,0,181.0,Garasjeuthus anneks til bolig,TB,Tatt i bruk,20030610,10101,20070101,71.0,,,,,,,,,,
918271,1532,GISKE,17126504,0,111.0,Enebolig,TB,Tatt i bruk,20040503,20040503,20051222,339.0,,,430098332.0,Janteigen,4055.0,12.0,,,6040.0,VIGRA
918272,1532,GISKE,18086980,0,241.0,Hus for dyr/landbr.lager/silo,TB,Tatt i bruk,10101,10101,10101,29.0,,,407563766.0,Molnesvegen,4005.0,316.0,,,6040.0,VIGRA
918273,1532,GISKE,17125265,0,181.0,Garasjeuthus anneks til bolig,RA,Rammetillatelse,20030611,10101,10101,68.0,,,,,,,,,,
918274,1532,GISKE,18086905,0,113.0,Våningshus,TB,Tatt i bruk,10101,10101,10101,243.0,,,407654871.0,Molnesvegen,4005.0,423.0,,,6040.0,VIGRA
918275,1532,GISKE,17125222,0,111.0,Enebolig,TB,Tatt i bruk,20030610,20030610,20050627,483.0,,,430098331.0,Janteigen,4055.0,8.0,,,6040.0,VIGRA
918276,1532,GISKE,18086913,0,181.0,Garasjeuthus anneks til bolig,BU,Bygningsnummer utgått,10101,10101,10101,48.0,,,407654870.0,Molnesvegen,4005.0,421.0,,,6040.0,VIGRA
918277,1532,GISKE,18086921,0,241.0,Hus for dyr/landbr.lager/silo,TB,Tatt i bruk,10101,10101,10101,298.0,,,407654870.0,Molnesvegen,4005.0,421.0,,,6040.0,VIGRA
918278,1532,GISKE,17125230,0,181.0,Garasjeuthus anneks til bolig,TB,Tatt i bruk,20030610,20030610,20050627,35.0,,,,,,,,,,
918279,1532,GISKE,18086948,0,249.0,Annen landbruksbygning,TB,Tatt i bruk,10101,10101,10101,14.0,,,407563764.0,Molnesvegen,4005.0,294.0,,,6040.0,VIGRA
918280,1532,GISKE,18086697,0,111.0,Enebolig,TB,Tatt i bruk,10101,10101,10101,146.0,,,408070610.0,Postvegen,4001.0,584.0,,,6040.0,VIGRA
918281,1532,GISKE,17125060,0,111.0,Enebolig,TB,Tatt i bruk,20030311,20030410,20041108,229.0,,,315247592.0,Larsgjerdet,8519.0,7.0,,,6052.0,GISKE
918282,1532,GISKE,18086700,0,111.0,Enebolig,TB,Tatt i bruk,10101,10101,10101,191.0,,,407654876.0,Rotmyrvegen,4015.0,2.0,,,6040.0,VIGRA
918283,1532,GISKE,18086719,0,181.0,Garasjeuthus anneks til bolig,TB,Tatt i bruk,10101,10101,10101,21.0,,,407654876.0,Rotmyrvegen,4015.0,2.0,,,6040.0,VIGRA
918284,1532,GISKE,17125079,0,121.0,"Tomannsbolig, vertikaldelt",TB,Tatt i bruk,20030313,20040112,20041220,127.0,,,408378578.0,Reset,4038.0,23.0,,,6040.0,VIGRA
918285,1532,GISKE,18086727,0,111.0,Enebolig,TB,Tatt i bruk,10101,10101,10101,196.0,,,57163428.0,Markevegen,4014.0,31.0,,,6040.0,VIGRA
918286,1532,GISKE,17125001,0,181.0,Garasjeuthus anneks til bolig,RA,Rammetillatelse,20030225,10101,10101,47.0,,,,,,,,,,
918287,1532,GISKE,17125028,0,183.0,Naust båthus sjøbu,RA,Rammetillatelse,20030131,10101,10101,77.0,,,,,,,,,,
918288,1532,GISKE,18086662,0,182.0,Garasjeuth.anneks til fritidb,TB,Tatt i bruk,10101,10101,10101,4.0,,,407558440.0,Molnesvegen,4005.0,120.0,,,6040.0,VIGRA
918289,1532,GISKE,17125044,0,319.0,Annen kontorbygning,TB,Tatt i bruk,10101,10101,10101,750.0,,,408098980.0,Postvegen,4001.0,632.0,,,6040.0,VIGRA
918290,1532,GISKE,18086670,0,111.0,Enebolig,TB,Tatt i bruk,10101,10101,10101,280.0,,,57163424.0,Øvregatå,4019.0,15.0,,,6040.0,VIGRA
918291,1532,GISKE,17125052,0,183.0,Naust båthus sjøbu,TB,Tatt i bruk,20030214,20030330,20060217,65.0,,,,,,,,,,
918292,1532,GISKE,18086689,0,111.0,Enebolig,TB,Tatt i bruk,10101,10101,10101,442.0,,,408077336.0,Postvegen,4001.0,624.0,,,6040.0,VIGRA
918293,1532,GISKE,18086786,0,181.0,Garasjeuthus anneks til bolig,TB,Tatt i bruk,10101,10101,10101,31.0,,,57163430.0,Nørestranda,4006.0,479.0,,,6040.0,VIGRA
918294,1532,GISKE,17125109,0,121.0,"Tomannsbolig, vertikaldelt",TB,Tatt i bruk,20030313,20031201,20040110,127.0,,,408378575.0,Reset,4038.0,17.0,,,6040.0,VIGRA
918295,1532,GISKE,18086794,0,241.0,Hus for dyr/landbr.lager/silo,TB,Tatt i bruk,10101,10101,10101,37.0,,,407654088.0,Molnesvegen,4005.0,424.0,,,6040.0,VIGRA
918296,1532,GISKE,18086808,0,113.0,Våningshus,TB,Tatt i bruk,10101,10101,10101,301.0,,,407654088.0,Molnesvegen,4005.0,424.0,,,6040.0,VIGRA
918297,1532,GISKE,17125117,0,112.0,Enebolig m/hybel/sokkelleil.,TB,Tatt i bruk,20030304,20030401,20061101,250.0,,,412752863.0,Fjellvegen,4044.0,35.0,,,6040.0,VIGRA
918298,1532,GISKE,18086816,0,249.0,Annen landbruksbygning,TB,Tatt i bruk,10101,10101,10101,96.0,,,407654088.0,Molnesvegen,4005.0,424.0,,,6040.0,VIGRA
918299,1532,GISKE,18086735,0,181.0,Garasjeuthus anneks til bolig,TB,Tatt i bruk,10101,10101,10101,15.0,,,57163428.0,Markevegen,4014.0,31.0,,,6040.0,VIGRA
918300,1532,GISKE,17125087,0,121.0,"Tomannsbolig, vertikaldelt",TB,Tatt i bruk,20030313,20040112,20041220,127.0,,,408378577.0,Reset,4038.0,21.0,,,6040.0,VIGRA
918301,1532,GISKE,18086743,0,111.0,Enebolig,TB,Tatt i bruk,10101,10101,10101,151.0,,,408067216.0,Postvegen,4001.0,532.0,,,6040.0,VIGRA
918302,1532,GISKE,18086751,0,181.0,Garasjeuthus anneks til bolig,TB,Tatt i bruk,10101,10101,10101,12.0,,,408067216.0,Postvegen,4001.0,532.0,,,6040.0,VIGRA
918303,1532,GISKE,17125095,0,121.0,"Tomannsbolig, vertikaldelt",TB,Tatt i bruk,20030313,20040112,20041220,127.0,,,408378576.0,Reset,4038.0,19.0,,,6040.0,VIGRA
918304,1532,GISKE,18086778,0,111.0,Enebolig,TB,Tatt i bruk,10101,10101,10101,192.0,,,57163430.0,Nørestranda,4006.0,479.0,,,6040.0,VIGRA
918305,1532,GISKE,17124927,0,121.0,"Tomannsbolig, vertikaldelt",TB,Tatt i bruk,20021129,20030425,20040225,145.0,,,411346250.0,Romsdalsvegen,4056.0,79.0,,,6040.0,VIGRA
918306,1532,GISKE,18086530,0,111.0,Enebolig,TB,Tatt i bruk,10101,10101,10101,267.0,,,57163416.0,Øvregatå,4019.0,17.0,,,6040.0,VIGRA
918307,1532,GISKE,18086549,0,111.0,Enebolig,TB,Tatt i bruk,10101,10101,10101,194.0,,,57163417.0,Leiren,4022.0,21.0,,,6040.0,VIGRA
918308,1532,GISKE,17124935,0,181.0,Garasjeuthus anneks til bolig,TB,Tatt i bruk,20021111,20030116,20080130,35.0,,,,,,,,,,
918309,1532,GISKE,18086557,0,181.0,Garasjeuthus anneks til bolig,TB,Tatt i bruk,10101,10101,10101,13.0,,,57163417.0,Leiren,4022.0,21.0,,,6040.0,VIGRA
918310,1532,GISKE,18086565,0,181.0,Garasjeuthus anneks til bolig,TB,Tatt i bruk,10101,10101,10101,14.0,,,57163417.0,Leiren,4022.0,21.0,,,6040.0,VIGRA
918311,1532,GISKE,18086492,0,122.0,"Tomannsbolig, horisontaldelt",TB,Tatt i bruk,10101,10101,10101,365.0,,,408241329.0,Postvegen,4001.0,604.0,,,6040.0,VIGRA
918312,1532,GISKE,17124900,0,181.0,Garasjeuthus anneks til bolig,RA,Rammetillatelse,20021022,10101,10101,8.0,,,,,,,,,,
918313,1532,GISKE,18086506,0,112.0,Enebolig m/hybel/sokkelleil.,TB,Tatt i bruk,10101,10101,10101,263.0,,,407723175.0,Klokkarvegen,4013.0,12.0,,,6040.0,VIGRA
918314,1532,GISKE,17124919,0,121.0,"Tomannsbolig, vertikaldelt",TB,Tatt i bruk,20021129,20030425,20040225,145.0,,,411346249.0,Romsdalsvegen,4056.0,77.0,,,6040.0,VIGRA
918315,1532,GISKE,18086514,0,112.0,Enebolig m/hybel/sokkelleil.,TB,Tatt i bruk,10101,10101,10101,250.1,,,408244040.0,Budafjellvegen,4010.0,40.0,,,6040.0,VIGRA
918316,1532,GISKE,18086522,0,181.0,Garasjeuthus anneks til bolig,TB,Tatt i bruk,10101,10101,10101,23.0,,,408244040.0,Budafjellvegen,4010.0,40.0,,,6040.0,VIGRA
918317,1532,GISKE,17124986,0,121.0,"Tomannsbolig, vertikaldelt",TB,Tatt i bruk,20030204,20030425,20040128,137.0,,,57168423.0,Øvstevegen,1000.0,30.0,,,6050.0,VALDERØYA
918318,1532,GISKE,18086638,0,181.0,Garasjeuthus anneks til bolig,TB,Tatt i bruk,10101,10101,10101,46.0,,,413502896.0,Smevegen,4016.0,11.0,,,6040.0,VIGRA
918319,1532,GISKE,18086646,0,111.0,Enebolig,TB,Tatt i bruk,10101,10101,10101,325.0,,,413502896.0,Smevegen,4016.0,11.0,,,6040.0,VIGRA
918320,1532,GISKE,17124994,0,121.0,"Tomannsbolig, vertikaldelt",TB,Tatt i bruk,19550101,19550201,19550901,181.0,,,397478052.0,Bakkevegen,1042.0,12.0,,,6050.0,VALDERØYA
918321,1532,GISKE,18086654,0,161.0,Fritidsbygg(hyttersommerh. ol,TB,Tatt i bruk,10101,10101,10101,86.0,,,407558440.0,Molnesvegen,4005.0,120.0,,,6040.0,VIGRA
918322,1532,GISKE,18086654,1,161.0,Fritidsbygg(hyttersommerh. ol,TB,Tatt i bruk,19961022,19971201,20000107,42.0,,,407558440.0,Molnesvegen,4005.0,120.0,,,6040.0,VIGRA
918323,1532,GISKE,17124943,0,181.0,Garasjeuthus anneks til bolig,TB,Tatt i bruk,20020827,10101,20060601,49.0,,,,,,,,,,
918324,1532,GISKE,18086573,0,111.0,Enebolig,TB,Tatt i bruk,10101,10101,10101,177.0,,,57163419.0,Hauvegen,4012.0,67.0,,,6040.0,VIGRA
918325,1532,GISKE,17124951,0,181.0,Garasjeuthus anneks til bolig,IG,Igangsettingstillatelse,20021206,20130528,10101,47.0,,,,,,,,,,
918326,1532,GISKE,18086581,0,111.0,Enebolig,TB,Tatt i bruk,10101,10101,10101,243.0,,,57163420.0,Markevegen,4014.0,41.0,,,6040.0,VIGRA
918327,1532,GISKE,17124978,0,121.0,"Tomannsbolig, vertikaldelt",TB,Tatt i bruk,20030204,20030425,20040128,137.0,,,57168377.0,Øvstevegen,1000.0,32.0,,,6050.0,VALDERØYA
918328,1532,GISKE,18086603,0,181.0,Garasjeuthus anneks til bolig,TB,Tatt i bruk,10101,10101,10101,52.0,,,57163420.0,Markevegen,4014.0,41.0,,,6040.0,VIGRA
918329,1532,GISKE,18086611,0,112.0,Enebolig m/hybel/sokkelleil.,TB,Tatt i bruk,10101,10101,10101,290.0,,,408070609.0,Postvegen,4001.0,582.0,,,6040.0,VIGRA
918330,1532,GISKE,18089289,0,111.0,Enebolig,TB,Tatt i bruk,10101,10101,10101,354.0,,,57163456.0,Hauvegen,4012.0,71.0,,,6040.0,VIGRA
918331,1532,GISKE,18089297,0,111.0,Enebolig,TB,Tatt i bruk,10101,10101,10101,184.0,,,408252549.0,Budafjellvegen,4010.0,27.0,,,6040.0,VIGRA
918332,1532,GISKE,18089300,0,181.0,Garasjeuthus anneks til bolig,TB,Tatt i bruk,10101,10101,10101,42.0,,,408252549.0,Budafjellvegen,4010.0,27.0,,,6040.0,VIGRA
918333,1532,GISKE,18089319,0,111.0,Enebolig,TB,Tatt i bruk,10101,10101,10101,168.0,,,407723172.0,Klokkarvegen,4013.0,4.0,,,6040.0,VIGRA
918334,1532,GISKE,18089246,0,111.0,Enebolig,TB,Tatt i bruk,10101,10101,10101,188.0,,,407824134.0,Tevegen,4017.0,13.0,,,6040.0,VIGRA
918335,1532,GISKE,18089254,0,111.0,Enebolig,TB,Tatt i bruk,10101,10101,10101,135.0,,,413505886.0,Smevegen,4016.0,18.0,,,6040.0,VIGRA
918336,1532,GISKE,18089262,0,111.0,Enebolig,TB,Tatt i bruk,20151218,10101,10101,464.0,,,413505879.0,Smevegen,4016.0,4.0,,,6040.0,VIGRA
918337,1532,GISKE,18089270,0,111.0,Enebolig,TB,Tatt i bruk,10101,10101,10101,187.0,,,413502897.0,Smevegen,4016.0,13.0,,,6040.0,VIGRA
918338,1532,GISKE,18089319,1,111.0,Enebolig,RA,Rammetillatelse,20001205,10101,10101,53.0,,,407723172.0,Klokkarvegen,4013.0,4.0,,,6040.0,VIGRA
918339,1532,GISKE,18089122,0,181.0,Garasjeuthus anneks til bolig,TB,Tatt i bruk,10101,10101,10101,15.0,,,408241338.0,Budafjellvegen,4010.0,36.0,,,6040.0,VIGRA
918340,1532,GISKE,18089130,0,111.0,Enebolig,TB,Tatt i bruk,10101,10101,10101,174.0,,,57163449.0,Hauvegen,4012.0,31.0,,,6040.0,VIGRA
918341,1532,GISKE,18089149,0,181.0,Garasjeuthus anneks til bolig,TB,Tatt i bruk,10101,10101,10101,17.0,,,,,,,,,,
918342,1532,GISKE,18089157,0,181.0,Garasjeuthus anneks til bolig,TB,Tatt i bruk,10101,10101,10101,25.0,,,408051765.0,Postvegen,4001.0,197.0,,,6040.0,VIGRA
918343,1532,GISKE,18089084,0,111.0,Enebolig,TB,Tatt i bruk,10101,10101,10101,205.0,,,408067210.0,Postvegen,4001.0,505.0,,,6040.0,VIGRA
918344,1532,GISKE,18089092,0,111.0,Enebolig,TB,Tatt i bruk,10101,10101,10101,168.0,,,408252550.0,Budafjellvegen,4010.0,29.0,,,6040.0,VIGRA
918345,1532,GISKE,18089106,0,112.0,Enebolig m/hybel/sokkelleil.,TB,Tatt i bruk,10101,10101,10101,247.0,,,408241334.0,Bakarvegen,4009.0,14.0,,,6040.0,VIGRA
918346,1532,GISKE,18089114,0,111.0,Enebolig,TB,Tatt i bruk,10101,10101,10101,184.0,,,408241338.0,Budafjellvegen,4010.0,36.0,,,6040.0,VIGRA
918347,1532,GISKE,18089203,0,181.0,Garasjeuthus anneks til bolig,TB,Tatt i bruk,10101,10101,10101,41.0,,,,,,,,,,
918348,1532,GISKE,18089211,0,112.0,Enebolig m/hybel/sokkelleil.,TB,Tatt i bruk,10101,10101,10101,345.0,,,407723173.0,Klokkarvegen,4013.0,6.0,,,6040.0,VIGRA
918349,1532,GISKE,18089238,0,111.0,Enebolig,TB,Tatt i bruk,10101,10101,10101,171.0,,,407345181.0,Aglasgjerdet,4026.0,9.0,,,6040.0,VIGRA
918350,1532,GISKE,18089165,0,111.0,Enebolig,TB,Tatt i bruk,10101,10101,10101,171.0,,,146923221.0,Rørvikvegen,4032.0,12.0,,,6040.0,VIGRA
918351,1532,GISKE,18089173,0,113.0,Våningshus,TB,Tatt i bruk,10101,10101,10101,182.0,,,57163878.0,Nørestranda,4006.0,294.0,,,6040.0,VIGRA
918352,1532,GISKE,18089181,0,111.0,Enebolig,TB,Tatt i bruk,10101,10101,10101,271.0,,,407953856.0,Postvegen,4001.0,96.0,,,6040.0,VIGRA
918353,1532,GISKE,18089181,1,111.0,Enebolig,TB,Tatt i bruk,20051118,20051125,20060130,0.0,,,,,,,,,,
918354,1532,GISKE,18088983,0,111.0,Enebolig,TB,Tatt i bruk,10101,20150617,10101,129.0,,,57163441.0,Hauvegen,4012.0,73.0,,,6040.0,VIGRA
918355,1532,GISKE,18088991,0,111.0,Enebolig,TB,Tatt i bruk,10101,10101,10101,219.0,,,408067214.0,Postvegen,4001.0,512.0,,,6040.0,VIGRA
918356,1532,GISKE,18088991,1,111.0,Enebolig,TB,Tatt i bruk,20070720,20070720,20071231,10.0,,,,,,,,,,
918357,1532,GISKE,18088959,0,111.0,Enebolig,TB,Tatt i bruk,10101,10101,10101,190.0,,,408077338.0,Postvegen,4001.0,628.0,,,6040.0,VIGRA
918358,1532,GISKE,18088959,1,111.0,Enebolig,TB,Tatt i bruk,19951212,19960206,20080206,18.0,,,,,,,,,,
918359,1532,GISKE,18088959,2,111.0,Enebolig,TB,Tatt i bruk,10101,10101,10101,36.0,,,408077338.0,Postvegen,4001.0,628.0,,,6040.0,VIGRA
918360,1532,GISKE,18089033,0,181.0,Garasjeuthus anneks til bolig,TB,Tatt i bruk,10101,10101,10101,54.0,,,57167046.0,Nørestranda,4006.0,296.0,,,6040.0,VIGRA
918361,1532,GISKE,18089041,0,113.0,Våningshus,TB,Tatt i bruk,10101,10101,10101,242.0,,,57167046.0,Nørestranda,4006.0,296.0,,,6040.0,VIGRA
918362,1532,GISKE,18089068,0,111.0,Enebolig,TB,Tatt i bruk,10101,10101,10101,190.0,,,408060430.0,Postvegen,4001.0,243.0,,,6040.0,VIGRA
918363,1532,GISKE,18089076,0,111.0,Enebolig,TB,Tatt i bruk,10101,10101,10101,173.0,,,408063724.0,Postvegen,4001.0,395.0,,,6040.0,VIGRA
918364,1532,GISKE,18089017,0,183.0,Naust båthus sjøbu,TB,Tatt i bruk,10101,10101,10101,44.0,,,,,,,,,,
918365,1532,GISKE,18089025,0,183.0,Naust båthus sjøbu,TB,Tatt i bruk,10101,10101,10101,15.0,,,57167045.0,,,,,0.0,6040.0,VIGRA
918366,1532,GISKE,18088819,0,111.0,Enebolig,TB,Tatt i bruk,10101,10101,10101,120.0,,,57163871.0,Nørestranda,4006.0,333.0,,,6040.0,VIGRA
918367,1532,GISKE,18088827,0,112.0,Enebolig m/hybel/sokkelleil.,TB,Tatt i bruk,10101,10101,10101,186.0,,,57163872.0,Nørestranda,4006.0,298.0,,,6040.0,VIGRA
918368,1532,GISKE,18088835,0,111.0,Enebolig,TB,Tatt i bruk,10101,10101,10101,198.0,,,408051764.0,Postvegen,4001.0,195.0,,,6040.0,VIGRA
918369,1532,GISKE,18088843,0,181.0,Garasjeuthus anneks til bolig,TB,Tatt i bruk,10101,10101,10101,24.0,,,,,,,,,,
918370,1532,GISKE,18088770,0,181.0,Garasjeuthus anneks til bolig,TB,Tatt i bruk,10101,10101,10101,15.0,,,,,,,,,,
918371,1532,GISKE,18088789,0,111.0,Enebolig,TB,Tatt i bruk,10101,10101,10101,116.0,,,408051765.0,Postvegen,4001.0,197.0,,,6040.0,VIGRA
918372,1532,GISKE,18088797,0,111.0,Enebolig,TB,Tatt i bruk,10101,10101,10101,233.0,,,408051762.0,Postvegen,4001.0,153.0,,,6040.0,VIGRA
918373,1532,GISKE,18088800,0,111.0,Enebolig,TB,Tatt i bruk,10101,10101,10101,340.0,,,57163870.0,Nørestranda,4006.0,473.0,,,6040.0,VIGRA
918374,1532,GISKE,18088908,0,822.0,Brannstasjon ambulansestasjon,TB,Tatt i bruk,10101,10101,10101,510.0,,,465336941.0,Flyplassvegen,4033.0,29.0,,,6040.0,VIGRA
918375,1532,GISKE,18088916,0,241.0,Hus for dyr/landbr.lager/silo,TB,Tatt i bruk,10101,10101,20080118,275.0,,,,,,,,,,
918376,1532,GISKE,18088932,0,111.0,Enebolig,TB,Tatt i bruk,10101,10101,10101,164.0,,,407285123.0,Demmevegen,4027.0,13.0,,,6040.0,VIGRA
918377,1532,GISKE,18088940,0,111.0,Enebolig,TB,Tatt i bruk,10101,10101,10101,222.0,,,408231121.0,Hauvegen,4012.0,17.0,,,6040.0,VIGRA
918378,1532,GISKE,18088851,0,181.0,Garasjeuthus anneks til bolig,TB,Tatt i bruk,10101,10101,10101,17.0,,,,,,,,,,
918379,1532,GISKE,18088878,0,111.0,Enebolig,TB,Tatt i bruk,10101,10101,10101,165.0,,,57163875.0,Nørestranda,4006.0,290.0,,,6040.0,VIGRA
918380,1532,GISKE,18088886,0,111.0,Enebolig,TB,Tatt i bruk,10101,10101,10101,185.0,,,57163877.0,Nørestranda,4006.0,313.0,,,6040.0,VIGRA
918381,1532,GISKE,18088894,0,319.0,Annen kontorbygning,TB,Tatt i bruk,10101,10101,10101,20.0,,,,,,,,,,
918382,1532,GISKE,17124404,0,183.0,Naust båthus sjøbu,TB,Tatt i bruk,20020324,10101,20060601,202.0,,,,,,,,,,
918383,1532,GISKE,17124412,0,111.0,Enebolig,TB,Tatt i bruk,20020308,20020823,20030103,176.0,,,315247598.0,Larsgjerdet,8519.0,12.0,,,6052.0,GISKE
918384,1532,GISKE,17124374,0,111.0,Enebolig,TB,Tatt i bruk,20011228,20020823,20021007,107.0,,,315247593.0,Larsgjerdet,8519.0,2.0,,,6052.0,GISKE
918385,1532,GISKE,17124382,0,183.0,Naust båthus sjøbu,TB,Tatt i bruk,20020215,10101,20060601,101.0,,,,,,,,,,
918386,1532,GISKE,17124390,0,111.0,Enebolig,TB,Tatt i bruk,20020226,20020326,20021118,229.0,,,408390913.0,Søre Oksneset,1067.0,24.0,,,6050.0,VALDERØYA
918387,1532,GISKE,17124447,0,181.0,Garasjeuthus anneks til bolig,TB,Tatt i bruk,20020123,20020823,20090317,27.0,,,,,,,,,,
918388,1532,GISKE,17124455,0,121.0,"Tomannsbolig, vertikaldelt",TB,Tatt i bruk,20020311,20020823,20021008,144.0,,,430099054.0,Janteigen,4055.0,21.0,,,6040.0,VIGRA
918389,1532,GISKE,17124420,0,121.0,"Tomannsbolig, vertikaldelt",TB,Tatt i bruk,20020311,20030410,20030411,108.0,,,315258577.0,Knutiteigen,8513.0,10.0,,,6052.0,GISKE
918390,1532,GISKE,17124439,0,121.0,"Tomannsbolig, vertikaldelt",TB,Tatt i bruk,20020311,20030410,20030411,108.0,,,315258578.0,Knutiteigen,8513.0,12.0,,,6052.0,GISKE
918391,1532,GISKE,17124293,0,181.0,Garasjeuthus anneks til bolig,TB,Tatt i bruk,20011031,10101,20020101,55.0,,,,,,,,,,
918392,1532,GISKE,17124307,0,181.0,Garasjeuthus anneks til bolig,TB,Tatt i bruk,20011113,10101,20020101,18.0,,,,,,,,,,
918393,1532,GISKE,17124315,0,181.0,Garasjeuthus anneks til bolig,TB,Tatt i bruk,20011116,20030425,20040117,59.0,,,,,,,,,,
918394,1532,GISKE,17124285,0,121.0,"Tomannsbolig, vertikaldelt",TB,Tatt i bruk,20020311,20020823,20030113,144.0,,,430099055.0,Janteigen,4055.0,23.0,,,6040.0,VIGRA
918395,1532,GISKE,17124358,0,111.0,Enebolig,TB,Tatt i bruk,20011228,20020920,20021007,107.0,,,315247595.0,Larsgjerdet,8519.0,6.0,,,6052.0,GISKE
918396,1532,GISKE,17124366,0,111.0,Enebolig,TB,Tatt i bruk,20011228,20021022,20030221,107.0,,,315247594.0,Larsgjerdet,8519.0,4.0,,,6052.0,GISKE
918397,1532,GISKE,17124323,0,111.0,Enebolig,TB,Tatt i bruk,20011211,20020823,20020919,150.0,,,309325840.0,Bedehusvegen,8509.0,38.0,,,6052.0,GISKE
918398,1532,GISKE,17124331,0,112.0,Enebolig m/hybel/sokkelleil.,TB,Tatt i bruk,20011031,20020823,20030614,298.0,,,396729717.0,Øvre Nordstranda,1072.0,9.0,,,6050.0,VALDERØYA
918399,1532,GISKE,17128477,0,136.0,Andre småhus m/3 boliger el fl,FA,Ferdigattest,20070907,20070914,10101,198.0,,,321543392.0,Rikkavegen,8502.0,1.0,A,,6052.0,GISKE
918400,1532,GISKE,17128485,0,111.0,Enebolig,MB,Midlertidig brukstillatelse,20070310,20071010,10101,329.0,,,320898168.0,Sperravegen,8522.0,60.0,,,6052.0,GISKE
918401,1532,GISKE,17128442,0,111.0,Enebolig,MB,Midlertidig brukstillatelse,20070829,20070829,10101,259.0,,,57168945.0,Leitet,7024.0,15.0,,,6055.0,GODØYA
918402,1532,GISKE,17128450,0,162.0,Helårsb.benyttes som fritidsb.,TB,Tatt i bruk,20070829,20070829,20100115,182.0,,,57168908.0,Hauvegen,4012.0,69.0,,,6040.0,VIGRA
918403,1532,GISKE,17128469,0,181.0,Garasjeuthus anneks til bolig,TB,Tatt i bruk,20071002,20071002,20071231,60.0,,,,,,,,,,
918404,1532,GISKE,17128523,0,112.0,Enebolig m/hybel/sokkelleil.,MB,Midlertidig brukstillatelse,20060419,20060426,10101,280.0,,,391501389.0,Måsemyrane,1056.0,17.0,,,6050.0,VALDERØYA
918405,1532,GISKE,17128531,0,999.0,,TB,Tatt i bruk,20070811,20070811,20090427,0.0,,,,,,,,,,
918406,1532,GISKE,17128558,0,181.0,Garasjeuthus anneks til bolig,TB,Tatt i bruk,20070911,20071115,20081109,44.0,,,57164534.0,Leiteråsa,7026.0,6.0,,,6055.0,GODØYA
918407,1532,GISKE,17128493,0,211.0,Fabrikkbygning,IG,Igangsettingstillatelse,20070504,20070525,10101,6300.0,,,514879062.0,Sørestranda,4004.0,11.0,,,6040.0,VIGRA
918408,1532,GISKE,17128507,0,411.0,Eksp.bygn. flyterm. kontr.tårn,FA,Ferdigattest,20071011,20071011,10101,64.0,,,,,,,,,,
918409,1532,GISKE,17128515,0,411.0,Eksp.bygn. flyterm. kontr.tårn,FA,Ferdigattest,20071011,20071011,10101,43.0,,,,,,,,,,
918410,1532,GISKE,17128345,0,181.0,Garasjeuthus anneks til bolig,TB,Tatt i bruk,20070307,20070321,20100101,47.0,,,,,,,,,,
918411,1532,GISKE,17128353,0,181.0,Garasjeuthus anneks til bolig,TB,Tatt i bruk,20060503,20060803,20061109,66.0,,,,,,,,,,
918412,1532,GISKE,17128361,0,181.0,Garasjeuthus anneks til bolig,TB,Tatt i bruk,20060503,20060803,20061108,66.0,,,,,,,,,,
918413,1532,GISKE,17128302,0,181.0,Garasjeuthus anneks til bolig,TB,Tatt i bruk,20070816,20070828,20080128,12.0,,,,,,,,,,
918414,1532,GISKE,17128310,0,181.0,Garasjeuthus anneks til bolig,TB,Tatt i bruk,20070816,20070828,20080128,19.0,,,,,,,,,,
918415,1532,GISKE,17128426,0,181.0,Garasjeuthus anneks til bolig,TB,Tatt i bruk,20070621,20071204,20081001,56.0,,,,,,,,,,
918416,1532,GISKE,17128434,0,121.0,"Tomannsbolig, vertikaldelt",MB,Midlertidig brukstillatelse,20070830,20080110,10101,50.8,,,266276904.0,Timanngjerdet,4020.0,2.0,,,6040.0,VIGRA
918417,1532,GISKE,17128388,0,111.0,Enebolig,TB,Tatt i bruk,20061102,20061116,20090101,247.0,,,378828034.0,Jusspivegen,1028.0,22.0,,,6050.0,VALDERØYA
918418,1532,GISKE,17128418,0,111.0,Enebolig,TB,Tatt i bruk,20070621,20071004,20080212,172.0,,,411236442.0,Hamnevegen,4045.0,195.0,,,6040.0,VIGRA
918419,1532,GISKE,17128213,0,121.0,"Tomannsbolig, vertikaldelt",TB,Tatt i bruk,20060406,20060703,20080909,152.0,,,378821529.0,Syvermarka,1037.0,81.0,,,6050.0,VALDERØYA
918420,1532,GISKE,17128221,0,121.0,"Tomannsbolig, vertikaldelt",TB,Tatt i bruk,20060406,20060703,20080909,152.0,,,378821530.0,Syvermarka,1037.0,83.0,,,6050.0,VALDERØYA
918421,1532,GISKE,17128248,0,121.0,"Tomannsbolig, vertikaldelt",TB,Tatt i bruk,20060406,20060703,20080909,152.0,,,378821531.0,Syvermarka,1037.0,85.0,,,6050.0,VALDERØYA
918422,1532,GISKE,17128191,0,136.0,Andre småhus m/3 boliger el fl,TB,Tatt i bruk,20060406,20060703,20070712,280.0,,,378579149.0,Syvermarka,1037.0,61.0,,,6050.0,VALDERØYA
918423,1532,GISKE,17128205,0,136.0,Andre småhus m/3 boliger el fl,TB,Tatt i bruk,20060406,20060703,20070712,280.0,,,378574174.0,Syvermarka,1037.0,51.0,,,6050.0,VALDERØYA
918424,1532,GISKE,17128280,0,136.0,Andre småhus m/3 boliger el fl,FA,Ferdigattest,20070123,20070130,10101,382.0,,,57168501.0,Øvstevegen,1000.0,54.0,A,,6050.0,VALDERØYA
918425,1532,GISKE,17128299,0,136.0,Andre småhus m/3 boliger el fl,FA,Ferdigattest,20070123,20070130,10101,382.0,,,57168871.0,Øvstevegen,1000.0,52.0,A,,6050.0,VALDERØYA
918426,1532,GISKE,17128256,0,121.0,"Tomannsbolig, vertikaldelt",TB,Tatt i bruk,20060406,20060703,20080909,152.0,,,378821532.0,Syvermarka,1037.0,87.0,,,6050.0,VALDERØYA
918427,1532,GISKE,17128264,0,181.0,Garasjeuthus anneks til bolig,RA,Rammetillatelse,20070720,10101,10101,0.0,,,,,,,,,,
918428,1532,GISKE,17128272,0,181.0,Garasjeuthus anneks til bolig,TB,Tatt i bruk,20070720,20070820,20070920,36.0,,,375099684.0,Skjongstranda,1019.0,76.0,,,6050.0,VALDERØYA
918429,1532,GISKE,17128108,0,181.0,Garasjeuthus anneks til bolig,TB,Tatt i bruk,20070628,20070728,20100101,50.0,,,392309132.0,Skarteigane,1066.0,16.0,,,6050.0,VALDERØYA
918430,1532,GISKE,17128116,0,111.0,Enebolig,MB,Midlertidig brukstillatelse,20070627,20070706,10101,119.0,,,408244043.0,Budafjellvegen,4010.0,58.0,,,6040.0,VIGRA
918431,1532,GISKE,17128078,0,211.0,Fabrikkbygning,MB,Midlertidig brukstillatelse,20070510,20071105,10101,2029.0,,,265697929.0,Flyplassvegen,4033.0,8.0,,,6040.0,VIGRA
918432,1532,GISKE,17128086,0,136.0,Andre småhus m/3 boliger el fl,FA,Ferdigattest,20060912,20060912,10101,267.0,,,378826681.0,Jusspivegen,1028.0,37.0,,,6050.0,VALDERØYA
918433,1532,GISKE,17128094,0,136.0,Andre småhus m/3 boliger el fl,FA,Ferdigattest,20060619,20060619,10101,267.0,,,378826679.0,Jusspivegen,1028.0,33.0,,,6050.0,VALDERØYA
918434,1532,GISKE,17128175,0,136.0,Andre småhus m/3 boliger el fl,TB,Tatt i bruk,20060406,20060703,20070712,280.0,,,378579158.0,Syvermarka,1037.0,79.0,,,6050.0,VALDERØYA
918435,1532,GISKE,17128183,0,136.0,Andre småhus m/3 boliger el fl,TB,Tatt i bruk,20060406,20060703,20070712,280.0,,,378579154.0,Syvermarka,1037.0,71.0,,,6050.0,VALDERØYA
918436,1532,GISKE,17128124,0,111.0,Enebolig,TB,Tatt i bruk,20070627,20070706,20100101,119.0,,,408244042.0,Budafjellvegen,4010.0,56.0,,,6040.0,VIGRA
918437,1532,GISKE,17128132,0,181.0,Garasjeuthus anneks til bolig,TB,Tatt i bruk,20070621,20070709,20081211,50.0,,,,,,,,,,
918438,1532,GISKE,17128167,0,111.0,Enebolig,RA,Rammetillatelse,20071207,10101,10101,0.0,,,,,,,,,,
918439,1532,GISKE,18088657,0,181.0,Garasjeuthus anneks til bolig,TB,Tatt i bruk,10101,10101,10101,43.0,,,57163860.0,Nørestranda,4006.0,292.0,,,6040.0,VIGRA
918440,1532,GISKE,18088665,0,181.0,Garasjeuthus anneks til bolig,TB,Tatt i bruk,10101,10101,10101,30.0,,,407977061.0,Postvegen,4001.0,158.0,,,6040.0,VIGRA
918441,1532,GISKE,18088673,0,111.0,Enebolig,TB,Tatt i bruk,10101,10101,10101,218.0,,,407977061.0,Postvegen,4001.0,158.0,,,6040.0,VIGRA
918442,1532,GISKE,18088681,0,111.0,Enebolig,TB,Tatt i bruk,10101,10101,10101,87.0,,,57163863.0,Nørestranda,4006.0,471.0,,,6040.0,VIGRA
918443,1532,GISKE,18088622,0,419.0,Annen eksp. og terminalbygning,TB,Tatt i bruk,10101,10101,10101,308.0,,,,,,,,,,
918444,1532,GISKE,18088630,0,529.0,Annen bygning for overnatting,BR,Bygning revet/brent,10101,10101,10101,94.0,,,,,,,,,,
918445,1532,GISKE,18088649,0,111.0,Enebolig,TB,Tatt i bruk,10101,10101,10101,195.0,,,57163860.0,Nørestranda,4006.0,292.0,,,6040.0,VIGRA
918446,1532,GISKE,18088738,0,111.0,Enebolig,TB,Tatt i bruk,10101,10101,10101,186.0,,,57163865.0,Rørvikvegen,4032.0,25.0,,,6040.0,VIGRA
918447,1532,GISKE,18088746,0,181.0,Garasjeuthus anneks til bolig,TB,Tatt i bruk,10101,10101,10101,22.0,,,57163865.0,Rørvikvegen,4032.0,25.0,,,6040.0,VIGRA
918448,1532,GISKE,18088754,0,181.0,Garasjeuthus anneks til bolig,TB,Tatt i bruk,10101,10101,10101,30.0,,,57163865.0,Rørvikvegen,4032.0,25.0,,,6040.0,VIGRA
918449,1532,GISKE,18088762,0,111.0,Enebolig,TB,Tatt i bruk,10101,10101,10101,227.0,,,57163866.0,Rørvikvegen,4032.0,24.0,,,6040.0,VIGRA
918450,1532,GISKE,18088681,1,111.0,Enebolig,TB,Tatt i bruk,19941213,19950703,19950814,2.0,,,57163863.0,Nørestranda,4006.0,471.0,,,6040.0,VIGRA
918451,1532,GISKE,18088703,0,181.0,Garasjeuthus anneks til bolig,BR,Bygning revet/brent,10101,10101,10101,135.0,,,57163864.0,Nørestranda,4006.0,467.0,,,6040.0,VIGRA
918452,1532,GISKE,18088711,0,111.0,Enebolig,TB,Tatt i bruk,10101,10101,10101,214.0,,,57163864.0,Nørestranda,4006.0,467.0,,,6040.0,VIGRA
918453,1532,GISKE,18088541,0,241.0,Hus for dyr/landbr.lager/silo,TB,Tatt i bruk,10101,10101,10101,92.0,,,408051761.0,Postvegen,4001.0,151.0,,,6040.0,VIGRA
918454,1532,GISKE,18088568,0,113.0,Våningshus,TB,Tatt i bruk,10101,10101,10101,268.0,,,408051761.0,Postvegen,4001.0,151.0,,,6040.0,VIGRA
918455,1532,GISKE,18088576,0,113.0,Våningshus,TB,Tatt i bruk,10101,10101,10101,214.0,,,57163857.0,Nørestranda,4006.0,311.0,,,6040.0,VIGRA
918456,1532,GISKE,18088576,1,113.0,Våningshus,TB,Tatt i bruk,19940606,19940712,19941201,11.0,,,57163857.0,Nørestranda,4006.0,311.0,,,6040.0,VIGRA
918457,1532,GISKE,18088509,0,241.0,Hus for dyr/landbr.lager/silo,TB,Tatt i bruk,10101,10101,10101,37.0,,,57163853.0,Nørestranda,4006.0,377.0,,,6040.0,VIGRA
918458,1532,GISKE,18088517,0,113.0,Våningshus,TB,Tatt i bruk,10101,10101,10101,171.0,,,408051760.0,Postvegen,4001.0,149.0,,,6040.0,VIGRA
918459,1532,GISKE,18088525,0,241.0,Hus for dyr/landbr.lager/silo,TB,Tatt i bruk,10101,10101,10101,339.0,,,408051760.0,Postvegen,4001.0,149.0,,,6040.0,VIGRA
918460,1532,GISKE,18088533,0,241.0,Hus for dyr/landbr.lager/silo,TB,Tatt i bruk,10101,10101,10101,20.0,,,408051760.0,Postvegen,4001.0,149.0,,,6040.0,VIGRA
918461,1532,GISKE,18088614,0,411.0,Eksp.bygn. flyterm. kontr.tårn,TB,Tatt i bruk,10101,10101,10101,5189.0,,,57168924.0,Flyplassvegen,4033.0,27.0,,,6040.0,VIGRA
918462,1532,GISKE,18088614,1,411.0,Eksp.bygn. flyterm. kontr.tårn,TB,Tatt i bruk,19980827,19980902,19990428,1109.0,,,57168924.0,Flyplassvegen,4033.0,27.0,,,6040.0,VIGRA
918463,1532,GISKE,18088614,2,411.0,Eksp.bygn. flyterm. kontr.tårn,FA,Ferdigattest,20060926,20070108,10101,605.0,,,57168924.0,Flyplassvegen,4033.0,27.0,,,6040.0,VIGRA
918464,1532,GISKE,18088584,0,112.0,Enebolig m/hybel/sokkelleil.,TB,Tatt i bruk,10101,10101,10101,227.0,,,57163858.0,Nørestranda,4006.0,461.0,,,6040.0,VIGRA
918465,1532,GISKE,18088592,0,181.0,Garasjeuthus anneks til bolig,TB,Tatt i bruk,10101,10101,10101,32.0,,,57163858.0,Nørestranda,4006.0,461.0,,,6040.0,VIGRA
918466,1532,GISKE,18088606,0,113.0,Våningshus,TB,Tatt i bruk,10101,10101,10101,256.0,,,407973424.0,Postvegen,4001.0,119.0,,,6040.0,VIGRA
918467,1532,GISKE,18088371,0,241.0,Hus for dyr/landbr.lager/silo,TB,Tatt i bruk,10101,10101,10101,259.0,,,407977059.0,Postvegen,4001.0,130.0,,,6040.0,VIGRA
918468,1532,GISKE,17128779,0,181.0,Garasjeuthus anneks til bolig,IG,Igangsettingstillatelse,20080211,20080311,10101,0.0,,,57168848.0,Timanngjerdet,4020.0,10.0,,,6040.0,VIGRA
918469,1532,GISKE,18088398,0,113.0,Våningshus,TB,Tatt i bruk,10101,10101,10101,224.0,,,407977059.0,Postvegen,4001.0,130.0,,,6040.0,VIGRA
918470,1532,GISKE,18088401,0,241.0,Hus for dyr/landbr.lager/silo,TB,Tatt i bruk,10101,10101,10101,26.0,,,57163850.0,Rørvikvegen,4032.0,39.0,,,6040.0,VIGRA
918471,1532,GISKE,17128787,0,231.0,Lagerhall,TB,Tatt i bruk,20040413,20040420,20040706,371.0,,,,,,,,,,
918472,1532,GISKE,18088428,0,241.0,Hus for dyr/landbr.lager/silo,TB,Tatt i bruk,10101,10101,10101,465.0,,,57163850.0,Rørvikvegen,4032.0,39.0,,,6040.0,VIGRA
918473,1532,GISKE,17128736,0,111.0,Enebolig,TB,Tatt i bruk,10101,10101,19910920,179.0,,,413950940.0,Nordstranda,1060.0,108.0,,,6050.0,VALDERØYA
918474,1532,GISKE,18088339,0,243.0,Veksthus,TB,Tatt i bruk,10101,10101,10101,181.0,,,407973424.0,Postvegen,4001.0,119.0,,,6040.0,VIGRA
918475,1532,GISKE,17128744,0,181.0,Garasjeuthus anneks til bolig,TB,Tatt i bruk,10101,10101,20080205,35.0,,,,,,,,,,
918476,1532,GISKE,18088347,0,181.0,Garasjeuthus anneks til bolig,TB,Tatt i bruk,10101,10101,10101,23.0,,,,,,,,,,
918477,1532,GISKE,17128752,0,182.0,Garasjeuth.anneks til fritidb,TB,Tatt i bruk,10101,10101,20080206,50.0,,,,,,,,,,
918478,1532,GISKE,18088355,0,111.0,Enebolig,TB,Tatt i bruk,10101,10101,10101,96.0,,,57167538.0,Magretevegen,4031.0,44.0,,,6040.0,VIGRA
918479,1532,GISKE,17128760,0,111.0,Enebolig,MB,Midlertidig brukstillatelse,20060127,20060204,10101,280.3,,,400132036.0,Kistivegen,1046.0,14.0,,,6050.0,VALDERØYA
918480,1532,GISKE,18088363,0,181.0,Garasjeuthus anneks til bolig,TB,Tatt i bruk,10101,10101,10101,52.0,,,57163880.0,Magretevegen,4031.0,31.0,,,6040.0,VIGRA
918481,1532,GISKE,18088479,0,111.0,Enebolig,TB,Tatt i bruk,10101,10101,10101,249.0,,,407953855.0,Postvegen,4001.0,95.0,,,6040.0,VIGRA
918482,1532,GISKE,18088487,0,113.0,Våningshus,TB,Tatt i bruk,10101,10101,10101,312.0,,,57163853.0,Nørestranda,4006.0,377.0,,,6040.0,VIGRA
918483,1532,GISKE,18088487,1,113.0,Våningshus,MB,Midlertidig brukstillatelse,20020402,20020402,10101,101.0,,,57163853.0,Nørestranda,4006.0,377.0,,,6040.0,VIGRA
918484,1532,GISKE,18088495,0,241.0,Hus for dyr/landbr.lager/silo,TB,Tatt i bruk,10101,10101,10101,277.0,,,57163853.0,Nørestranda,4006.0,377.0,,,6040.0,VIGRA
918485,1532,GISKE,18088436,0,249.0,Annen landbruksbygning,TB,Tatt i bruk,10101,10101,10101,12.0,,,,,,,,,,
918486,1532,GISKE,18084074,0,241.0,Hus for dyr/landbr.lager/silo,TB,Tatt i bruk,10101,10101,10101,307.0,,,,,,,,,,
918487,1532,GISKE,18088444,0,113.0,Våningshus,TB,Tatt i bruk,10101,10101,10101,284.0,,,57163850.0,Rørvikvegen,4032.0,39.0,,,6040.0,VIGRA
918488,1532,GISKE,18084090,0,249.0,Annen landbruksbygning,TB,Tatt i bruk,10101,10101,10101,48.0,,,,,,,,,,
918489,1532,GISKE,18088452,0,113.0,Våningshus,TB,Tatt i bruk,10101,10101,10101,245.0,,,362572029.0,Nørestranda,4006.0,315.0,,,6040.0,VIGRA
918490,1532,GISKE,18084104,0,111.0,Enebolig,TB,Tatt i bruk,10101,10101,10101,246.0,,,407825501.0,Tevegen,4017.0,29.0,,,6040.0,VIGRA
918491,1532,GISKE,18088460,0,241.0,Hus for dyr/landbr.lager/silo,TB,Tatt i bruk,10101,10101,10101,319.0,,,,,,,,,,
918492,1532,GISKE,17128590,0,613.0,Barneskole,MB,Midlertidig brukstillatelse,20080107,20080114,10101,204.0,,,,,,,,,,
918493,1532,GISKE,17128612,0,181.0,Garasjeuthus anneks til bolig,TB,Tatt i bruk,20080128,20080228,20080328,49.0,,,,,,,,,,
918494,1532,GISKE,17128566,0,181.0,Garasjeuthus anneks til bolig,TB,Tatt i bruk,20071122,20071222,20080222,46.0,,,57164925.0,Nesbakken,7035.0,26.0,,,6055.0,GODØYA
918495,1532,GISKE,17128574,0,211.0,Fabrikkbygning,MB,Midlertidig brukstillatelse,20070920,20071025,10101,1707.0,,,465336940.0,Flyplassvegen,4033.0,23.0,,,6040.0,VIGRA
918496,1532,GISKE,17128582,0,181.0,Garasjeuthus anneks til bolig,TB,Tatt i bruk,20071122,20071203,20090205,36.0,,,57167971.0,Løkejohanvegen,1054.0,8.0,,,6050.0,VALDERØYA
918497,1532,GISKE,17128701,0,181.0,Garasjeuthus anneks til bolig,TB,Tatt i bruk,20060622,20060627,20071001,48.0,,,,,,,,,,
918498,1532,GISKE,18088312,0,241.0,Hus for dyr/landbr.lager/silo,TB,Tatt i bruk,10101,10101,10101,112.0,,,57163847.0,Nørestranda,4006.0,457.0,,,6040.0,VIGRA
918499,1532,GISKE,17128728,0,162.0,Helårsb.benyttes som fritidsb.,TB,Tatt i bruk,10101,10101,20080204,134.0,,,57167510.0,,,,,0.0,6050.0,VALDERØYA
918500,1532,GISKE,17128663,0,181.0,Garasjeuthus anneks til bolig,BA,Bygging avlyst,20070312,20080107,10101,70.0,,,,,,,,,,
918501,1532,GISKE,17128671,0,161.0,Fritidsbygg(hyttersommerh. ol,BR,Bygning revet/brent,20080130,20080130,20080130,133.0,,,57168932.0,,,,,0.0,6040.0,VIGRA
918502,1532,GISKE,17128698,0,111.0,Enebolig,TB,Tatt i bruk,20060622,20060627,20071001,192.0,,,354821294.0,Skjongmyra,1010.0,9.0,,,6050.0,VALDERØYA
918503,1532,GISKE,17126253,0,181.0,Garasjeuthus anneks til bolig,TB,Tatt i bruk,20050927,20050927,20070101,55.0,,,,,,,,,,
918504,1532,GISKE,18085674,0,181.0,Garasjeuthus anneks til bolig,TB,Tatt i bruk,10101,10101,10101,32.0,,,,,,,,,,
918505,1532,GISKE,18085682,0,111.0,Enebolig,TB,Tatt i bruk,20070621,20070621,20071231,222.0,,,57168933.0,Nørestranda,4006.0,353.0,,,6040.0,VIGRA
918506,1532,GISKE,17126261,0,121.0,"Tomannsbolig, vertikaldelt",TB,Tatt i bruk,20050923,20051017,20060701,141.0,,,391450608.0,Måsemyrane,1056.0,15.0,,,6050.0,VALDERØYA
918507,1532,GISKE,18085690,0,113.0,Våningshus,TB,Tatt i bruk,10101,10101,10101,197.0,,,57163876.0,Nørestranda,4006.0,351.0,,,6040.0,VIGRA
918508,1532,GISKE,17126288,0,121.0,"Tomannsbolig, vertikaldelt",TB,Tatt i bruk,20050923,20051017,20060701,141.0,,,391450607.0,Måsemyrane,1056.0,13.0,,,6050.0,VALDERØYA
918509,1532,GISKE,17126237,0,181.0,Garasjeuthus anneks til bolig,TB,Tatt i bruk,20050518,20050921,20050921,48.0,,,,,,,,,,
918510,1532,GISKE,18085623,0,181.0,Garasjeuthus anneks til bolig,TB,Tatt i bruk,10101,10101,10101,12.0,,,413502890.0,Øievegen,4018.0,5.0,,,6040.0,VIGRA
918511,1532,GISKE,18085631,0,111.0,Enebolig,TB,Tatt i bruk,10101,10101,10101,200.0,,,57163374.0,Hauvegen,4012.0,30.0,,,6040.0,VIGRA
918512,1532,GISKE,17126245,0,181.0,Garasjeuthus anneks til bolig,TB,Tatt i bruk,20050922,20050922,20051214,22.0,,,,,,,,,,
918513,1532,GISKE,18085658,0,181.0,Garasjeuthus anneks til bolig,BR,Bygning revet/brent,10101,10101,10101,17.0,,,57163374.0,Hauvegen,4012.0,30.0,,,6040.0,VIGRA
918514,1532,GISKE,18085666,0,122.0,"Tomannsbolig, horisontaldelt",TB,Tatt i bruk,10101,10101,10101,236.0,,,408067211.0,Postvegen,4001.0,509.0,,,6040.0,VIGRA
918515,1532,GISKE,18085720,0,183.0,Naust båthus sjøbu,BR,Bygning revet/brent,10101,10101,10101,57.0,,,,,,,,,,
918516,1532,GISKE,17127640,0,182.0,Garasjeuth.anneks til fritidb,TB,Tatt i bruk,20060908,20060913,20070511,26.0,,,,,,,,,,
918517,1532,GISKE,17126342,0,181.0,Garasjeuthus anneks til bolig,TB,Tatt i bruk,20051025,20051102,20071019,50.0,,,,,,,,,,
918518,1532,GISKE,18085739,0,111.0,Enebolig,TB,Tatt i bruk,10101,10101,10101,267.0,,,57163376.0,Markevegen,4014.0,72.0,,,6040.0,VIGRA
918519,1532,GISKE,17127659,0,182.0,Garasjeuth.anneks til fritidb,IG,Igangsettingstillatelse,20060703,20060710,10101,57.0,,,,,,,,,,
918520,1532,GISKE,18085739,1,111.0,Enebolig,TB,Tatt i bruk,20080103,20080103,20080601,78.0,,,,,,,,,,
918521,1532,GISKE,17126350,0,181.0,Garasjeuthus anneks til bolig,TB,Tatt i bruk,20051026,20051102,20071030,64.0,,,,,,,,,,
918522,1532,GISKE,17127667,0,181.0,Garasjeuthus anneks til bolig,TB,Tatt i bruk,20070219,20070219,20071231,59.0,,,,,,,,,,
918523,1532,GISKE,18085690,1,113.0,Våningshus,TB,Tatt i bruk,19980209,19980901,19981201,15.0,,,,,,,,,,
918524,1532,GISKE,17126296,0,181.0,Garasjeuthus anneks til bolig,TB,Tatt i bruk,20051020,20051024,20060101,0.0,,,,,,,,,,
918525,1532,GISKE,17127624,0,182.0,Garasjeuth.anneks til fritidb,FA,Ferdigattest,20060906,20060913,10101,35.0,,,,,,,,,,
918526,1532,GISKE,18085704,0,181.0,Garasjeuthus anneks til bolig,TB,Tatt i bruk,10101,10101,10101,28.0,,,,,,,,,,
918527,1532,GISKE,17126334,0,121.0,"Tomannsbolig, vertikaldelt",TB,Tatt i bruk,20051011,20051015,20061207,140.0,,,322488059.0,Rikkavegen,8502.0,4.0,,,6052.0,GISKE
918528,1532,GISKE,17127632,0,111.0,Enebolig,TB,Tatt i bruk,20060908,20060913,20070511,128.0,,,309325839.0,Bedehusvegen,8509.0,24.0,,,6052.0,GISKE
918529,1532,GISKE,18085712,0,241.0,Hus for dyr/landbr.lager/silo,TB,Tatt i bruk,10101,10101,10101,202.0,,,,,,,,,,
918530,1532,GISKE,18085526,0,112.0,Enebolig m/hybel/sokkelleil.,TB,Tatt i bruk,10101,10101,10101,215.0,,,57163395.0,Øvregatå,4019.0,101.0,,,6040.0,VIGRA
918531,1532,GISKE,17126172,0,111.0,Enebolig,FA,Ferdigattest,20050429,20050501,10101,208.0,,,57168502.0,Paulsneset,7014.0,17.0,,,6055.0,GODØYA
918532,1532,GISKE,18085534,0,181.0,Garasjeuthus anneks til bolig,TB,Tatt i bruk,10101,10101,10101,23.0,,,,,,,,,,
918533,1532,GISKE,18085542,0,112.0,Enebolig m/hybel/sokkelleil.,TB,Tatt i bruk,10101,10101,10101,183.0,,,408241333.0,Bakarvegen,4009.0,12.0,,,6040.0,VIGRA
918534,1532,GISKE,17126180,0,181.0,Garasjeuthus anneks til bolig,FA,Ferdigattest,20050429,20050501,10101,0.0,,,57168502.0,Paulsneset,7014.0,17.0,,,6055.0,GODØYA
918535,1532,GISKE,18085550,0,181.0,Garasjeuthus anneks til bolig,TB,Tatt i bruk,10101,10101,10101,22.0,,,413502892.0,Smevegen,4016.0,3.0,,,6040.0,VIGRA
918536,1532,GISKE,17126156,0,181.0,Garasjeuthus anneks til bolig,TB,Tatt i bruk,20050330,20050721,20050721,15.0,,,396779076.0,Øvre Nordstranda,1072.0,122.0,,,6050.0,VALDERØYA
918537,1532,GISKE,18085496,0,241.0,Hus for dyr/landbr.lager/silo,TB,Tatt i bruk,10101,10101,10101,260.0,,,,,,,,,,
918538,1532,GISKE,18085518,0,111.0,Enebolig,TB,Tatt i bruk,10101,10101,10101,230.0,,,57168532.0,Øvregatå,4019.0,103.0,,,6040.0,VIGRA
918539,1532,GISKE,17126164,0,113.0,Våningshus,BR,Bygning revet/brent,20040630,20050222,20050522,0.0,,,413912865.0,Nordstranda,1060.0,53.0,,,6050.0,VALDERØYA
918540,1532,GISKE,18085518,1,111.0,Enebolig,IG,Igangsettingstillatelse,20060327,20060327,10101,106.0,,,57168532.0,Øvregatå,4019.0,103.0,,,6040.0,VIGRA
918541,1532,GISKE,17126210,0,181.0,Garasjeuthus anneks til bolig,FA,Ferdigattest,20050420,20080317,10101,34.0,,,,,,,,,,
918542,1532,GISKE,18085585,0,111.0,Enebolig,TB,Tatt i bruk,10101,10101,10101,259.0,,,57163436.0,Hauvegen,4012.0,33.0,,,6040.0,VIGRA
918543,1532,GISKE,18085593,0,111.0,Enebolig,TB,Tatt i bruk,10101,10101,10101,186.6,,,413505880.0,Smevegen,4016.0,6.0,,,6040.0,VIGRA
918544,1532,GISKE,17126229,0,111.0,Enebolig,TB,Tatt i bruk,20050202,20050202,20051223,246.0,,,408244044.0,Ranskarrema,4025.0,2.0,,,6040.0,VIGRA
918545,1532,GISKE,18085607,0,112.0,Enebolig m/hybel/sokkelleil.,TB,Tatt i bruk,10101,10101,10101,144.0,,,408067212.0,Postvegen,4001.0,511.0,,,6040.0,VIGRA
918546,1532,GISKE,18085615,0,111.0,Enebolig,TB,Tatt i bruk,10101,10101,10101,176.0,,,413502890.0,Øievegen,4018.0,5.0,,,6040.0,VIGRA
918547,1532,GISKE,17126199,0,182.0,Garasjeuth.anneks til fritidb,TB,Tatt i bruk,20031018,20031018,20031218,30.0,,,,,,,,,,
918548,1532,GISKE,18085569,0,111.0,Enebolig,TB,Tatt i bruk,10101,10101,20061122,147.0,,,432750560.0,Budafjellvegen,4010.0,50.0,,,6040.0,VIGRA
918549,1532,GISKE,18085569,1,111.0,Enebolig,TB,Tatt i bruk,20061024,20061024,20061231,0.0,,,,,,,,,,
918550,1532,GISKE,17126202,0,111.0,Enebolig,FA,Ferdigattest,20050420,20050420,10101,109.0,,,315247597.0,Larsgjerdet,8519.0,10.0,,,6052.0,GISKE
918551,1532,GISKE,18085577,0,111.0,Enebolig,TB,Tatt i bruk,10101,10101,10101,202.0,,,57163435.0,Markevegen,4014.0,70.0,,,6040.0,VIGRA
918552,1532,GISKE,18085321,0,244.0,Driftsb. fiske/fangst/oppdr,BR,Bygning revet/brent,10101,10101,10101,83.0,,,57167034.0,,,,,0.0,6040.0,VIGRA
918553,1532,GISKE,17126091,0,121.0,"Tomannsbolig, vertikaldelt",TB,Tatt i bruk,20050406,20050406,20051020,82.0,,,57168516.0,Roslateigen,1098.0,8.0,,,6050.0,VALDERØYA
918554,1532,GISKE,18085348,0,111.0,Enebolig,TB,Tatt i bruk,10101,10101,10101,233.0,,,413502893.0,Smevegen,4016.0,5.0,,,6040.0,VIGRA
918555,1532,GISKE,18085356,0,183.0,Naust båthus sjøbu,TB,Tatt i bruk,10101,10101,10101,28.0,,,413502893.0,Smevegen,4016.0,5.0,,,6040.0,VIGRA
918556,1532,GISKE,17126105,0,181.0,Garasjeuthus anneks til bolig,TB,Tatt i bruk,20031030,20031030,20050914,29.0,,,,,,,,,,
918557,1532,GISKE,18085380,0,112.0,Enebolig m/hybel/sokkelleil.,TB,Tatt i bruk,10101,10101,10101,444.0,,,408077333.0,Postvegen,4001.0,622.0,,,6040.0,VIGRA
918558,1532,GISKE,18085283,0,181.0,Garasjeuthus anneks til bolig,TB,Tatt i bruk,10101,10101,10101,73.0,,,408197644.0,Postvegen,4001.0,610.0,,,6040.0,VIGRA
918559,1532,GISKE,17126075,0,121.0,"Tomannsbolig, vertikaldelt",TB,Tatt i bruk,20050717,20050822,20061121,145.0,,,407825505.0,Tevegen,4017.0,6.0,,,6040.0,VIGRA
918560,1532,GISKE,18085291,0,181.0,Garasjeuthus anneks til bolig,BR,Bygning revet/brent,10101,10101,10101,13.0,,,57167033.0,,,,,0.0,6040.0,VIGRA
918561,1532,GISKE,18085305,0,181.0,Garasjeuthus anneks til bolig,BR,Bygning revet/brent,10101,10101,10101,8.0,,,,,,,,,,
918562,1532,GISKE,17126083,0,121.0,"Tomannsbolig, vertikaldelt",TB,Tatt i bruk,20050604,20050604,20051021,82.0,,,57168447.0,Roslateigen,1098.0,6.0,,,6050.0,VALDERØYA
918563,1532,GISKE,18085313,0,244.0,Driftsb. fiske/fangst/oppdr,BU,Bygningsnummer utgått,10101,10101,10101,335.0,,,,,,,,,,
918564,1532,GISKE,18085437,0,162.0,Helårsb.benyttes som fritidsb.,TB,Tatt i bruk,10101,10101,10101,231.0,,,408070615.0,Postvegen,4001.0,598.0,,,6040.0,VIGRA
918565,1532,GISKE,17126121,1,612.0,Barnehage,RA,Rammetillatelse,20071219,10101,10101,47.0,,,,,,,,,,
918566,1532,GISKE,18085445,0,181.0,Garasjeuthus anneks til bolig,TB,Tatt i bruk,10101,10101,10101,30.0,,,408070615.0,Postvegen,4001.0,598.0,,,6040.0,VIGRA
918567,1532,GISKE,17126148,0,181.0,Garasjeuthus anneks til bolig,TB,Tatt i bruk,20041203,20050718,20050718,15.0,,,57164824.0,Godøyvegen,7001.0,773.0,,,6055.0,GODØYA
918568,1532,GISKE,18085461,0,121.0,"Tomannsbolig, vertikaldelt",TB,Tatt i bruk,10101,10101,10101,319.0,,,407345180.0,Aglasgjerdet,4026.0,7.0,,,6040.0,VIGRA
918569,1532,GISKE,18085488,0,181.0,Garasjeuthus anneks til bolig,TB,Tatt i bruk,10101,10101,10101,49.0,,,,,,,,,,
918570,1532,GISKE,18085399,0,181.0,Garasjeuthus anneks til bolig,TB,Tatt i bruk,10101,10101,10101,28.0,,,,,,,,,,
918571,1532,GISKE,17126113,0,211.0,Fabrikkbygning,FA,Ferdigattest,20050707,20050906,10101,1000.0,,,57168857.0,Flyplassvegen,4033.0,22.0,,,6040.0,VIGRA
918572,1532,GISKE,18085402,0,183.0,Naust båthus sjøbu,TB,Tatt i bruk,10101,10101,10101,38.0,,,,,,,,,,
918573,1532,GISKE,18085410,0,113.0,Våningshus,TB,Tatt i bruk,10101,10101,10101,189.0,,,57163367.0,Nørestranda,4006.0,335.0,,,6040.0,VIGRA
918574,1532,GISKE,17126121,0,612.0,Barnehage,FA,Ferdigattest,20050421,20050504,10101,676.0,,,57168536.0,Niklamarka,1092.0,2.0,,,6050.0,VALDERØYA
918575,1532,GISKE,18085429,0,241.0,Hus for dyr/landbr.lager/silo,TB,Tatt i bruk,10101,10101,10101,314.0,,,,,,,,,,
918576,1532,GISKE,17126016,0,181.0,Garasjeuthus anneks til bolig,TB,Tatt i bruk,20050613,20050613,20060601,88.0,,,,,,,,,,
918577,1532,GISKE,17126024,0,181.0,Garasjeuthus anneks til bolig,TB,Tatt i bruk,20050707,20050707,20050707,43.0,,,391345962.0,Pettervegen,1061.0,13.0,,,6050.0,VALDERØYA
918578,1532,GISKE,18085186,0,122.0,"Tomannsbolig, horisontaldelt",TB,Tatt i bruk,10101,10101,10101,269.0,,,408197645.0,Postvegen,4001.0,608.0,,,6040.0,VIGRA
918579,1532,GISKE,18085194,0,181.0,Garasjeuthus anneks til bolig,TB,Tatt i bruk,10101,10101,10101,40.0,,,,,,,,,,
918580,1532,GISKE,17125990,1,136.0,Andre småhus m/3 boliger el fl,TB,Tatt i bruk,20050831,20050831,20051028,0.0,,,,,,,,,,
918581,1532,GISKE,17126008,0,181.0,Garasjeuthus anneks til bolig,TB,Tatt i bruk,20041110,20041130,20051028,20.0,,,,,,,,,,
918582,1532,GISKE,17126059,0,121.0,"Tomannsbolig, vertikaldelt",FA,Ferdigattest,20050714,20050822,10101,50.0,,,407825507.0,Tevegen,4017.0,10.0,,,6040.0,VIGRA
918583,1532,GISKE,18085240,0,162.0,Helårsb.benyttes som fritidsb.,TB,Tatt i bruk,10101,10101,10101,162.0,,,407285125.0,Demmevegen,4027.0,23.0,,,6040.0,VIGRA
918584,1532,GISKE,17126067,0,121.0,"Tomannsbolig, vertikaldelt",TB,Tatt i bruk,20050714,20050822,20060711,145.0,,,407825506.0,Tevegen,4017.0,8.0,,,6040.0,VIGRA
918585,1532,GISKE,18085267,0,662.0,Samfunnshus grendehus,TB,Tatt i bruk,10101,10101,10101,266.0,,,408067215.0,Postvegen,4001.0,530.0,,,6040.0,VIGRA
918586,1532,GISKE,17126067,1,121.0,"Tomannsbolig, vertikaldelt",TB,Tatt i bruk,20061102,20061102,20070601,0.0,,,,,,,,,,
918587,1532,GISKE,18085275,0,679.0,Annen bygn. for religiøs akt.,TB,Tatt i bruk,10101,10101,10101,78.0,,,408067217.0,Postvegen,4001.0,534.0,,,6040.0,VIGRA
918588,1532,GISKE,17126032,0,111.0,Enebolig,TB,Tatt i bruk,20050602,20050715,20070102,169.0,,,391450601.0,Måsemyrane,1056.0,1.0,,,6050.0,VALDERØYA
918589,1532,GISKE,18085208,0,113.0,Våningshus,TB,Tatt i bruk,10101,10101,10101,216.0,,,57163360.0,Nørestranda,4006.0,341.0,,,6040.0,VIGRA
918590,1532,GISKE,18085216,0,241.0,Hus for dyr/landbr.lager/silo,TB,Tatt i bruk,10101,10101,10101,80.0,,,,,,,,,,
918591,1532,GISKE,17126040,0,121.0,"Tomannsbolig, vertikaldelt",FA,Ferdigattest,20050714,20050822,10101,114.2,,,407825508.0,Tevegen,4017.0,12.0,,,6040.0,VIGRA
918592,1532,GISKE,18085224,0,122.0,"Tomannsbolig, horisontaldelt",TB,Tatt i bruk,10101,10101,10101,247.0,,,408231128.0,Aglasvegen,4008.0,47.0,,,6040.0,VIGRA
918593,1532,GISKE,18085232,0,181.0,Garasjeuthus anneks til bolig,TB,Tatt i bruk,10101,10101,10101,18.0,,,,,,,,,,
918594,1532,GISKE,17128000,0,121.0,"Tomannsbolig, vertikaldelt",TB,Tatt i bruk,20060623,20061129,20070606,170.0,,,360972143.0,Niklamarka,1092.0,12.0,,,6050.0,VALDERØYA
918595,1532,GISKE,17128019,0,181.0,Garasjeuthus anneks til bolig,TB,Tatt i bruk,20070510,20070510,20071231,41.0,,,,,,,,,,
918596,1532,GISKE,18086204,0,112.0,Enebolig m/hybel/sokkelleil.,TB,Tatt i bruk,10101,10101,10101,246.0,,,57163398.0,Markevegen,4014.0,43.0,,,6040.0,VIGRA
918597,1532,GISKE,17127985,0,121.0,"Tomannsbolig, vertikaldelt",TB,Tatt i bruk,20060623,20061129,20070606,170.0,,,57168863.0,Niklamarka,1092.0,4.0,,,6050.0,VALDERØYA
918598,1532,GISKE,18086204,1,112.0,Enebolig m/hybel/sokkelleil.,TB,Tatt i bruk,19970114,19970201,19971201,25.0,,,57163398.0,Markevegen,4014.0,43.0,,,6040.0,VIGRA
918599,1532,GISKE,17127993,0,121.0,"Tomannsbolig, vertikaldelt",TB,Tatt i bruk,20060623,20061129,20070606,170.0,,,57168865.0,Niklamarka,1092.0,8.0,,,6050.0,VALDERØYA
918600,1532,GISKE,18086204,2,112.0,Enebolig m/hybel/sokkelleil.,TB,Tatt i bruk,19940630,19940630,19941130,5.0,,,,,,,,,,
918601,1532,GISKE,17128043,0,249.0,Annen landbruksbygning,TB,Tatt i bruk,2070531,20070606,20071231,72.0,,,,,,,,,,
918602,1532,GISKE,17128051,0,111.0,Enebolig,FA,Ferdigattest,20070531,20070606,10101,343.0,,,412752864.0,Fjellvegen,4044.0,72.0,,,6040.0,VIGRA
918603,1532,GISKE,17128027,0,111.0,Enebolig,TB,Tatt i bruk,20061016,20061016,20090101,152.0,,,321071209.0,Rabbevegen,8505.0,20.0,,,6052.0,GISKE
918604,1532,GISKE,17128035,0,249.0,Annen landbruksbygning,TB,Tatt i bruk,20070531,20070606,20071231,36.0,,,,,,,,,,
918605,1532,GISKE,17127896,0,182.0,Garasjeuth.anneks til fritidb,TB,Tatt i bruk,20070419,20070501,20070731,11.0,,,,,,,,,,
918606,1532,GISKE,18086107,0,111.0,Enebolig,TB,Tatt i bruk,10101,10101,10101,266.0,,,407558442.0,Molnesvegen,4005.0,138.0,,,6040.0,VIGRA
918607,1532,GISKE,18086115,0,112.0,Enebolig m/hybel/sokkelleil.,TB,Tatt i bruk,10101,10101,10101,172.0,,,407285361.0,Demmevegen,4027.0,12.0,,,6040.0,VIGRA
918608,1532,GISKE,17127918,0,211.0,Fabrikkbygning,MB,Midlertidig brukstillatelse,20070416,20070606,10101,1150.0,,,,,,,,,,
918609,1532,GISKE,18086123,0,111.0,Enebolig,TB,Tatt i bruk,10101,10101,10101,222.0,,,408241336.0,Bakarvegen,4009.0,4.0,,,6040.0,VIGRA
918610,1532,GISKE,18086131,0,181.0,Garasjeuthus anneks til bolig,TB,Tatt i bruk,10101,10101,10101,52.0,,,408241336.0,Bakarvegen,4009.0,4.0,,,6040.0,VIGRA
918611,1532,GISKE,17127926,0,211.0,Fabrikkbygning,MB,Midlertidig brukstillatelse,20070426,20070606,10101,1000.0,,,,,,,,,,
918612,1532,GISKE,18086069,0,181.0,Garasjeuthus anneks til bolig,TB,Tatt i bruk,10101,10101,10101,11.0,,,408241331.0,Bakarvegen,4009.0,17.0,,,6040.0,VIGRA
918613,1532,GISKE,17127861,0,112.0,Enebolig m/hybel/sokkelleil.,TB,Tatt i bruk,20070323,20070427,20090714,283.0,,,57168944.0,Leitet,7024.0,19.0,,,6055.0,GODØYA
918614,1532,GISKE,18086077,0,181.0,Garasjeuthus anneks til bolig,TB,Tatt i bruk,10101,10101,10101,50.0,,,,,,,,,,
918615,1532,GISKE,17127888,0,181.0,Garasjeuthus anneks til bolig,BR,Bygning revet/brent,20070426,20070426,20070930,78.0,,,,,,,,,,
918616,1532,GISKE,18086085,0,162.0,Helårsb.benyttes som fritidsb.,TB,Tatt i bruk,10101,10101,10101,55.0,,,408098979.0,Postvegen,4001.0,630.0,,,6040.0,VIGRA
918617,1532,GISKE,18086093,0,181.0,Garasjeuthus anneks til bolig,TB,Tatt i bruk,10101,10101,10101,32.0,,,,,,,,,,
918618,1532,GISKE,18086174,0,181.0,Garasjeuthus anneks til bolig,BR,Bygning revet/brent,20060608,20060608,20060630,47.0,,,413502895.0,Smevegen,4016.0,9.0,,,6040.0,VIGRA
918619,1532,GISKE,17127969,0,121.0,"Tomannsbolig, vertikaldelt",TB,Tatt i bruk,20060623,20061129,20070606,180.0,,,478907263.0,Niklamarka,1092.0,7.0,,,6050.0,VALDERØYA
918620,1532,GISKE,18086182,0,161.0,Fritidsbygg(hyttersommerh. ol,TB,Tatt i bruk,10101,10101,10101,55.0,,,408231126.0,Aglasvegen,4008.0,24.0,,,6040.0,VIGRA
918621,1532,GISKE,17127977,0,121.0,"Tomannsbolig, vertikaldelt",TB,Tatt i bruk,20060623,20061129,20070606,170.0,,,57168862.0,Niklamarka,1092.0,16.0,,,6050.0,VALDERØYA
918622,1532,GISKE,18086190,0,182.0,Garasjeuth.anneks til fritidb,TB,Tatt i bruk,10101,10101,10101,16.0,,,408231126.0,Aglasvegen,4008.0,24.0,,,6040.0,VIGRA
918623,1532,GISKE,18086158,0,122.0,"Tomannsbolig, horisontaldelt",TB,Tatt i bruk,10101,10101,10101,210.0,,,407558443.0,Molnesvegen,4005.0,144.0,,,6040.0,VIGRA
918624,1532,GISKE,17127934,0,136.0,Andre småhus m/3 boliger el fl,TB,Tatt i bruk,20060623,20061129,20070606,360.0,,,57168860.0,Niklamarka,1092.0,1.0,,,6050.0,VALDERØYA
918625,1532,GISKE,18086166,0,136.0,Andre småhus m/3 boliger el fl,TB,Tatt i bruk,10101,10101,10101,237.0,,,413502895.0,Smevegen,4016.0,9.0,,,6040.0,VIGRA
918626,1532,GISKE,18086166,1,136.0,Andre småhus m/3 boliger el fl,TB,Tatt i bruk,20060608,20060608,20060830,0.0,,,,,,,,,,
918627,1532,GISKE,17127942,0,419.0,Annen eksp. og terminalbygning,FA,Ferdigattest,20070508,20070512,10101,37.0,,,466505841.0,Gjøsundneset,4060.0,39.0,,,6040.0,VIGRA
918628,1532,GISKE,17127780,0,671.0,Kirke kapell,TB,Tatt i bruk,20070322,20070327,20070901,0.0,,,57167350.0,Geilevika,7018.0,1.0,,,6055.0,GODØYA
918629,1532,GISKE,18085925,0,112.0,Enebolig m/hybel/sokkelleil.,TB,Tatt i bruk,10101,10101,10101,310.0,,,408070611.0,Postvegen,4001.0,590.0,,,6040.0,VIGRA
918630,1532,GISKE,18085933,0,111.0,Enebolig,TB,Tatt i bruk,10101,10101,10101,231.0,,,413502894.0,Smevegen,4016.0,7.0,,,6040.0,VIGRA
918631,1532,GISKE,17126482,0,181.0,Garasjeuthus anneks til bolig,IG,Igangsettingstillatelse,20051102,20051214,10101,64.0,,,,,,,,,,
918632,1532,GISKE,17127799,0,121.0,"Tomannsbolig, vertikaldelt",MB,Midlertidig brukstillatelse,20060621,20060627,10101,143.0,,,57168848.0,Timanngjerdet,4020.0,10.0,,,6040.0,VIGRA
918633,1532,GISKE,18085941,0,181.0,Garasjeuthus anneks til bolig,TB,Tatt i bruk,10101,10101,10101,20.0,,,413502894.0,Smevegen,4016.0,7.0,,,6040.0,VIGRA
918634,1532,GISKE,17126490,0,111.0,Enebolig,FA,Ferdigattest,20050908,20050923,10101,199.0,,,323223572.0,Giskevegen,8531.0,32.0,,,6052.0,GISKE
918635,1532,GISKE,17127802,0,121.0,"Tomannsbolig, vertikaldelt",FA,Ferdigattest,20060721,20060727,10101,143.0,,,57168849.0,Timanngjerdet,4020.0,12.0,,,6040.0,VIGRA
918636,1532,GISKE,18085887,0,111.0,Enebolig,TB,Tatt i bruk,10101,10101,10101,173.0,,,408197639.0,Bakarvegen,4009.0,5.0,,,6040.0,VIGRA
918637,1532,GISKE,17127764,0,111.0,Enebolig,FA,Ferdigattest,20070319,20070327,10101,120.0,,,430107040.0,Borniteigen,4049.0,18.0,,,6040.0,VIGRA
918638,1532,GISKE,18085895,0,181.0,Garasjeuthus anneks til bolig,TB,Tatt i bruk,10101,10101,10101,20.0,,,413509172.0,Markevegen,4014.0,44.0,,,6040.0,VIGRA
918639,1532,GISKE,17126466,0,121.0,"Tomannsbolig, vertikaldelt",TB,Tatt i bruk,20051011,20051015,20061207,134.0,,,322441038.0,Rikkavegen,8502.0,6.0,,,6052.0,GISKE
918640,1532,GISKE,18085909,0,111.0,Enebolig,TB,Tatt i bruk,10101,10101,10101,305.0,,,413509172.0,Markevegen,4014.0,44.0,,,6040.0,VIGRA
918641,1532,GISKE,17127772,0,181.0,Garasjeuthus anneks til bolig,FA,Ferdigattest,20070301,20070319,10101,49.0,,,,,,,,,,
918642,1532,GISKE,18085917,0,181.0,Garasjeuthus anneks til bolig,TB,Tatt i bruk,10101,10101,10101,42.0,,,,,,,,,,
918643,1532,GISKE,17126474,0,111.0,Enebolig,TB,Tatt i bruk,20051102,20051214,20061211,191.0,,,407953857.0,Postvegen,4001.0,98.0,,,6040.0,VIGRA
918644,1532,GISKE,17127837,0,182.0,Garasjeuth.anneks til fritidb,TB,Tatt i bruk,20040128,20040405,20070410,36.0,,,,,,,,,,
918645,1532,GISKE,18086026,0,111.0,Enebolig,TB,Tatt i bruk,10101,10101,10101,214.0,,,408197640.0,Bakarvegen,4009.0,7.0,,,6040.0,VIGRA
918646,1532,GISKE,18086034,0,111.0,Enebolig,TB,Tatt i bruk,10101,10101,10101,256.0,,,408197641.0,Bakarvegen,4009.0,9.0,,,6040.0,VIGRA
918647,1532,GISKE,17127845,0,111.0,Enebolig,MB,Midlertidig brukstillatelse,20070301,20081121,10101,258.0,,,57168443.0,Roslateigen,1098.0,5.0,,,6050.0,VALDERØYA
918648,1532,GISKE,18086042,0,136.0,Andre småhus m/3 boliger el fl,TB,Tatt i bruk,10101,10101,10101,376.0,,,408241331.0,Bakarvegen,4009.0,17.0,,,6040.0,VIGRA
918649,1532,GISKE,17127853,0,136.0,Andre småhus m/3 boliger el fl,FA,Ferdigattest,20060912,20070312,10101,267.0,,,378826684.0,Jusspivegen,1028.0,43.0,,,6050.0,VALDERØYA
918650,1532,GISKE,18086050,0,181.0,Garasjeuthus anneks til bolig,BR,Bygning revet/brent,10101,10101,10101,14.0,,,408241331.0,Bakarvegen,4009.0,17.0,,,6040.0,VIGRA
918651,1532,GISKE,18085976,0,122.0,"Tomannsbolig, horisontaldelt",TB,Tatt i bruk,10101,10101,10101,748.0,,,408070618.0,Postvegen,4001.0,603.0,,,6040.0,VIGRA
918652,1532,GISKE,17127810,0,121.0,"Tomannsbolig, vertikaldelt",MB,Midlertidig brukstillatelse,20060621,20060627,10101,143.0,,,57168846.0,Timanngjerdet,4020.0,14.0,,,6040.0,VIGRA
918653,1532,GISKE,18085984,0,181.0,Garasjeuthus anneks til bolig,TB,Tatt i bruk,10101,10101,10101,13.0,,,408070613.0,Postvegen,4001.0,594.0,,,6040.0,VIGRA
918654,1532,GISKE,18085992,0,183.0,Naust båthus sjøbu,TB,Tatt i bruk,10101,10101,10101,40.0,,,57163360.0,Nørestranda,4006.0,341.0,,,6040.0,VIGRA
918655,1532,GISKE,17127829,0,121.0,"Tomannsbolig, vertikaldelt",MB,Midlertidig brukstillatelse,20060621,20060627,10101,143.0,,,57168847.0,Timanngjerdet,4020.0,16.0,,,6040.0,VIGRA
918656,1532,GISKE,18086018,0,183.0,Naust båthus sjøbu,TB,Tatt i bruk,10101,10101,10101,12.0,,,408098981.0,Postvegen,4001.0,635.0,,,6040.0,VIGRA
918657,1532,GISKE,18085798,0,111.0,Enebolig,TB,Tatt i bruk,10101,10101,10101,133.0,,,407285121.0,Demmevegen,4027.0,9.0,,,6040.0,VIGRA
918658,1532,GISKE,17126385,0,111.0,Enebolig,TB,Tatt i bruk,20051107,20051128,20070213,224.0,,,413869290.0,Søre Oksneset,1067.0,39.0,,,6050.0,VALDERØYA
918659,1532,GISKE,17127691,0,181.0,Garasjeuthus anneks til bolig,TB,Tatt i bruk,20050602,20050602,20060531,30.0,,,,,,,,,,
918660,1532,GISKE,18085801,0,112.0,Enebolig m/hybel/sokkelleil.,TB,Tatt i bruk,10101,10101,10101,230.0,,,408231119.0,Hauvegen,4012.0,9.0,,,6040.0,VIGRA
918661,1532,GISKE,18085801,1,112.0,Enebolig m/hybel/sokkelleil.,TB,Tatt i bruk,20070514,20070530,20071130,18.0,,,,,,,,,,
918662,1532,GISKE,17126393,0,121.0,"Tomannsbolig, vertikaldelt",TB,Tatt i bruk,20051130,20051201,20060701,114.0,,,391450606.0,Måsemyrane,1056.0,11.0,,,6050.0,VALDERØYA
918663,1532,GISKE,17127705,0,181.0,Garasjeuthus anneks til bolig,TB,Tatt i bruk,20050104,20050104,20070309,28.0,,,,,,,,,,
918664,1532,GISKE,18085747,0,241.0,Hus for dyr/landbr.lager/silo,TB,Tatt i bruk,10101,10101,10101,236.0,,,,,,,,,,
918665,1532,GISKE,17126369,0,181.0,Garasjeuthus anneks til bolig,IG,Igangsettingstillatelse,20051116,20051124,10101,0.0,,,,,,,,,,
918666,1532,GISKE,18085755,0,181.0,Garasjeuthus anneks til bolig,TB,Tatt i bruk,10101,10101,10101,38.0,,,,,,,,,,
918667,1532,GISKE,17127675,0,121.0,"Tomannsbolig, vertikaldelt",FA,Ferdigattest,20070221,20070305,20070822,150.0,,,57168854.0,Nymarkevegen,4023.0,16.0,,,6040.0,VIGRA
918668,1532,GISKE,18085763,0,181.0,Garasjeuthus anneks til bolig,TB,Tatt i bruk,10101,10101,10101,32.0,,,,,,,,,,
918669,1532,GISKE,17126377,0,181.0,Garasjeuthus anneks til bolig,TB,Tatt i bruk,20051107,20051128,20070213,62.0,,,413869290.0,Søre Oksneset,1067.0,39.0,,,6050.0,VALDERØYA
918670,1532,GISKE,18085771,0,111.0,Enebolig,TB,Tatt i bruk,10101,10101,10101,229.0,,,408063723.0,Postvegen,4001.0,382.0,,,6040.0,VIGRA
918671,1532,GISKE,17127683,0,121.0,"Tomannsbolig, vertikaldelt",FA,Ferdigattest,20070221,20070305,10101,144.0,,,57168853.0,Nymarkevegen,4023.0,18.0,,,6040.0,VIGRA
918672,1532,GISKE,18085844,0,122.0,"Tomannsbolig, horisontaldelt",TB,Tatt i bruk,10101,10101,10101,281.0,,,408231120.0,Hauvegen,4012.0,13.0,,,6040.0,VIGRA
918673,1532,GISKE,17127748,0,112.0,Enebolig m/hybel/sokkelleil.,MB,Midlertidig brukstillatelse,20070302,20070312,10101,217.0,,,57168943.0,Alnesvegen,7032.0,190.0,,,6055.0,GODØYA
918674,1532,GISKE,18085852,0,111.0,Enebolig,TB,Tatt i bruk,10101,10101,10101,263.0,,,412671090.0,Tevegen,4017.0,15.0,,,6040.0,VIGRA
918675,1532,GISKE,17126431,0,181.0,Garasjeuthus anneks til bolig,TB,Tatt i bruk,20051206,20051206,20051206,0.0,,,,,,,,,,
918676,1532,GISKE,18085860,0,181.0,Garasjeuthus anneks til bolig,TB,Tatt i bruk,10101,10101,10101,25.0,,,412671090.0,Tevegen,4017.0,15.0,,,6040.0,VIGRA
918677,1532,GISKE,17127756,0,181.0,Garasjeuthus anneks til bolig,TB,Tatt i bruk,20070320,20070321,20071001,47.0,,,,,,,,,,
918678,1532,GISKE,18085879,0,181.0,Garasjeuthus anneks til bolig,TB,Tatt i bruk,10101,10101,10101,135.0,,,408197639.0,Bakarvegen,4009.0,5.0,,,6040.0,VIGRA
918679,1532,GISKE,17126458,0,181.0,Garasjeuthus anneks til bolig,TB,Tatt i bruk,20051206,20051206,20051206,0.0,,,,,,,,,,
918680,1532,GISKE,17126407,0,121.0,"Tomannsbolig, vertikaldelt",FA,Ferdigattest,20051007,20051010,20070124,105.0,,,391450602.0,Måsemyrane,1056.0,3.0,,,6050.0,VALDERØYA
918681,1532,GISKE,17127713,0,181.0,Garasjeuthus anneks til bolig,TB,Tatt i bruk,20050629,20050629,20070309,70.0,,,,,,,,,,
918682,1532,GISKE,17126415,0,111.0,Enebolig,MB,Midlertidig brukstillatelse,20050809,20050817,10101,297.0,,,415600558.0,Nordstrandfjørå,1084.0,19.0,,,6050.0,VALDERØYA
918683,1532,GISKE,18085828,0,181.0,Garasjeuthus anneks til bolig,TB,Tatt i bruk,10101,10101,10101,21.0,,,408231119.0,Hauvegen,4012.0,9.0,,,6040.0,VIGRA
918684,1532,GISKE,17127721,0,999.0,,TB,Tatt i bruk,20051121,20051121,20070309,0.0,,,,,,,,,,
918685,1532,GISKE,18085836,0,181.0,Garasjeuthus anneks til bolig,TB,Tatt i bruk,10101,10101,10101,36.0,,,408231119.0,Hauvegen,4012.0,9.0,,,6040.0,VIGRA
918686,1532,GISKE,17126423,0,111.0,Enebolig,TB,Tatt i bruk,20040621,20040621,20050101,272.0,,,349739822.0,Leitagarden,1009.0,9.0,,,6050.0,VALDERØYA
918687,1532,GISKE,17123912,0,121.0,"Tomannsbolig, vertikaldelt",TB,Tatt i bruk,20010621,20010914,20020108,140.0,,,415606955.0,Nordstrandfjørå,1084.0,50.0,,,6050.0,VALDERØYA
918688,1532,GISKE,17125524,0,181.0,Garasjeuthus anneks til bolig,TB,Tatt i bruk,20040910,20041010,20050601,50.0,,,,,,,,,,
918689,1532,GISKE,17123920,0,121.0,"Tomannsbolig, vertikaldelt",TB,Tatt i bruk,20010621,20010914,20020829,97.0,,,415606956.0,Nordstrandfjørå,1084.0,48.0,,,6050.0,VALDERØYA
918690,1532,GISKE,17125532,0,181.0,Garasjeuthus anneks til bolig,TB,Tatt i bruk,20041115,20041214,20051230,67.6,,,,,,,,,,
918691,1532,GISKE,17125508,0,181.0,Garasjeuthus anneks til bolig,TB,Tatt i bruk,20040513,20040531,10101,59.0,,,,,,,,,,
918692,1532,GISKE,17123890,0,181.0,Garasjeuthus anneks til bolig,TB,Tatt i bruk,20010605,20011015,20100101,47.0,,,,,,,,,,
918693,1532,GISKE,17125516,0,181.0,Garasjeuthus anneks til bolig,TB,Tatt i bruk,20040420,20040430,20050727,39.0,,,,,,,,,,
918694,1532,GISKE,17123904,0,181.0,Garasjeuthus anneks til bolig,TB,Tatt i bruk,20010612,10101,20100101,49.0,,,309344238.0,Stor-Pe-Teigen,8512.0,14.0,,,6052.0,GISKE
918695,1532,GISKE,17123955,0,121.0,"Tomannsbolig, vertikaldelt",TB,Tatt i bruk,20010806,20011220,20020416,130.0,,,430099053.0,Janteigen,4055.0,19.0,,,6040.0,VIGRA
918696,1532,GISKE,17125567,0,181.0,Garasjeuthus anneks til bolig,TB,Tatt i bruk,20040227,20040315,20051231,34.0,,,,,,,,,,
918697,1532,GISKE,17123963,0,121.0,"Tomannsbolig, vertikaldelt",TB,Tatt i bruk,20010806,20011220,20021023,130.0,,,430099052.0,Janteigen,4055.0,17.0,,,6040.0,VIGRA
918698,1532,GISKE,17125575,0,181.0,Garasjeuthus anneks til bolig,TB,Tatt i bruk,20040325,20040425,20050425,13.0,,,,,,,,,,
918699,1532,GISKE,17125583,0,249.0,Annen landbruksbygning,TB,Tatt i bruk,20030819,20040115,20050101,25.0,,,,,,,,,,
918700,1532,GISKE,17123939,0,111.0,Enebolig,TB,Tatt i bruk,20010712,20020516,20020616,285.0,,,388530021.0,Valderhaugstranda,1039.0,14.0,,,6050.0,VALDERØYA
918701,1532,GISKE,17125540,0,181.0,Garasjeuthus anneks til bolig,TB,Tatt i bruk,20041115,20041201,20051201,51.0,,,396951265.0,Nedre Grødalsvegen,1078.0,7.0,,,6050.0,VALDERØYA
918702,1532,GISKE,17123947,0,111.0,Enebolig,TB,Tatt i bruk,20010822,20010914,20020228,182.0,,,408244039.0,Budafjellvegen,4010.0,38.0,,,6040.0,VIGRA
918703,1532,GISKE,17125559,0,181.0,Garasjeuthus anneks til bolig,IG,Igangsettingstillatelse,20041118,20041130,10101,15.0,,,,,,,,,,
918704,1532,GISKE,18088290,0,113.0,Våningshus,TB,Tatt i bruk,10101,10101,10101,168.0,,,408051763.0,Postvegen,4001.0,169.0,,,6040.0,VIGRA
918705,1532,GISKE,17125443,0,121.0,"Tomannsbolig, vertikaldelt",TB,Tatt i bruk,20040916,20040920,20060701,143.0,,,57168397.0,Øvstevegen,1000.0,38.0,,,6050.0,VALDERØYA
918706,1532,GISKE,18088304,0,113.0,Våningshus,TB,Tatt i bruk,10101,10101,10101,160.0,,,57163847.0,Nørestranda,4006.0,457.0,,,6040.0,VIGRA
918707,1532,GISKE,17125443,1,121.0,"Tomannsbolig, vertikaldelt",RA,Rammetillatelse,20070628,10101,10101,0.0,,,57168397.0,Øvstevegen,1000.0,38.0,,,6050.0,VALDERØYA
918708,1532,GISKE,17125427,0,111.0,Enebolig,FA,Ferdigattest,20041115,20050101,10101,393.0,,,57168491.0,Øvrebøvegen,7028.0,4.0,,,6055.0,GODØYA
918709,1532,GISKE,18088258,0,113.0,Våningshus,BR,Bygning revet/brent,10101,10101,10101,212.0,,,407973421.0,Postvegen,4001.0,97.0,,,6040.0,VIGRA
918710,1532,GISKE,18088266,0,241.0,Hus for dyr/landbr.lager/silo,TB,Tatt i bruk,10101,10101,10101,224.0,,,407973420.0,Postvegen,4001.0,104.0,,,6040.0,VIGRA
918711,1532,GISKE,17125427,1,111.0,Enebolig,IG,Igangsettingstillatelse,20050711,20050711,10101,26.0,,,57168491.0,Øvrebøvegen,7028.0,4.0,,,6055.0,GODØYA
918712,1532,GISKE,18088274,0,113.0,Våningshus,TB,Tatt i bruk,10101,10101,10101,204.0,,,407973420.0,Postvegen,4001.0,104.0,,,6040.0,VIGRA
918713,1532,GISKE,17125435,0,111.0,Enebolig,TB,Tatt i bruk,20031114,10101,20041104,114.0,,,315247591.0,Larsgjerdet,8519.0,5.0,,,6052.0,GISKE
918714,1532,GISKE,18088282,0,241.0,Hus for dyr/landbr.lager/silo,TB,Tatt i bruk,10101,10101,10101,122.0,,,408051763.0,Postvegen,4001.0,169.0,,,6040.0,VIGRA
918715,1532,GISKE,17123874,0,113.0,Våningshus,TB,Tatt i bruk,20010612,20011015,20020422,222.0,,,411188637.0,Synesvegen,4003.0,750.0,,,6040.0,VIGRA
918716,1532,GISKE,17125486,0,181.0,Garasjeuthus anneks til bolig,TB,Tatt i bruk,20031021,20031102,20100101,67.0,,,,,,,,,,
918717,1532,GISKE,17125494,0,121.0,"Tomannsbolig, vertikaldelt",FA,Ferdigattest,20041126,20041201,10101,183.0,,,391501393.0,Måsemyrane,1056.0,8.0,,,6050.0,VALDERØYA
918718,1532,GISKE,17123882,0,241.0,Hus for dyr/landbr.lager/silo,TB,Tatt i bruk,20010612,20020915,20020924,736.0,,,57164385.0,Godøyvegen,7001.0,342.0,,,6055.0,GODØYA
918719,1532,GISKE,17125443,2,121.0,"Tomannsbolig, vertikaldelt",TB,Tatt i bruk,20070712,20070712,20070912,0.0,,,,,,,,,,
918720,1532,GISKE,17125451,0,181.0,Garasjeuthus anneks til bolig,BR,Bygning revet/brent,20041115,20041115,20100101,20.0,,,,,,,,,,
918721,1532,GISKE,17125478,0,112.0,Enebolig m/hybel/sokkelleil.,TB,Tatt i bruk,20040302,20040303,20050601,314.0,,,400111751.0,Valderhaug,1068.0,13.0,,,6050.0,VALDERØYA
918722,1532,GISKE,18088126,0,161.0,Fritidsbygg(hyttersommerh. ol,TB,Tatt i bruk,10101,10101,19000101,25.0,,,408060436.0,Postvegen,4001.0,325.0,,,6040.0,VIGRA
918723,1532,GISKE,18088134,0,113.0,Våningshus,TB,Tatt i bruk,10101,10101,10101,214.0,,,408060435.0,Postvegen,4001.0,297.0,,,6040.0,VIGRA
918724,1532,GISKE,18088142,0,241.0,Hus for dyr/landbr.lager/silo,TB,Tatt i bruk,10101,10101,10101,333.0,,,408060435.0,Postvegen,4001.0,297.0,,,6040.0,VIGRA
918725,1532,GISKE,18088150,0,163.0,Våningh. benyttes som fritidsb,TB,Tatt i bruk,10101,10101,10101,269.0,,,408051767.0,Postvegen,4001.0,198.0,,,6040.0,VIGRA
918726,1532,GISKE,18088061,0,241.0,Hus for dyr/landbr.lager/silo,TB,Tatt i bruk,10101,10101,10101,460.0,,,57163838.0,Rørvikvegen,4032.0,16.0,,,6040.0,VIGRA
918727,1532,GISKE,18088088,0,113.0,Våningshus,BU,Bygningsnummer utgått,10101,10101,10101,279.0,,,,,,,,,,
918728,1532,GISKE,18088118,0,241.0,Hus for dyr/landbr.lager/silo,TB,Tatt i bruk,10101,10101,10101,76.0,,,,,,,,,,
918729,1532,GISKE,18088207,0,182.0,Garasjeuth.anneks til fritidb,BU,Bygningsnummer utgått,10101,10101,10101,11.0,,,,,,,,,,
918730,1532,GISKE,18088215,0,241.0,Hus for dyr/landbr.lager/silo,TB,Tatt i bruk,10101,10101,10101,179.0,,,57163842.0,,,,,0.0,6040.0,VIGRA
918731,1532,GISKE,18088223,0,113.0,Våningshus,TB,Tatt i bruk,10101,10101,10101,233.0,,,407973419.0,Postvegen,4001.0,106.0,,,6040.0,VIGRA
918732,1532,GISKE,18088231,0,113.0,Våningshus,TB,Tatt i bruk,10101,10101,10101,241.0,,,407953858.0,Postvegen,4001.0,102.0,,,6040.0,VIGRA
918733,1532,GISKE,18088169,0,241.0,Hus for dyr/landbr.lager/silo,TB,Tatt i bruk,10101,10101,10101,39.0,,,408051767.0,Postvegen,4001.0,198.0,,,6040.0,VIGRA
918734,1532,GISKE,18088177,0,241.0,Hus for dyr/landbr.lager/silo,GR,Bygning godkjent for riving/brenning,10101,10101,10101,356.0,,,408051767.0,Postvegen,4001.0,198.0,,,6040.0,VIGRA
918735,1532,GISKE,18088185,0,182.0,Garasjeuth.anneks til fritidb,BU,Bygningsnummer utgått,10101,10101,10101,7.0,,,,,,,,,,
918736,1532,GISKE,18088193,0,181.0,Garasjeuthus anneks til bolig,BU,Bygningsnummer utgått,10101,10101,10101,8.0,,,,,,,,,,
918737,1532,GISKE,18087952,0,113.0,Våningshus,TB,Tatt i bruk,10101,10101,10101,300.0,,,57163835.0,Rørvikvegen,4032.0,18.0,,,6040.0,VIGRA
918738,1532,GISKE,18087952,1,113.0,Våningshus,IG,Igangsettingstillatelse,19970505,19971201,10101,13.0,,,57163835.0,Rørvikvegen,4032.0,18.0,,,6040.0,VIGRA
918739,1532,GISKE,18087960,0,249.0,Annen landbruksbygning,TB,Tatt i bruk,10101,10101,10101,56.0,,,57163835.0,Rørvikvegen,4032.0,18.0,,,6040.0,VIGRA
918740,1532,GISKE,18087979,0,241.0,Hus for dyr/landbr.lager/silo,TB,Tatt i bruk,10101,10101,10101,880.0,,,57163835.0,Rørvikvegen,4032.0,18.0,,,6040.0,VIGRA
918741,1532,GISKE,18087901,0,181.0,Garasjeuthus anneks til bolig,TB,Tatt i bruk,10101,10101,10101,30.0,,,,,,,,,,
918742,1532,GISKE,18087928,0,241.0,Hus for dyr/landbr.lager/silo,TB,Tatt i bruk,10101,10101,10101,1052.0,,,408060429.0,Postvegen,4001.0,242.0,,,6040.0,VIGRA
918743,1532,GISKE,18087936,0,113.0,Våningshus,TB,Tatt i bruk,10101,10101,10101,211.0,,,408051768.0,Postvegen,4001.0,232.0,,,6040.0,VIGRA
918744,1532,GISKE,18087944,0,183.0,Naust båthus sjøbu,TB,Tatt i bruk,10101,10101,10101,89.0,,,408060429.0,Postvegen,4001.0,242.0,,,6040.0,VIGRA
918745,1532,GISKE,18088029,0,183.0,Naust båthus sjøbu,TB,Tatt i bruk,10101,10101,10101,94.0,,,,,,,,,,
918746,1532,GISKE,18088037,0,113.0,Våningshus,TB,Tatt i bruk,10101,10101,10101,242.8,,,57163838.0,Rørvikvegen,4032.0,16.0,,,6040.0,VIGRA
918747,1532,GISKE,18088045,0,241.0,Hus for dyr/landbr.lager/silo,TB,Tatt i bruk,10101,10101,10101,23.0,,,57163838.0,Rørvikvegen,4032.0,16.0,,,6040.0,VIGRA
918748,1532,GISKE,18088053,0,113.0,Våningshus,TB,Tatt i bruk,10101,10101,10101,264.0,,,57167991.0,Rørvikvegen,4032.0,17.0,,,6040.0,VIGRA
918749,1532,GISKE,18087987,0,241.0,Hus for dyr/landbr.lager/silo,TB,Tatt i bruk,10101,10101,10101,234.0,,,57163835.0,Rørvikvegen,4032.0,18.0,,,6040.0,VIGRA
918750,1532,GISKE,18087995,0,183.0,Naust båthus sjøbu,TB,Tatt i bruk,10101,10101,10101,63.0,,,57163835.0,Rørvikvegen,4032.0,18.0,,,6040.0,VIGRA
918751,1532,GISKE,18088002,0,241.0,Hus for dyr/landbr.lager/silo,TB,Tatt i bruk,10101,10101,10101,352.0,,,408051759.0,Postvegen,4001.0,160.0,,,6040.0,VIGRA
918752,1532,GISKE,18088010,0,113.0,Våningshus,BR,Bygning revet/brent,10101,10101,10101,241.0,,,,,,,,,,
918753,1532,GISKE,17125931,0,121.0,"Tomannsbolig, vertikaldelt",TB,Tatt i bruk,20050308,20050308,20051117,90.0,,,57168505.0,Øvstevegen,1000.0,12.0,,,6050.0,VALDERØYA
918754,1532,GISKE,17125958,0,181.0,Garasjeuthus anneks til bolig,TB,Tatt i bruk,20041202,20050620,20051201,77.0,,,396729717.0,Øvre Nordstranda,1072.0,9.0,,,6050.0,VALDERØYA
918755,1532,GISKE,17125907,0,112.0,Enebolig m/hybel/sokkelleil.,TB,Tatt i bruk,20050519,20050602,20060131,257.0,,,391450604.0,Måsemyrane,1056.0,7.0,,,6050.0,VALDERØYA
918756,1532,GISKE,17125915,0,121.0,"Tomannsbolig, vertikaldelt",TB,Tatt i bruk,20050530,20050530,20060724,143.0,,,396941029.0,Grødalsvegen,1045.0,10.0,,,6050.0,VALDERØYA
918757,1532,GISKE,17125982,0,121.0,"Tomannsbolig, vertikaldelt",TB,Tatt i bruk,20050128,20050201,20060119,260.0,,,57168446.0,Roslateigen,1098.0,10.0,,,6050.0,VALDERØYA
918758,1532,GISKE,17125990,0,136.0,Andre småhus m/3 boliger el fl,TB,Tatt i bruk,20041110,20041130,20050930,298.0,,,391501396.0,Måsemyrane,1056.0,12.0,,,6050.0,VALDERØYA
918759,1532,GISKE,17125966,0,112.0,Enebolig m/hybel/sokkelleil.,MB,Midlertidig brukstillatelse,20041202,20050310,10101,318.0,,,401818104.0,Rønnebergbakkane,1064.0,8.0,,,6050.0,VALDERØYA
918760,1532,GISKE,17125974,0,181.0,Garasjeuthus anneks til bolig,RA,Rammetillatelse,20041202,10101,10101,47.0,,,401818104.0,Rønnebergbakkane,1064.0,8.0,,,6050.0,VALDERØYA
918761,1532,GISKE,17124226,0,181.0,Garasjeuthus anneks til bolig,RA,Rammetillatelse,20011009,10101,10101,26.0,,,,,,,,,,
918762,1532,GISKE,17125826,0,121.0,"Tomannsbolig, vertikaldelt",TB,Tatt i bruk,20050131,20050131,20060713,145.0,,,407826789.0,Tevegen,4017.0,14.0,,,6040.0,VIGRA
918763,1532,GISKE,17124234,0,111.0,Enebolig,TB,Tatt i bruk,20011029,20020823,20030103,373.0,,,320949889.0,Sperravegen,8522.0,62.0,,,6052.0,GISKE
918764,1532,GISKE,17125834,0,121.0,"Tomannsbolig, vertikaldelt",TB,Tatt i bruk,20050131,20050131,20051001,145.0,,,407826790.0,Tevegen,4017.0,16.0,,,6040.0,VIGRA
918765,1532,GISKE,17124196,0,121.0,"Tomannsbolig, vertikaldelt",TB,Tatt i bruk,20011025,20011220,20020503,237.0,,,390646146.0,Klokkmarka,1047.0,2.0,,,6050.0,VALDERØYA
918766,1532,GISKE,17125796,0,111.0,Enebolig,TB,Tatt i bruk,20030704,20030704,20050510,398.0,,,323434470.0,Staurneset,8529.0,25.0,,,6052.0,GISKE
918767,1532,GISKE,17124218,0,111.0,Enebolig,BR,Bygning revet/brent,20011029,20030114,20030212,138.0,,,358651214.0,Skjongneset,1018.0,16.0,,,6050.0,VALDERØYA
918768,1532,GISKE,17125818,0,111.0,Enebolig,TB,Tatt i bruk,20041206,20041206,20060306,144.0,,,57168442.0,Roslateigen,1098.0,3.0,,,6050.0,VALDERØYA
918769,1532,GISKE,17124277,0,111.0,Enebolig,TB,Tatt i bruk,20011113,20020823,20021113,329.0,,,323434469.0,Staurneset,8529.0,23.0,,,6052.0,GISKE
918770,1532,GISKE,17125885,0,121.0,"Tomannsbolig, vertikaldelt",FA,Ferdigattest,20041126,20041201,10101,183.0,,,391501394.0,Måsemyrane,1056.0,10.0,,,6050.0,VALDERØYA
918771,1532,GISKE,17125893,0,121.0,"Tomannsbolig, vertikaldelt",TB,Tatt i bruk,20050530,20050530,20060724,143.0,,,396926838.0,Grødalsvegen,1045.0,8.0,,,6050.0,VALDERØYA
918772,1532,GISKE,17124242,0,181.0,Garasjeuthus anneks til bolig,RA,Rammetillatelse,20011005,10101,10101,67.0,,,,,,,,,,
918773,1532,GISKE,17124250,0,311.0,Kontor- og adm.bygning rådhus,TB,Tatt i bruk,20011012,20020823,20021219,1171.0,,,57168857.0,Flyplassvegen,4033.0,22.0,,,6040.0,VIGRA
918774,1532,GISKE,17125850,0,111.0,Enebolig,TB,Tatt i bruk,20050404,20050404,20051114,115.0,,,315247596.0,Larsgjerdet,8519.0,8.0,,,6052.0,GISKE
918775,1532,GISKE,17124269,0,111.0,Enebolig,TB,Tatt i bruk,20011004,20020823,20040117,179.0,,,57168069.0,Godøyvegen,7001.0,241.0,,,6055.0,GODØYA
918776,1532,GISKE,17125877,0,181.0,Garasjeuthus anneks til bolig,TB,Tatt i bruk,20040330,20040403,20050408,49.0,,,,,,,,,,
918777,1532,GISKE,17124102,0,181.0,Garasjeuthus anneks til bolig,IG,Igangsettingstillatelse,20010828,20040102,10101,8.0,,,,,,,,,,
918778,1532,GISKE,17125710,0,181.0,Garasjeuthus anneks til bolig,TB,Tatt i bruk,20030602,20030620,20031231,69.0,,,,,,,,,,
918779,1532,GISKE,17124110,0,181.0,Garasjeuthus anneks til bolig,TB,Tatt i bruk,20010828,10101,20100101,39.0,,,,,,,,,,
918780,1532,GISKE,17124129,0,121.0,"Tomannsbolig, vertikaldelt",TB,Tatt i bruk,20010330,20011015,20011220,147.0,,,408390917.0,Grytolmarka,1103.0,18.0,,,6050.0,VALDERØYA
918781,1532,GISKE,17125699,0,111.0,Enebolig,TB,Tatt i bruk,20040527,20040530,20060101,175.0,,,391501392.0,Måsemyrane,1056.0,6.0,,,6050.0,VALDERØYA
918782,1532,GISKE,17124099,0,151.0,Bo- og servicesenter,BU,Bygningsnummer utgått,20010422,20010815,20010829,63.0,,,309325848.0,Hølevegen,8511.0,1.0,E,,6052.0,GISKE
918783,1532,GISKE,17125702,0,181.0,Garasjeuthus anneks til bolig,TB,Tatt i bruk,20031021,20031101,20041101,36.0,,,,,,,,,,
918784,1532,GISKE,17124161,0,122.0,"Tomannsbolig, horisontaldelt",TB,Tatt i bruk,20011017,20020823,20030415,178.0,,,408508421.0,Trollhaugane,1087.0,13.0,,,6050.0,VALDERØYA
918785,1532,GISKE,17125761,0,121.0,"Tomannsbolig, vertikaldelt",TB,Tatt i bruk,20040916,20040920,20060701,143.0,,,57168495.0,Øvstevegen,1000.0,40.0,,,6050.0,VALDERØYA
918786,1532,GISKE,17124188,0,122.0,"Tomannsbolig, horisontaldelt",TB,Tatt i bruk,20011017,20011220,20030415,178.0,,,408496518.0,Trollhaugane,1087.0,9.0,,,6050.0,VALDERØYA
918787,1532,GISKE,17125788,0,144.0,Store sammenbygde boligbygg på 2 etg.,FA,Ferdigattest,20031211,20040524,10101,1408.0,,,408419411.0,Gjerdet,1025.0,11.0,,,6050.0,VALDERØYA
918788,1532,GISKE,17125737,0,111.0,Enebolig,TB,Tatt i bruk,20041014,20041112,20070102,292.0,,,448728553.0,Jovegen,1080.0,28.0,,,6050.0,VALDERØYA
918789,1532,GISKE,17124137,0,181.0,Garasjeuthus anneks til bolig,TB,Tatt i bruk,20011026,20020823,20060601,46.0,,,,,,,,,,
918790,1532,GISKE,17124145,0,181.0,Garasjeuthus anneks til bolig,RA,Rammetillatelse,20011010,10101,10101,56.0,,,,,,,,,,
918791,1532,GISKE,17124153,0,111.0,Enebolig,TB,Tatt i bruk,20011015,20011220,20021120,178.0,,,408390912.0,Søre Oksneset,1067.0,20.0,,,6050.0,VALDERØYA
918792,1532,GISKE,17125753,0,111.0,Enebolig,TB,Tatt i bruk,20040813,20040830,20050630,148.0,,,387520974.0,Rokkevegen,1036.0,53.0,,,6050.0,VALDERØYA
918793,1532,GISKE,17124013,0,181.0,Garasjeuthus anneks til bolig,RA,Rammetillatelse,20010820,10101,10101,66.0,,,,,,,,,,
918794,1532,GISKE,17125613,0,181.0,Garasjeuthus anneks til bolig,TB,Tatt i bruk,20030613,20030614,20050101,10.0,,,,,,,,,,
918795,1532,GISKE,17124021,0,111.0,Enebolig,TB,Tatt i bruk,20010810,20011018,20020502,206.0,,,57168068.0,Øvrebøvegen,7028.0,7.0,,,6055.0,GODØYA
918796,1532,GISKE,17125621,0,181.0,Garasjeuthus anneks til bolig,TB,Tatt i bruk,20030613,20030620,20050101,7.0,,,,,,,,,,
918797,1532,GISKE,17124048,0,439.0,Annen garasje-/hangarbygning,RA,Rammetillatelse,20010813,10101,10101,640.0,,,,,,,,,,
918798,1532,GISKE,17125648,0,181.0,Garasjeuthus anneks til bolig,TB,Tatt i bruk,20030703,20030730,20070101,83.0,,,,,,,,,,
918799,1532,GISKE,17123971,0,181.0,Garasjeuthus anneks til bolig,TB,Tatt i bruk,20010806,20011018,20070523,45.0,,,,,,,,,,
918800,1532,GISKE,17125591,0,181.0,Garasjeuthus anneks til bolig,TB,Tatt i bruk,20040324,20040325,20070101,45.0,,,,,,,,,,
918801,1532,GISKE,17123998,0,181.0,Garasjeuthus anneks til bolig,BR,Bygning revet/brent,20010820,10101,20100101,77.0,,,,,,,,,,
918802,1532,GISKE,17125605,0,183.0,Naust båthus sjøbu,TB,Tatt i bruk,20030909,20030930,20060101,75.0,,,,,,,,,,
918803,1532,GISKE,17124005,0,181.0,Garasjeuthus anneks til bolig,TB,Tatt i bruk,20010820,10101,20060601,40.0,,,,,,,,,,
918804,1532,GISKE,17124072,0,151.0,Bo- og servicesenter,BU,Bygningsnummer utgått,12000422,20010815,20010829,63.0,,,309325846.0,Hølevegen,8511.0,1.0,C,,6052.0,GISKE
918805,1532,GISKE,17125672,0,181.0,Garasjeuthus anneks til bolig,TB,Tatt i bruk,20040406,20040408,20050408,47.0,,,,,,,,,,
918806,1532,GISKE,17125680,0,111.0,Enebolig,TB,Tatt i bruk,20040330,20040403,20050408,200.0,,,57168445.0,Roslateigen,1098.0,9.0,,,6050.0,VALDERØYA
918807,1532,GISKE,17124080,0,151.0,Bo- og servicesenter,BU,Bygningsnummer utgått,20010422,20010815,20010829,63.0,,,309325847.0,Hølevegen,8511.0,1.0,D,,6052.0,GISKE
918808,1532,GISKE,17124056,0,612.0,Barnehage,TB,Tatt i bruk,20010815,20020823,20030109,642.6,,,408241335.0,Bakarvegen,4009.0,8.0,,,6040.0,VIGRA
918809,1532,GISKE,17125656,0,111.0,Enebolig,FA,Ferdigattest,20030917,20031008,20040830,217.0,,,388530024.0,Valderhaugstranda,1039.0,20.0,,,6050.0,VALDERØYA
918810,1532,GISKE,17124064,0,151.0,Bo- og servicesenter,BU,Bygningsnummer utgått,20010422,20010815,20010829,63.0,,,,,,,,,,
918811,1532,GISKE,17125664,0,181.0,Garasjeuthus anneks til bolig,TB,Tatt i bruk,20040322,20040420,20040420,22.0,,,,,,,,,,
918812,1532,GISKE,18087235,0,181.0,Garasjeuthus anneks til bolig,TB,Tatt i bruk,10101,10101,10101,20.0,,,407654082.0,Molnesvegen,4005.0,381.0,,,6040.0,VIGRA
918813,1532,GISKE,18087243,0,111.0,Enebolig,TB,Tatt i bruk,10101,10101,10101,287.0,,,407563760.0,Molnesvegen,4005.0,241.0,,,6040.0,VIGRA
918814,1532,GISKE,18087251,0,111.0,Enebolig,TB,Tatt i bruk,10101,10101,10101,244.0,,,407285050.0,Fjellfoten,4028.0,10.0,,,6040.0,VIGRA
918815,1532,GISKE,18087758,0,241.0,Hus for dyr/landbr.lager/silo,TB,Tatt i bruk,10101,10101,10101,520.0,,,,,,,,,,
918816,1532,GISKE,18087766,0,113.0,Våningshus,TB,Tatt i bruk,10101,10101,10101,203.0,,,57167545.0,Rørvikvegen,4032.0,26.0,,,6040.0,VIGRA
918817,1532,GISKE,18087774,0,113.0,Våningshus,BR,Bygning revet/brent,10101,10101,10101,380.0,,,,,,,,,,
918818,1532,GISKE,18087782,0,241.0,Hus for dyr/landbr.lager/silo,TB,Tatt i bruk,10101,10101,10101,23.0,,,,,,,,,,
918819,1532,GISKE,18087707,0,241.0,Hus for dyr/landbr.lager/silo,BR,Bygning revet/brent,10101,10101,10101,35.0,,,407973422.0,Postvegen,4001.0,122.0,,,6040.0,VIGRA
918820,1532,GISKE,18087715,0,183.0,Naust båthus sjøbu,BR,Bygning revet/brent,10101,10101,10101,73.0,,,407973422.0,Postvegen,4001.0,122.0,,,6040.0,VIGRA
918821,1532,GISKE,18087723,0,113.0,Våningshus,BU,Bygningsnummer utgått,10101,10101,10101,306.0,,,,,,,,,,
918822,1532,GISKE,18087731,0,113.0,Våningshus,TB,Tatt i bruk,10101,10101,10101,238.0,,,57163831.0,Rørvikvegen,4032.0,27.0,,,6040.0,VIGRA
918823,1532,GISKE,18087847,0,113.0,Våningshus,BU,Bygningsnummer utgått,10101,10101,10101,243.0,,,408063720.0,Postvegen,4001.0,329.0,,,6040.0,VIGRA
918824,1532,GISKE,18087855,0,183.0,Naust båthus sjøbu,TB,Tatt i bruk,10101,10101,10101,37.0,,,411188634.0,Synesvegen,4003.0,722.0,,,6040.0,VIGRA
918825,1532,GISKE,18087863,0,241.0,Hus for dyr/landbr.lager/silo,TB,Tatt i bruk,10101,10101,10101,344.0,,,57168914.0,Magretevegen,4031.0,14.0,,,6040.0,VIGRA
918826,1532,GISKE,18087790,0,241.0,Hus for dyr/landbr.lager/silo,TB,Tatt i bruk,10101,10101,10101,17.0,,,408063722.0,Postvegen,4001.0,343.0,,,6040.0,VIGRA
918827,1532,GISKE,18087804,0,241.0,Hus for dyr/landbr.lager/silo,BR,Bygning revet/brent,10101,10101,10101,464.0,,,408063722.0,Postvegen,4001.0,343.0,,,6040.0,VIGRA
918828,1532,GISKE,18087812,0,124.0,"Våningshus, tomannsb./horisont.",TB,Tatt i bruk,10101,10101,18800101,376.0,,,408063722.0,Postvegen,4001.0,343.0,,,6040.0,VIGRA
918829,1532,GISKE,18087820,0,249.0,Annen landbruksbygning,TB,Tatt i bruk,10101,10101,10101,28.0,,,408063720.0,Postvegen,4001.0,329.0,,,6040.0,VIGRA
918830,1532,GISKE,18087588,0,241.0,Hus for dyr/landbr.lager/silo,TB,Tatt i bruk,10101,10101,10101,14.0,,,,,,,,,,
918831,1532,GISKE,18087596,0,183.0,Naust båthus sjøbu,BU,Bygningsnummer utgått,10101,10101,10101,21.0,,,,,,,,,,
918832,1532,GISKE,18087618,0,161.0,Fritidsbygg(hyttersommerh. ol,BU,Bygningsnummer utgått,10101,10101,10101,32.0,,,408060432.0,Postvegen,4001.0,303.0,,,6040.0,VIGRA
918833,1532,GISKE,18087553,1,311.0,Kontor- og adm.bygning rådhus,TB,Tatt i bruk,19950531,19991201,20000106,7.0,,,413470747.0,Øievegen,4018.0,2.0,,,6040.0,VIGRA
918834,1532,GISKE,18087561,0,212.0,Verkstedbygning,TB,Tatt i bruk,10101,10101,10101,286.0,,,408197647.0,Hauvegen,4012.0,2.0,,,6040.0,VIGRA
918835,1532,GISKE,18087561,1,212.0,Verkstedbygning,TB,Tatt i bruk,19971003,19971201,19980216,116.0,,,408197647.0,Hauvegen,4012.0,2.0,,,6040.0,VIGRA
918836,1532,GISKE,18087669,0,241.0,Hus for dyr/landbr.lager/silo,TB,Tatt i bruk,10101,10101,10101,300.0,,,408060432.0,Postvegen,4001.0,303.0,,,6040.0,VIGRA
918837,1532,GISKE,18087677,0,241.0,Hus for dyr/landbr.lager/silo,BR,Bygning revet/brent,10101,10101,10101,320.0,,,407973422.0,Postvegen,4001.0,122.0,,,6040.0,VIGRA
918838,1532,GISKE,18087685,0,113.0,Våningshus,TB,Tatt i bruk,10101,10101,10101,289.0,,,407973422.0,Postvegen,4001.0,122.0,,,6040.0,VIGRA
918839,1532,GISKE,18087693,0,241.0,Hus for dyr/landbr.lager/silo,TB,Tatt i bruk,10101,10101,10101,475.0,,,407973422.0,Postvegen,4001.0,122.0,,,6040.0,VIGRA
918840,1532,GISKE,18087626,0,113.0,Våningshus,TB,Tatt i bruk,10101,10101,19790101,269.0,,,408060432.0,Postvegen,4001.0,303.0,,,6040.0,VIGRA
918841,1532,GISKE,18087634,0,113.0,Våningshus,TB,Tatt i bruk,10101,10101,18900101,374.0,,,408060431.0,Postvegen,4001.0,301.0,,,6040.0,VIGRA
918842,1532,GISKE,18087642,0,241.0,Hus for dyr/landbr.lager/silo,TB,Tatt i bruk,10101,10101,10101,24.0,,,408060432.0,Postvegen,4001.0,303.0,,,6040.0,VIGRA
918843,1532,GISKE,18087650,0,241.0,Hus for dyr/landbr.lager/silo,TB,Tatt i bruk,10101,10101,10101,898.0,,,408060432.0,Postvegen,4001.0,303.0,,,6040.0,VIGRA
918844,1532,GISKE,18087448,0,241.0,Hus for dyr/landbr.lager/silo,TB,Tatt i bruk,10101,10101,10101,21.0,,,57163828.0,Rørvikvegen,4032.0,5.0,,,6040.0,VIGRA
918845,1532,GISKE,18087456,0,113.0,Våningshus,BU,Bygningsnummer utgått,10101,10101,10101,261.0,,,57163828.0,Rørvikvegen,4032.0,5.0,,,6040.0,VIGRA
918846,1532,GISKE,18087464,0,161.0,Fritidsbygg(hyttersommerh. ol,TB,Tatt i bruk,10101,10101,10101,30.0,,,407563759.0,Molnesvegen,4005.0,239.0,,,6040.0,VIGRA
918847,1532,GISKE,18087472,0,161.0,Fritidsbygg(hyttersommerh. ol,TB,Tatt i bruk,10101,10101,10101,94.0,,,407654872.0,Molnesvegen,4005.0,425.0,,,6040.0,VIGRA
918848,1532,GISKE,18087391,0,241.0,Hus for dyr/landbr.lager/silo,TB,Tatt i bruk,10101,10101,10101,980.0,,,,,,,,,,
918849,1532,GISKE,18087405,0,249.0,Annen landbruksbygning,TB,Tatt i bruk,10101,10101,10101,18.0,,,,,,,,,,
918850,1532,GISKE,18087413,0,113.0,Våningshus,TB,Tatt i bruk,10101,10101,19730101,220.0,,,57167880.0,Rørvikvegen,4032.0,2.0,,,6040.0,VIGRA
918851,1532,GISKE,18087421,0,241.0,Hus for dyr/landbr.lager/silo,BR,Bygning revet/brent,10101,10101,10101,43.0,,,57163828.0,Rørvikvegen,4032.0,5.0,,,6040.0,VIGRA
918852,1532,GISKE,18087529,0,659.0,Annen idrettsbygning,TB,Tatt i bruk,10101,10101,10101,52.0,,,407720930.0,Rotmyrvegen,4015.0,10.0,,,6040.0,VIGRA
918853,1532,GISKE,18087537,0,659.0,Annen idrettsbygning,TB,Tatt i bruk,10101,10101,10101,271.0,,,407720930.0,Rotmyrvegen,4015.0,10.0,,,6040.0,VIGRA
918854,1532,GISKE,18087545,0,181.0,Garasjeuthus anneks til bolig,TB,Tatt i bruk,10101,10101,10101,38.0,,,413470747.0,Øievegen,4018.0,2.0,,,6040.0,VIGRA
918855,1532,GISKE,18087553,0,311.0,Kontor- og adm.bygning rådhus,TB,Tatt i bruk,10101,10101,10101,552.0,,,413470747.0,Øievegen,4018.0,2.0,,,6040.0,VIGRA
918856,1532,GISKE,18087480,0,183.0,Naust båthus sjøbu,BR,Bygning revet/brent,10101,10101,10101,48.0,,,407825505.0,Tevegen,4017.0,6.0,,,6040.0,VIGRA
918857,1532,GISKE,18087499,0,662.0,Samfunnshus grendehus,TB,Tatt i bruk,10101,10101,10101,941.0,,,407554636.0,Molnesvegen,4005.0,59.0,,,6040.0,VIGRA
918858,1532,GISKE,18087502,0,244.0,Driftsb. fiske/fangst/oppdr,BR,Bygning revet/brent,10101,10101,10101,57.0,,,,,,,,,,
918859,1532,GISKE,18087510,0,161.0,Fritidsbygg(hyttersommerh. ol,TB,Tatt i bruk,10101,10101,10101,44.0,,,,,,,,,,
918860,1532,GISKE,18087294,0,111.0,Enebolig,TB,Tatt i bruk,10101,10101,10101,164.0,,,407285056.0,Fjellfoten,4028.0,24.0,,,6040.0,VIGRA
918861,1532,GISKE,18087294,1,111.0,Enebolig,TB,Tatt i bruk,19971007,19971201,19990301,64.0,,,407285056.0,Fjellfoten,4028.0,24.0,,,6040.0,VIGRA
918862,1532,GISKE,18087278,0,111.0,Enebolig,TB,Tatt i bruk,10101,10101,10101,229.0,,,407563761.0,Molnesvegen,4005.0,249.0,,,6040.0,VIGRA
918863,1532,GISKE,18087286,0,112.0,Enebolig m/hybel/sokkelleil.,TB,Tatt i bruk,20071009,20071009,20071231,182.0,,,407285055.0,Fjellfoten,4028.0,22.0,,,6040.0,VIGRA
918864,1532,GISKE,18087286,1,112.0,Enebolig m/hybel/sokkelleil.,TB,Tatt i bruk,19970619,19970701,19971201,24.0,,,407285055.0,Fjellfoten,4028.0,22.0,,,6040.0,VIGRA
918865,1532,GISKE,18087340,0,111.0,Enebolig,TB,Tatt i bruk,10101,10101,10101,188.0,,,407285051.0,Fjellfoten,4028.0,12.0,,,6040.0,VIGRA
918866,1532,GISKE,18087359,0,111.0,Enebolig,TB,Tatt i bruk,10101,10101,10101,192.0,,,407352893.0,Hagardsvegen,4029.0,20.0,,,6040.0,VIGRA
918867,1532,GISKE,18087367,0,181.0,Garasjeuthus anneks til bolig,BR,Bygning revet/brent,10101,10101,10101,32.0,,,407352892.0,Hagardsvegen,4029.0,18.0,,,6040.0,VIGRA
918868,1532,GISKE,18087375,0,181.0,Garasjeuthus anneks til bolig,TB,Tatt i bruk,10101,10101,10101,43.0,,,,,,,,,,
918869,1532,GISKE,18087308,0,181.0,Garasjeuthus anneks til bolig,TB,Tatt i bruk,10101,10101,10101,44.0,,,,,,,,,,
918870,1532,GISKE,18087316,0,111.0,Enebolig,TB,Tatt i bruk,10101,10101,10101,193.0,,,407285057.0,Fjellfoten,4028.0,26.0,,,6040.0,VIGRA
918871,1532,GISKE,18087324,0,111.0,Enebolig,TB,Tatt i bruk,10101,10101,10101,196.0,,,407285053.0,Fjellfoten,4028.0,16.0,,,6040.0,VIGRA
918872,1532,GISKE,18087332,0,181.0,Garasjeuthus anneks til bolig,TB,Tatt i bruk,10101,10101,10101,18.0,,,407285051.0,Fjellfoten,4028.0,12.0,,,6040.0,VIGRA
918873,1532,GISKE,18085011,0,231.0,Lagerhall,TB,Tatt i bruk,10101,10101,10101,196.0,,,,,,,,,,
918874,1532,GISKE,18085038,0,211.0,Fabrikkbygning,TB,Tatt i bruk,10101,10101,10101,197.0,,,408241330.0,Bakarvegen,4009.0,13.0,,,6040.0,VIGRA
918875,1532,GISKE,18085046,0,111.0,Enebolig,TB,Tatt i bruk,10101,10101,10101,237.0,,,408241330.0,Bakarvegen,4009.0,13.0,,,6040.0,VIGRA
918876,1532,GISKE,18085054,0,181.0,Garasjeuthus anneks til bolig,TB,Tatt i bruk,10101,10101,10101,16.0,,,408251528.0,Budafjellvegen,4010.0,25.0,,,6040.0,VIGRA
918877,1532,GISKE,18084961,0,241.0,Hus for dyr/landbr.lager/silo,BR,Bygning revet/brent,10101,10101,10101,377.0,,,,,,,,,,
918878,1532,GISKE,18090023,0,111.0,Enebolig,TB,Tatt i bruk,10101,10101,10101,188.0,,,407345787.0,Hagardsvegen,4029.0,8.0,,,6040.0,VIGRA
918879,1532,GISKE,18084988,0,241.0,Hus for dyr/landbr.lager/silo,TB,Tatt i bruk,10101,10101,10101,775.0,,,,,,,,,,
918880,1532,GISKE,18084996,0,113.0,Våningshus,TB,Tatt i bruk,10101,10101,10101,413.0,,,57163353.0,Øvregatå,4019.0,45.0,,,6040.0,VIGRA
918881,1532,GISKE,18085003,0,241.0,Hus for dyr/landbr.lager/silo,TB,Tatt i bruk,10101,10101,10101,378.0,,,57163353.0,Øvregatå,4019.0,45.0,,,6040.0,VIGRA
918882,1532,GISKE,18085100,0,249.0,Annen landbruksbygning,TB,Tatt i bruk,10101,10101,10101,21.0,,,57167030.0,,,,,0.0,6040.0,VIGRA
918883,1532,GISKE,18085119,0,241.0,Hus for dyr/landbr.lager/silo,TB,Tatt i bruk,10101,10101,10101,139.0,,,57167030.0,,,,,0.0,6040.0,VIGRA
918884,1532,GISKE,18085127,0,219.0,Annen industribygning,BR,Bygning revet/brent,10101,10101,10101,91.0,,,,,,,,,,
918885,1532,GISKE,18085135,0,112.0,Enebolig m/hybel/sokkelleil.,TB,Tatt i bruk,10101,10101,10101,255.0,,,408070613.0,Postvegen,4001.0,594.0,,,6040.0,VIGRA
918886,1532,GISKE,18085062,0,111.0,Enebolig,TB,Tatt i bruk,10101,10101,10101,275.0,,,408251528.0,Budafjellvegen,4010.0,25.0,,,6040.0,VIGRA
918887,1532,GISKE,18085070,0,181.0,Garasjeuthus anneks til bolig,TB,Tatt i bruk,10101,10101,10101,50.0,,,408251528.0,Budafjellvegen,4010.0,25.0,,,6040.0,VIGRA
918888,1532,GISKE,18085089,0,183.0,Naust båthus sjøbu,TB,Tatt i bruk,10101,10101,10101,140.0,,,,,,,,,,
918889,1532,GISKE,18085097,0,162.0,Helårsb.benyttes som fritidsb.,TB,Tatt i bruk,10101,10101,10101,210.0,,,502669250.0,Nørestranda,4006.0,284.0,,,6040.0,VIGRA
918890,1532,GISKE,18084864,0,136.0,Andre småhus m/3 boliger el fl,TB,Tatt i bruk,10101,10101,10101,234.0,,,408197643.0,Postvegen,4001.0,616.0,,,6040.0,VIGRA
918891,1532,GISKE,18084872,0,111.0,Enebolig,TB,Tatt i bruk,10101,10101,10101,217.0,,,408077330.0,Postvegen,4001.0,618.0,,,6040.0,VIGRA
918892,1532,GISKE,18089912,0,111.0,Enebolig,TB,Tatt i bruk,10101,10101,10101,190.0,,,407352890.0,Hagardsvegen,4029.0,14.0,,,6040.0,VIGRA
918893,1532,GISKE,18084880,0,111.0,Enebolig,TB,Tatt i bruk,10101,10101,10101,94.0,,,408077331.0,Postvegen,4001.0,612.0,,,6040.0,VIGRA
918894,1532,GISKE,18089920,0,111.0,Enebolig,TB,Tatt i bruk,10101,10101,10101,161.0,,,407352897.0,Hagardsvegen,4029.0,11.0,,,6040.0,VIGRA
918895,1532,GISKE,18084899,0,111.0,Enebolig,TB,Tatt i bruk,10101,10101,10101,217.0,,,407285122.0,Demmevegen,4027.0,11.0,,,6040.0,VIGRA
918896,1532,GISKE,18089939,0,181.0,Garasjeuthus anneks til bolig,TB,Tatt i bruk,10101,10101,10101,38.0,,,407352897.0,Hagardsvegen,4029.0,11.0,,,6040.0,VIGRA
918897,1532,GISKE,18084813,0,183.0,Naust båthus sjøbu,BR,Bygning revet/brent,10101,10101,10101,69.0,,,408070612.0,Postvegen,4001.0,592.0,,,6040.0,VIGRA
918898,1532,GISKE,18084821,0,183.0,Naust båthus sjøbu,TB,Tatt i bruk,10101,10101,10101,20.0,,,408070612.0,Postvegen,4001.0,592.0,,,6040.0,VIGRA
918899,1532,GISKE,17127608,0,182.0,Garasjeuth.anneks til fritidb,IG,Igangsettingstillatelse,20051114,20051114,10101,23.0,,,,,,,,,,
918900,1532,GISKE,18089882,0,112.0,Enebolig m/hybel/sokkelleil.,TB,Tatt i bruk,10101,10101,10101,186.0,,,407285126.0,Demmevegen,4027.0,2.0,,,6040.0,VIGRA
918901,1532,GISKE,18084848,0,112.0,Enebolig m/hybel/sokkelleil.,TB,Tatt i bruk,10101,10101,10101,278.0,,,408077337.0,Postvegen,4001.0,626.0,,,6040.0,VIGRA
918902,1532,GISKE,18089890,0,181.0,Garasjeuthus anneks til bolig,TB,Tatt i bruk,10101,10101,10101,31.0,,,,,,,,,,
918903,1532,GISKE,17127616,0,182.0,Garasjeuth.anneks til fritidb,IG,Igangsettingstillatelse,20060817,20060817,10101,55.0,,,,,,,,,,
918904,1532,GISKE,18084856,0,183.0,Naust båthus sjøbu,TB,Tatt i bruk,10101,10101,10101,38.0,,,408077337.0,Postvegen,4001.0,626.0,,,6040.0,VIGRA
918905,1532,GISKE,18089904,0,111.0,Enebolig,TB,Tatt i bruk,10101,19810915,19830228,168.0,,,407285058.0,Demmevegen,4027.0,1.0,,,6040.0,VIGRA
918906,1532,GISKE,18084945,0,111.0,Enebolig,TB,Tatt i bruk,10101,10101,10101,285.0,,,57163438.0,Nørestranda,4006.0,515.0,,,6040.0,VIGRA
918907,1532,GISKE,18089971,0,181.0,Garasjeuthus anneks til bolig,TB,Tatt i bruk,10101,10101,10101,37.0,,,,,,,,,,
918908,1532,GISKE,18084945,1,111.0,Enebolig,TB,Tatt i bruk,19910222,19911201,19920430,21.0,,,57163438.0,Nørestranda,4006.0,515.0,,,6040.0,VIGRA
918909,1532,GISKE,18089998,0,111.0,Enebolig,TB,Tatt i bruk,10101,10101,10101,195.0,,,407345788.0,Hagardsvegen,4029.0,10.0,,,6040.0,VIGRA
918910,1532,GISKE,18090007,0,181.0,Garasjeuthus anneks til bolig,TB,Tatt i bruk,10101,10101,10101,38.0,,,407352895.0,Hagardsvegen,4029.0,7.0,,,6040.0,VIGRA
918911,1532,GISKE,18084953,0,181.0,Garasjeuthus anneks til bolig,TB,Tatt i bruk,10101,10101,10101,32.0,,,57168494.0,Nørestranda,4006.0,521.0,,,6040.0,VIGRA
918912,1532,GISKE,18090015,0,111.0,Enebolig,TB,Tatt i bruk,10101,10101,10101,327.0,,,407352895.0,Hagardsvegen,4029.0,7.0,,,6040.0,VIGRA
918913,1532,GISKE,18084902,0,183.0,Naust båthus sjøbu,TB,Tatt i bruk,10101,10101,10101,22.0,,,407285122.0,Demmevegen,4027.0,11.0,,,6040.0,VIGRA
918914,1532,GISKE,18089947,0,111.0,Enebolig,TB,Tatt i bruk,10101,10101,10101,188.0,,,407352889.0,Hagardsvegen,4029.0,12.0,,,6040.0,VIGRA
918915,1532,GISKE,18084910,0,111.0,Enebolig,TB,Tatt i bruk,10101,10101,10101,216.0,,,408070617.0,Postvegen,4001.0,602.0,,,6040.0,VIGRA
918916,1532,GISKE,18089947,1,111.0,Enebolig,IG,Igangsettingstillatelse,20040506,20040510,10101,10.0,,,407352889.0,Hagardsvegen,4029.0,12.0,,,6040.0,VIGRA
918917,1532,GISKE,18084929,0,183.0,Naust båthus sjøbu,TB,Tatt i bruk,10101,10101,10101,24.0,,,408070617.0,Postvegen,4001.0,602.0,,,6040.0,VIGRA
918918,1532,GISKE,18089955,0,181.0,Garasjeuthus anneks til bolig,TB,Tatt i bruk,10101,10101,10101,21.0,,,,,,,,,,
918919,1532,GISKE,18084937,0,111.0,Enebolig,TB,Tatt i bruk,10101,10101,20050221,216.0,,,57168494.0,Nørestranda,4006.0,521.0,,,6040.0,VIGRA
918920,1532,GISKE,18089963,0,112.0,Enebolig m/hybel/sokkelleil.,TB,Tatt i bruk,10101,10101,10101,211.0,,,407352896.0,Hagardsvegen,4029.0,9.0,,,6040.0,VIGRA
918921,1532,GISKE,17127527,0,181.0,Garasjeuthus anneks til bolig,TB,Tatt i bruk,20000523,20040223,20040823,37.0,,,,,,,,,,
918922,1532,GISKE,18084708,0,112.0,Enebolig m/hybel/sokkelleil.,TB,Tatt i bruk,10101,10101,10101,247.0,,,57163340.0,Nørestranda,4006.0,459.0,,,6040.0,VIGRA
918923,1532,GISKE,18089807,1,111.0,Enebolig,TB,Tatt i bruk,19940616,19940630,19971201,109.0,,,407345185.0,Aglasgjerdet,4026.0,2.0,,,6040.0,VIGRA
918924,1532,GISKE,18084716,0,181.0,Garasjeuthus anneks til bolig,TB,Tatt i bruk,10101,10101,10101,43.0,,,57163340.0,Nørestranda,4006.0,459.0,,,6040.0,VIGRA
918925,1532,GISKE,17127535,0,181.0,Garasjeuthus anneks til bolig,TB,Tatt i bruk,20060906,20060906,20070601,39.0,,,,,,,,,,
918926,1532,GISKE,18084724,0,241.0,Hus for dyr/landbr.lager/silo,TB,Tatt i bruk,10101,10101,10101,809.0,,,57163340.0,Nørestranda,4006.0,459.0,,,6040.0,VIGRA
918927,1532,GISKE,18089807,2,111.0,Enebolig,RA,Rammetillatelse,20000519,10101,10101,27.0,,,407345185.0,Aglasgjerdet,4026.0,2.0,,,6040.0,VIGRA
918928,1532,GISKE,18084732,0,113.0,Våningshus,TB,Tatt i bruk,10101,10101,10101,286.0,,,408077329.0,Postvegen,4001.0,606.0,,,6040.0,VIGRA
918929,1532,GISKE,18089823,0,181.0,Garasjeuthus anneks til bolig,TB,Tatt i bruk,10101,10101,10101,27.0,,,407323998.0,Aglasgjerdet,4026.0,1.0,,,6040.0,VIGRA
918930,1532,GISKE,17127500,0,171.0,Seterhus sel rorbu o.l.,BU,Bygningsnummer utgått,20001130,20010122,20061212,100.0,,,57168415.0,Alnesvegen,7032.0,13.0,,,6055.0,GODØYA
918931,1532,GISKE,18084651,0,124.0,"Våningshus, tomannsb./horisont.",TB,Tatt i bruk,10101,10101,10101,305.0,,,57163337.0,Nørestranda,4006.0,507.0,,,6040.0,VIGRA
918932,1532,GISKE,18089777,0,111.0,Enebolig,TB,Tatt i bruk,10101,10101,10101,177.0,,,407285359.0,Demmevegen,4027.0,8.0,,,6040.0,VIGRA
918933,1532,GISKE,18084678,0,241.0,Hus for dyr/landbr.lager/silo,BR,Bygning revet/brent,10101,10101,10101,394.0,,,57163337.0,Nørestranda,4006.0,507.0,,,6040.0,VIGRA
918934,1532,GISKE,18089785,0,181.0,Garasjeuthus anneks til bolig,TB,Tatt i bruk,10101,10101,10101,45.0,,,407285359.0,Demmevegen,4027.0,8.0,,,6040.0,VIGRA
918935,1532,GISKE,17127519,0,181.0,Garasjeuthus anneks til bolig,TB,Tatt i bruk,20061212,20061212,20070701,52.0,,,407824137.0,Tevegen,4017.0,21.0,,,6040.0,VIGRA
918936,1532,GISKE,18084686,0,113.0,Våningshus,TB,Tatt i bruk,10101,10101,10101,276.0,,,407554638.0,Molnesvegen,4005.0,91.0,,,6040.0,VIGRA
918937,1532,GISKE,18089793,0,111.0,Enebolig,TB,Tatt i bruk,10101,10101,10101,232.0,,,407345179.0,Aglasgjerdet,4026.0,3.0,,,6040.0,VIGRA
918938,1532,GISKE,18084694,0,241.0,Hus for dyr/landbr.lager/silo,TB,Tatt i bruk,10101,10101,10101,610.0,,,407554638.0,Molnesvegen,4005.0,91.0,,,6040.0,VIGRA
918939,1532,GISKE,18089807,0,111.0,Enebolig,TB,Tatt i bruk,10101,10101,10101,296.0,,,407345185.0,Aglasgjerdet,4026.0,2.0,,,6040.0,VIGRA
918940,1532,GISKE,18084775,0,241.0,Hus for dyr/landbr.lager/silo,TB,Tatt i bruk,10101,10101,10101,218.0,,,57163342.0,Markevegen,4014.0,56.0,,,6040.0,VIGRA
918941,1532,GISKE,18089866,0,111.0,Enebolig,TB,Tatt i bruk,10101,10101,10101,197.0,,,407285127.0,Demmevegen,4027.0,4.0,,,6040.0,VIGRA
918942,1532,GISKE,18084783,0,113.0,Våningshus,TB,Tatt i bruk,10101,10101,10101,246.0,,,57163342.0,Markevegen,4014.0,56.0,,,6040.0,VIGRA
918943,1532,GISKE,18089866,1,111.0,Enebolig,IG,Igangsettingstillatelse,19991101,20000107,10101,86.0,,,407285127.0,Demmevegen,4027.0,4.0,,,6040.0,VIGRA
918944,1532,GISKE,17127586,0,111.0,Enebolig,TB,Tatt i bruk,20061207,20070212,20080130,246.0,,,57168880.0,Timanngjerdet,4020.0,9.0,,,6040.0,VIGRA
918945,1532,GISKE,18084791,0,111.0,Enebolig,TB,Tatt i bruk,10101,10101,10101,285.0,,,408070616.0,Postvegen,4001.0,600.0,,,6040.0,VIGRA
918946,1532,GISKE,18089874,0,111.0,Enebolig,TB,Tatt i bruk,10101,10101,10101,172.0,,,407285119.0,Demmevegen,4027.0,3.0,,,6040.0,VIGRA
918947,1532,GISKE,18084805,0,111.0,Enebolig,TB,Tatt i bruk,10101,10101,10101,192.0,,,408070612.0,Postvegen,4001.0,592.0,,,6040.0,VIGRA
918948,1532,GISKE,17127594,0,181.0,Garasjeuthus anneks til bolig,TB,Tatt i bruk,20070208,20070208,20070808,50.0,,,,,,,,,,
918949,1532,GISKE,18089874,1,111.0,Enebolig,TB,Tatt i bruk,19980326,19991201,20000107,9.0,,,407285119.0,Demmevegen,4027.0,3.0,,,6040.0,VIGRA
918950,1532,GISKE,17127543,0,182.0,Garasjeuth.anneks til fritidb,IG,Igangsettingstillatelse,20060822,20060822,10101,50.0,,,,,,,,,,
918951,1532,GISKE,18084732,1,113.0,Våningshus,RA,Rammetillatelse,20000727,10101,10101,97.0,,,408077329.0,Postvegen,4001.0,606.0,,,6040.0,VIGRA
918952,1532,GISKE,18089831,0,111.0,Enebolig,TB,Tatt i bruk,10101,10101,10101,188.0,,,407285128.0,Demmevegen,4027.0,6.0,,,6040.0,VIGRA
918953,1532,GISKE,18089831,1,111.0,Enebolig,TB,Tatt i bruk,20000113,20010301,20010322,12.0,,,407285128.0,Demmevegen,4027.0,6.0,,,6040.0,VIGRA
918954,1532,GISKE,17127551,0,181.0,Garasjeuthus anneks til bolig,TB,Tatt i bruk,20060508,20060508,20070508,18.0,,,,,,,,,,
918955,1532,GISKE,18084759,0,249.0,Annen landbruksbygning,TB,Tatt i bruk,10101,10101,10101,15.0,,,,,,,,,,
918956,1532,GISKE,18084767,0,323.0,Bensinstasjon,BR,Bygning revet/brent,10101,10101,10101,116.0,,,57163341.0,,,,,0.0,6040.0,VIGRA
918957,1532,GISKE,18089858,0,112.0,Enebolig m/hybel/sokkelleil.,TB,Tatt i bruk,10101,10101,10101,186.0,,,407285120.0,Demmevegen,4027.0,5.0,,,6040.0,VIGRA
918958,1532,GISKE,17127578,0,111.0,Enebolig,TB,Tatt i bruk,20060215,20060220,20061222,150.0,,,321555300.0,Rikkavegen,8502.0,8.0,,,6052.0,GISKE
918959,1532,GISKE,18084511,0,113.0,Våningshus,TB,Tatt i bruk,10101,10101,10101,197.0,,,413509170.0,Markevegen,4014.0,36.0,,,6040.0,VIGRA
918960,1532,GISKE,18089653,0,111.0,Enebolig,TB,Tatt i bruk,10101,10101,10101,154.0,,,407345182.0,Aglasgjerdet,4026.0,11.0,,,6040.0,VIGRA
918961,1532,GISKE,18084538,0,241.0,Hus for dyr/landbr.lager/silo,TB,Tatt i bruk,10101,10101,10101,307.0,,,413509171.0,Markevegen,4014.0,34.0,,,6040.0,VIGRA
918962,1532,GISKE,18089661,0,111.0,Enebolig,TB,Tatt i bruk,10101,10101,10101,188.0,,,407345183.0,Aglasgjerdet,4026.0,13.0,,,6040.0,VIGRA
918963,1532,GISKE,17127446,0,111.0,Enebolig,FA,Ferdigattest,20070119,20070906,10101,189.1,,,321543398.0,Rikkavegen,8502.0,2.0,,,6052.0,GISKE
918964,1532,GISKE,18084554,0,161.0,Fritidsbygg(hyttersommerh. ol,GR,Bygning godkjent for riving/brenning,10101,10101,10101,46.0,,,57167504.0,,,,,0.0,6040.0,VIGRA
918965,1532,GISKE,18089688,0,111.0,Enebolig,TB,Tatt i bruk,10101,10101,10101,187.0,,,407345184.0,Aglasgjerdet,4026.0,15.0,,,6040.0,VIGRA
918966,1532,GISKE,17127454,0,181.0,Garasjeuthus anneks til bolig,TB,Tatt i bruk,20061017,20070111,20070701,31.0,,,372466602.0,Øvre Skjong,1021.0,5.0,,,6050.0,VALDERØYA
918967,1532,GISKE,18084562,0,182.0,Garasjeuth.anneks til fritidb,GR,Bygning godkjent for riving/brenning,10101,10101,10101,7.0,,,413509171.0,Markevegen,4014.0,34.0,,,6040.0,VIGRA
918968,1532,GISKE,18089688,1,111.0,Enebolig,TB,Tatt i bruk,19950421,19950703,19971201,22.0,,,407345184.0,Aglasgjerdet,4026.0,15.0,,,6040.0,VIGRA
918969,1532,GISKE,18084481,0,183.0,Naust båthus sjøbu,TB,Tatt i bruk,10101,10101,10101,20.0,,,,,,,,,,
918970,1532,GISKE,18089637,0,111.0,Enebolig,TB,Tatt i bruk,10101,10101,10101,221.0,,,407285360.0,Demmevegen,4027.0,10.0,,,6040.0,VIGRA
918971,1532,GISKE,17127403,0,181.0,Garasjeuthus anneks til bolig,TB,Tatt i bruk,20061208,10101,20100101,48.0,,,372831901.0,Nygjerdet,1023.0,3.0,,,6050.0,VALDERØYA
918972,1532,GISKE,18084503,0,111.0,Enebolig,TB,Tatt i bruk,10101,10101,10101,293.0,,,413509171.0,Markevegen,4014.0,34.0,,,6040.0,VIGRA
918973,1532,GISKE,18089637,1,111.0,Enebolig,IG,Igangsettingstillatelse,20030911,20031010,10101,34.0,,,407285360.0,Demmevegen,4027.0,10.0,,,6040.0,VIGRA
918974,1532,GISKE,17127411,0,121.0,"Tomannsbolig, vertikaldelt",FA,Ferdigattest,20051007,20051010,20070124,105.0,,,391450603.0,Måsemyrane,1056.0,5.0,,,6050.0,VALDERØYA
918975,1532,GISKE,18084503,1,111.0,Enebolig,MB,Midlertidig brukstillatelse,20071119,20071120,10101,78.0,,,413509171.0,Markevegen,4014.0,34.0,,,6040.0,VIGRA
918976,1532,GISKE,18089645,0,181.0,Garasjeuthus anneks til bolig,TB,Tatt i bruk,10101,10101,10101,42.0,,,407345182.0,Aglasgjerdet,4026.0,11.0,,,6040.0,VIGRA
918977,1532,GISKE,17127438,0,181.0,Garasjeuthus anneks til bolig,TB,Tatt i bruk,20020527,20020527,20070116,50.0,,,,,,,,,,
918978,1532,GISKE,18084619,0,249.0,Annen landbruksbygning,TB,Tatt i bruk,10101,10101,10101,80.0,,,,,,,,,,
918979,1532,GISKE,18089734,0,111.0,Enebolig,TB,Tatt i bruk,10101,10101,10101,190.0,,,407345780.0,Aglasgjerdet,4026.0,12.0,,,6040.0,VIGRA
918980,1532,GISKE,17127489,0,112.0,Enebolig m/hybel/sokkelleil.,FA,Ferdigattest,20070111,20070328,10101,244.0,,,57168942.0,Leitet,7024.0,17.0,,,6055.0,GODØYA
918981,1532,GISKE,18084627,0,241.0,Hus for dyr/landbr.lager/silo,TB,Tatt i bruk,10101,10101,10101,80.0,,,,,,,,,,
918982,1532,GISKE,18089742,0,111.0,Enebolig,TB,Tatt i bruk,10101,10101,10101,192.0,,,407345781.0,Aglasgjerdet,4026.0,14.0,,,6040.0,VIGRA
918983,1532,GISKE,18084635,0,241.0,Hus for dyr/landbr.lager/silo,TB,Tatt i bruk,10101,10101,10101,779.0,,,,,,,,,,
918984,1532,GISKE,18089750,0,111.0,Enebolig,TB,Tatt i bruk,10101,10101,10101,190.0,,,407345187.0,Aglasgjerdet,4026.0,6.0,,,6040.0,VIGRA
918985,1532,GISKE,17127497,0,111.0,Enebolig,FA,Ferdigattest,20070124,20080318,10101,232.0,,,321046477.0,Rabbevegen,8505.0,16.0,,,6052.0,GISKE
918986,1532,GISKE,18084643,0,161.0,Fritidsbygg(hyttersommerh. ol,TB,Tatt i bruk,10101,10101,10101,42.0,,,407554635.0,Molnesvegen,4005.0,23.0,,,6040.0,VIGRA
918987,1532,GISKE,18089769,0,111.0,Enebolig,TB,Tatt i bruk,10101,10101,10101,196.0,,,407345779.0,Aglasgjerdet,4026.0,10.0,,,6040.0,VIGRA
918988,1532,GISKE,18084570,0,113.0,Våningshus,TB,Tatt i bruk,10101,10101,19000101,281.0,,,57163335.0,Nørestranda,4006.0,491.0,,,6040.0,VIGRA
918989,1532,GISKE,17127462,0,181.0,Garasjeuthus anneks til bolig,TB,Tatt i bruk,20061010,20070111,20070701,48.0,,,,,,,,,,
918990,1532,GISKE,18084589,0,241.0,Hus for dyr/landbr.lager/silo,TB,Tatt i bruk,10101,10101,10101,473.0,,,57163335.0,Nørestranda,4006.0,491.0,,,6040.0,VIGRA
918991,1532,GISKE,18089696,0,111.0,Enebolig,TB,Tatt i bruk,10101,10101,10101,188.0,,,407345782.0,Aglasgjerdet,4026.0,16.0,,,6040.0,VIGRA
918992,1532,GISKE,18084597,0,113.0,Våningshus,TB,Tatt i bruk,10101,10101,10101,278.0,,,407554635.0,Molnesvegen,4005.0,23.0,,,6040.0,VIGRA
918993,1532,GISKE,18089718,0,111.0,Enebolig,TB,Tatt i bruk,10101,10101,10101,186.0,,,407345783.0,Aglasgjerdet,4026.0,18.0,,,6040.0,VIGRA
918994,1532,GISKE,17127470,0,111.0,Enebolig,FA,Ferdigattest,20061221,20070124,20070701,160.4,,,411343285.0,Romsdalsvegen,4056.0,90.0,,,6040.0,VIGRA
918995,1532,GISKE,18084600,0,113.0,Våningshus,TB,Tatt i bruk,10101,10101,10101,221.0,,,407554634.0,Molnesvegen,4005.0,21.0,,,6040.0,VIGRA
918996,1532,GISKE,18089726,0,111.0,Enebolig,TB,Tatt i bruk,10101,10101,10101,184.0,,,407345188.0,Aglasgjerdet,4026.0,8.0,,,6040.0,VIGRA
918997,1532,GISKE,18085143,0,181.0,Garasjeuthus anneks til bolig,TB,Tatt i bruk,10101,10101,10101,38.0,,,408070613.0,Postvegen,4001.0,594.0,,,6040.0,VIGRA
918998,1532,GISKE,18085151,0,249.0,Annen landbruksbygning,TB,Tatt i bruk,10101,10101,10101,89.0,,,57163357.0,Markevegen,4014.0,54.0,,,6040.0,VIGRA
918999,1532,GISKE,18085178,0,111.0,Enebolig,TB,Tatt i bruk,10101,10101,10101,241.0,,,57163357.0,Markevegen,4014.0,54.0,,,6040.0,VIGRA
919000,1532,GISKE,18099705,0,111.0,Enebolig,TB,Tatt i bruk,10101,10101,10101,80.0,,,57164833.0,Godøyvegen,7001.0,895.0,,,6055.0,GODØYA
919001,1532,GISKE,18099713,0,111.0,Enebolig,TB,Tatt i bruk,10101,10101,10101,166.0,,,57164834.0,Jussbakken,7008.0,9.0,,,6055.0,GODØYA
919002,1532,GISKE,18099721,0,111.0,Enebolig,TB,Tatt i bruk,10101,10101,10101,188.0,,,57164835.0,Storeteigane,7010.0,2.0,,,6055.0,GODØYA
919003,1532,GISKE,18099721,1,111.0,Enebolig,FA,Ferdigattest,20080124,20080224,10101,11.0,,,,,,,,,,
919004,1532,GISKE,18099675,0,111.0,Enebolig,TB,Tatt i bruk,10101,10101,10101,202.0,,,57164831.0,Godøyvegen,7001.0,885.0,,,6055.0,GODØYA
919005,1532,GISKE,18099683,0,111.0,Enebolig,TB,Tatt i bruk,10101,10101,10101,185.0,,,57164832.0,Jussbakken,7008.0,88.0,,,6055.0,GODØYA
919006,1532,GISKE,18099683,1,111.0,Enebolig,RA,Rammetillatelse,19971120,10101,10101,159.0,,,57164832.0,Jussbakken,7008.0,88.0,,,6055.0,GODØYA
919007,1532,GISKE,18099691,0,181.0,Garasjeuthus anneks til bolig,TB,Tatt i bruk,10101,10101,10101,35.0,,,57164832.0,Jussbakken,7008.0,88.0,,,6055.0,GODØYA
919008,1532,GISKE,18099764,0,111.0,Enebolig,TB,Tatt i bruk,10101,10101,10101,215.0,,,57164838.0,Storeteigane,7010.0,4.0,,,6055.0,GODØYA
919009,1532,GISKE,18099772,0,111.0,Enebolig,TB,Tatt i bruk,10101,10101,10101,249.0,,,57164840.0,Jussmarka,7007.0,2.0,,,6055.0,GODØYA
919010,1532,GISKE,18099780,0,111.0,Enebolig,TB,Tatt i bruk,10101,10101,10101,288.0,,,57164842.0,Storeteigane,7010.0,1.0,,,6055.0,GODØYA
919011,1532,GISKE,18099799,0,111.0,Enebolig,TB,Tatt i bruk,10101,10101,10101,260.0,,,57164847.0,Godøyvegen,7001.0,905.0,,,6055.0,GODØYA
919012,1532,GISKE,18099748,0,111.0,Enebolig,TB,Tatt i bruk,10101,10101,10101,186.0,,,57164836.0,Godøyvegen,7001.0,917.0,,,6055.0,GODØYA
919013,1532,GISKE,18099748,1,111.0,Enebolig,RA,Rammetillatelse,19981201,10101,10101,8.0,,,57164836.0,Godøyvegen,7001.0,917.0,,,6055.0,GODØYA
919014,1532,GISKE,18099756,0,111.0,Enebolig,TB,Tatt i bruk,10101,10101,10101,189.0,,,57164837.0,Storeteigane,7010.0,15.0,,,6055.0,GODØYA
919015,1532,GISKE,18099586,0,111.0,Enebolig,TB,Tatt i bruk,10101,10101,10101,211.0,,,57164826.0,Godøyvegen,7001.0,915.0,,,6055.0,GODØYA
919016,1532,GISKE,18099586,1,111.0,Enebolig,RA,Rammetillatelse,19951009,10101,10101,11.0,,,57164826.0,Godøyvegen,7001.0,915.0,,,6055.0,GODØYA
919017,1532,GISKE,18099594,0,181.0,Garasjeuthus anneks til bolig,BR,Bygning revet/brent,10101,10101,10101,15.0,,,57164826.0,Godøyvegen,7001.0,915.0,,,6055.0,GODØYA
919018,1532,GISKE,18099608,0,181.0,Garasjeuthus anneks til bolig,TB,Tatt i bruk,10101,10101,10101,21.0,,,57164826.0,Godøyvegen,7001.0,915.0,,,6055.0,GODØYA
919019,1532,GISKE,18099535,0,181.0,Garasjeuthus anneks til bolig,TB,Tatt i bruk,10101,10101,10101,12.0,,,,,,,,,,
919020,1532,GISKE,18099543,0,183.0,Naust båthus sjøbu,BR,Bygning revet/brent,10101,10101,10101,48.0,,,,,,,,,,
919021,1532,GISKE,18099551,0,111.0,Enebolig,TB,Tatt i bruk,10101,10101,10101,156.0,,,57164824.0,Godøyvegen,7001.0,773.0,,,6055.0,GODØYA
919022,1532,GISKE,18099578,0,111.0,Enebolig,TB,Tatt i bruk,10101,10101,10101,208.0,,,57164825.0,Jussbakken,7008.0,124.0,,,6055.0,GODØYA
919023,1532,GISKE,18099640,0,181.0,Garasjeuthus anneks til bolig,TB,Tatt i bruk,10101,10101,10101,27.0,,,57164828.0,Godøyvegen,7001.0,893.0,,,6055.0,GODØYA
919024,1532,GISKE,18099659,0,111.0,Enebolig,TB,Tatt i bruk,10101,10101,10101,156.0,,,57164829.0,Godøyvegen,7001.0,881.0,,,6055.0,GODØYA
919025,1532,GISKE,18099659,1,111.0,Enebolig,RA,Rammetillatelse,19981110,10101,10101,36.0,,,57164829.0,Godøyvegen,7001.0,881.0,,,6055.0,GODØYA
919026,1532,GISKE,18099667,0,111.0,Enebolig,TB,Tatt i bruk,10101,10101,10101,202.0,,,57164830.0,Godøyvegen,7001.0,871.0,,,6055.0,GODØYA
919027,1532,GISKE,18099616,0,111.0,Enebolig,TB,Tatt i bruk,10101,10101,10101,224.0,,,57164827.0,Godøyvegen,7001.0,889.0,,,6055.0,GODØYA
919028,1532,GISKE,18099624,0,181.0,Garasjeuthus anneks til bolig,TB,Tatt i bruk,10101,10101,10101,19.0,,,57164827.0,Godøyvegen,7001.0,889.0,,,6055.0,GODØYA
919029,1532,GISKE,18099632,0,111.0,Enebolig,TB,Tatt i bruk,10101,10101,10101,186.0,,,57164828.0,Godøyvegen,7001.0,893.0,,,6055.0,GODØYA
919030,1532,GISKE,18099632,1,111.0,Enebolig,RA,Rammetillatelse,20010810,10101,10101,68.0,,,323390833.0,Øydgardsvegen,8530.0,257.0,,,6052.0,GISKE
919031,1532,GISKE,18099527,0,181.0,Garasjeuthus anneks til bolig,TB,Tatt i bruk,10101,10101,10101,21.0,,,,,,,,,,
919032,1532,GISKE,18092298,1,322.0,Butikk/forretningsbygning,TB,Tatt i bruk,20060421,20060421,20060830,22.0,,,412747819.0,Vikevegen,4040.0,22.0,,,6040.0,VIGRA
919033,1532,GISKE,18092301,0,111.0,Enebolig,TB,Tatt i bruk,10101,10101,10101,166.0,,,411542159.0,Blindheimsgarden,4035.0,323.0,,,6040.0,VIGRA
919034,1532,GISKE,18094630,0,181.0,Garasjeuthus anneks til bolig,TB,Tatt i bruk,10101,10101,19700101,46.0,,,430096255.0,Tindeteigen,4064.0,4.0,,,6040.0,VIGRA
919035,1532,GISKE,18094649,0,111.0,Enebolig,TB,Tatt i bruk,10101,10101,10101,177.0,,,430096255.0,Tindeteigen,4064.0,4.0,,,6040.0,VIGRA
919036,1532,GISKE,18094657,0,113.0,Våningshus,TB,Tatt i bruk,10101,10101,10101,242.0,,,408252554.0,Kyrkjevegen,4002.0,53.0,,,6040.0,VIGRA
919037,1532,GISKE,18094665,0,111.0,Enebolig,TB,Tatt i bruk,10101,10101,10101,223.0,,,430095640.0,Klungreteigen,4063.0,2.0,,,6040.0,VIGRA
919038,1532,GISKE,18094614,0,181.0,Garasjeuthus anneks til bolig,TB,Tatt i bruk,10101,10101,10101,28.0,,,430096252.0,Tindeteigen,4064.0,1.0,,,6040.0,VIGRA
919039,1532,GISKE,18100320,0,183.0,Naust båthus sjøbu,TB,Tatt i bruk,10101,10101,10101,67.0,,,,,,,,,,
919040,1532,GISKE,18094622,0,111.0,Enebolig,TB,Tatt i bruk,10101,10101,19400101,292.0,,,413470741.0,Bureisingsvegen,4050.0,35.0,,,6040.0,VIGRA
919041,1532,GISKE,18100339,0,249.0,Annen landbruksbygning,TB,Tatt i bruk,10101,10101,10101,11.0,,,,,,,,,,
919042,1532,GISKE,18094622,1,111.0,Enebolig,TB,Tatt i bruk,19971003,19971101,19971201,12.0,,,,,,,,,,
919043,1532,GISKE,18100347,0,183.0,Naust båthus sjøbu,TB,Tatt i bruk,10101,10101,10101,61.0,,,,,,,,,,
919044,1532,GISKE,18094703,0,111.0,Enebolig,TB,Tatt i bruk,10101,10101,10101,188.0,,,411343282.0,Romsdalsvegen,4056.0,84.0,,,6040.0,VIGRA
919045,1532,GISKE,18094711,0,111.0,Enebolig,TB,Tatt i bruk,10101,10101,10101,191.0,,,430096256.0,Tindeteigen,4064.0,6.0,,,6040.0,VIGRA
919046,1532,GISKE,18094738,0,181.0,Garasjeuthus anneks til bolig,TB,Tatt i bruk,10101,10101,10101,44.0,,,430096256.0,Tindeteigen,4064.0,6.0,,,6040.0,VIGRA
919047,1532,GISKE,18094746,0,181.0,Garasjeuthus anneks til bolig,TB,Tatt i bruk,10101,10101,10101,27.0,,,413470745.0,Bureisingsvegen,4050.0,52.0,,,6040.0,VIGRA
919048,1532,GISKE,18094665,1,111.0,Enebolig,TB,Tatt i bruk,19960909,19961015,19970625,45.0,,,430095640.0,Klungreteigen,4063.0,2.0,,,6040.0,VIGRA
919049,1532,GISKE,18094673,0,111.0,Enebolig,TB,Tatt i bruk,10101,10101,10101,183.0,,,430096254.0,Tindeteigen,4064.0,2.0,,,6040.0,VIGRA
919050,1532,GISKE,18094681,0,111.0,Enebolig,TB,Tatt i bruk,10101,10101,10101,221.0,,,430098334.0,Janteigen,4055.0,3.0,,,6040.0,VIGRA
919051,1532,GISKE,18100207,0,183.0,Naust båthus sjøbu,TB,Tatt i bruk,10101,10101,10101,74.0,,,,,,,,,,
919052,1532,GISKE,18094509,0,111.0,Enebolig,TB,Tatt i bruk,10101,10101,10101,196.0,,,408252553.0,Kyrkjevegen,4002.0,43.0,,,6040.0,VIGRA
919053,1532,GISKE,18100215,0,111.0,Enebolig,TB,Tatt i bruk,10101,10101,10101,110.0,,,57167496.0,Alnesgeilane,7033.0,24.0,,,6055.0,GODØYA
919054,1532,GISKE,18094509,1,111.0,Enebolig,IG,Igangsettingstillatelse,20030625,20030705,10101,6.0,,,,,,,,,,
919055,1532,GISKE,18100223,0,183.0,Naust båthus sjøbu,TB,Tatt i bruk,10101,10101,10101,18.0,,,,,,,,,,
919056,1532,GISKE,18094517,0,181.0,Garasjeuthus anneks til bolig,TB,Tatt i bruk,10101,10101,10101,50.0,,,,,,,,,,
919057,1532,GISKE,18100231,0,241.0,Hus for dyr/landbr.lager/silo,BR,Bygning revet/brent,10101,10101,10101,50.0,,,57164852.0,Alnesgarden,7040.0,17.0,,,6055.0,GODØYA
919058,1532,GISKE,18100169,0,113.0,Våningshus,TB,Tatt i bruk,10101,10101,10101,243.0,,,57168061.0,Alnesgarden,7040.0,25.0,,,6055.0,GODØYA
919059,1532,GISKE,18094460,0,183.0,Naust båthus sjøbu,TB,Tatt i bruk,10101,10101,10101,68.0,,,,,,,,,,
919060,1532,GISKE,18100177,0,249.0,Annen landbruksbygning,TB,Tatt i bruk,10101,10101,10101,53.0,,,,,,,,,,
919061,1532,GISKE,18094479,0,111.0,Enebolig,TB,Tatt i bruk,10101,10101,10101,341.0,,,411173258.0,Synesvegen,4003.0,482.0,,,6040.0,VIGRA
919062,1532,GISKE,18100185,0,239.0,Annen lagerbygning,TB,Tatt i bruk,10101,10101,10101,16.0,,,,,,,,,,
919063,1532,GISKE,18094487,0,111.0,Enebolig,TB,Tatt i bruk,10101,10101,10101,290.0,,,411197224.0,Hamnevegen,4045.0,28.0,,,6040.0,VIGRA
919064,1532,GISKE,18100193,0,241.0,Hus for dyr/landbr.lager/silo,TB,Tatt i bruk,10101,10101,10101,312.0,,,,,,,,,,
919065,1532,GISKE,18094495,0,181.0,Garasjeuthus anneks til bolig,TB,Tatt i bruk,10101,10101,10101,61.0,,,411173256.0,Synesvegen,4003.0,472.0,,,6040.0,VIGRA
919066,1532,GISKE,18094576,0,181.0,Garasjeuthus anneks til bolig,TB,Tatt i bruk,10101,10101,10101,28.0,,,411338412.0,Synesrema,4057.0,29.0,,,6040.0,VIGRA
919067,1532,GISKE,18100282,1,122.0,"Tomannsbolig, horisontaldelt",RA,Rammetillatelse,20000704,10101,10101,14.0,,,57164857.0,Alnesgeilane,7033.0,16.0,,,6055.0,GODØYA
919068,1532,GISKE,18094584,0,111.0,Enebolig,TB,Tatt i bruk,10101,10101,10101,182.0,,,411236440.0,Hamnevegen,4045.0,183.0,,,6040.0,VIGRA
919069,1532,GISKE,18100290,0,241.0,Hus for dyr/landbr.lager/silo,TB,Tatt i bruk,10101,10101,10101,228.0,,,,,,,,,,
919070,1532,GISKE,18094592,0,111.0,Enebolig,TB,Tatt i bruk,10101,10101,10101,153.0,,,411338417.0,Romsdalsvegen,4056.0,18.0,,,6040.0,VIGRA
919071,1532,GISKE,18100304,0,249.0,Annen landbruksbygning,TB,Tatt i bruk,10101,10101,10101,50.0,,,,,,,,,,
919072,1532,GISKE,18094606,0,111.0,Enebolig,TB,Tatt i bruk,10101,10101,10101,335.0,,,430096252.0,Tindeteigen,4064.0,1.0,,,6040.0,VIGRA
919073,1532,GISKE,18100312,0,249.0,Annen landbruksbygning,TB,Tatt i bruk,10101,10101,10101,43.0,,,,,,,,,,
919074,1532,GISKE,18094525,0,111.0,Enebolig,TB,Tatt i bruk,10101,10101,10101,254.0,,,411236443.0,Hamnevegen,4045.0,205.0,,,6040.0,VIGRA
919075,1532,GISKE,18100258,0,183.0,Naust båthus sjøbu,TB,Tatt i bruk,10101,10101,10101,34.0,,,,,,,,,,
919076,1532,GISKE,18094533,0,162.0,Helårsb.benyttes som fritidsb.,TB,Tatt i bruk,10101,10101,10101,196.0,,,411338418.0,Romsdalsvegen,4056.0,68.0,,,6040.0,VIGRA
919077,1532,GISKE,18100266,0,249.0,Annen landbruksbygning,TB,Tatt i bruk,10101,10101,10101,13.0,,,57164856.0,,,,,0.0,6055.0,GODØYA
919078,1532,GISKE,18094541,0,111.0,Enebolig,TB,Tatt i bruk,10101,10101,10101,155.0,,,413470743.0,Bureisingsvegen,4050.0,41.0,,,6040.0,VIGRA
919079,1532,GISKE,18100274,0,183.0,Naust båthus sjøbu,TB,Tatt i bruk,10101,10101,10101,31.0,,,,,,,,,,
919080,1532,GISKE,18094568,0,112.0,Enebolig m/hybel/sokkelleil.,TB,Tatt i bruk,10101,10101,10101,245.0,,,411338412.0,Synesrema,4057.0,29.0,,,6040.0,VIGRA
919081,1532,GISKE,18100282,0,122.0,"Tomannsbolig, horisontaldelt",TB,Tatt i bruk,10101,10101,10101,279.0,,,57164857.0,Alnesgeilane,7033.0,16.0,,,6055.0,GODØYA
919082,1532,GISKE,18100029,0,241.0,Hus for dyr/landbr.lager/silo,TB,Tatt i bruk,10101,10101,10101,377.0,,,57164854.0,Alnesgeilane,7033.0,22.0,,,6055.0,GODØYA
919083,1532,GISKE,18100037,0,241.0,Hus for dyr/landbr.lager/silo,TB,Tatt i bruk,10101,10101,10101,68.0,,,57164854.0,Alnesgeilane,7033.0,22.0,,,6055.0,GODØYA
919084,1532,GISKE,18100045,0,183.0,Naust båthus sjøbu,TB,Tatt i bruk,10101,10101,10101,27.0,,,,,,,,,,
919085,1532,GISKE,18100053,0,183.0,Naust båthus sjøbu,TB,Tatt i bruk,10101,10101,10101,69.0,,,,,,,,,,
919086,1532,GISKE,18099985,0,531.0,Restaurantbygning kafebygning,TB,Tatt i bruk,10101,10101,10101,42.0,,,57164853.0,Nesbakken,7035.0,24.0,,,6055.0,GODØYA
919087,1532,GISKE,18099993,0,181.0,Garasjeuthus anneks til bolig,TB,Tatt i bruk,10101,10101,10101,40.0,,,57164853.0,Nesbakken,7035.0,24.0,,,6055.0,GODØYA
919088,1532,GISKE,18100002,0,113.0,Våningshus,TB,Tatt i bruk,10101,10101,10101,143.0,,,57167962.0,Alnesgeilane,7033.0,28.0,,,6055.0,GODØYA
919089,1532,GISKE,18100010,0,113.0,Våningshus,TB,Tatt i bruk,10101,10101,10101,228.0,,,57164854.0,Alnesgeilane,7033.0,22.0,,,6055.0,GODØYA
919090,1532,GISKE,18100126,0,241.0,Hus for dyr/landbr.lager/silo,TB,Tatt i bruk,10101,10101,10101,254.0,,,57164855.0,Alnesgeilane,7033.0,18.0,,,6055.0,GODØYA
919091,1532,GISKE,18094428,0,111.0,Enebolig,TB,Tatt i bruk,10101,10101,10101,168.0,,,411197225.0,Hamnevegen,4045.0,67.0,,,6040.0,VIGRA
919092,1532,GISKE,18100134,0,241.0,Hus for dyr/landbr.lager/silo,TB,Tatt i bruk,10101,10101,10101,43.0,,,57164855.0,Alnesgeilane,7033.0,18.0,,,6055.0,GODØYA
919093,1532,GISKE,18094436,0,111.0,Enebolig,TB,Tatt i bruk,10101,10101,10101,202.0,,,411173257.0,Synesvegen,4003.0,480.0,,,6040.0,VIGRA
919094,1532,GISKE,18100142,0,183.0,Naust båthus sjøbu,TB,Tatt i bruk,10101,10101,10101,55.0,,,,,,,,,,
919095,1532,GISKE,18094444,0,111.0,Enebolig,TB,Tatt i bruk,10101,10101,10101,321.0,,,411197223.0,Hamnevegen,4045.0,16.0,,,6040.0,VIGRA
919096,1532,GISKE,18100150,0,183.0,Naust båthus sjøbu,TB,Tatt i bruk,10101,10101,10101,22.0,,,,,,,,,,
919097,1532,GISKE,18094452,0,181.0,Garasjeuthus anneks til bolig,TB,Tatt i bruk,10101,10101,10101,36.0,,,411197223.0,Hamnevegen,4045.0,16.0,,,6040.0,VIGRA
919098,1532,GISKE,18100088,0,249.0,Annen landbruksbygning,TB,Tatt i bruk,10101,10101,10101,11.0,,,57164854.0,Alnesgeilane,7033.0,22.0,,,6055.0,GODØYA
919099,1532,GISKE,18100096,0,113.0,Våningshus,TB,Tatt i bruk,10101,10101,10101,222.0,,,57164855.0,Alnesgeilane,7033.0,18.0,,,6055.0,GODØYA
919100,1532,GISKE,18100118,0,249.0,Annen landbruksbygning,TB,Tatt i bruk,10101,10101,10101,45.0,,,57164855.0,Alnesgeilane,7033.0,18.0,,,6055.0,GODØYA
919101,1532,GISKE,18094401,0,181.0,Garasjeuthus anneks til bolig,TB,Tatt i bruk,10101,10101,10101,14.0,,,411338411.0,Synesrema,4057.0,21.0,,,6040.0,VIGRA
919102,1532,GISKE,18099845,0,161.0,Fritidsbygg(hyttersommerh. ol,TB,Tatt i bruk,10101,10101,10101,23.0,,,482227243.0,,,,,0.0,6055.0,GODØYA
919103,1532,GISKE,18099853,0,183.0,Naust båthus sjøbu,BR,Bygning revet/brent,10101,10101,10101,10.0,,,57164852.0,Alnesgarden,7040.0,17.0,,,6055.0,GODØYA
919104,1532,GISKE,18099861,0,249.0,Annen landbruksbygning,TB,Tatt i bruk,10101,10101,10101,20.0,,,57164852.0,Alnesgarden,7040.0,17.0,,,6055.0,GODØYA
919105,1532,GISKE,18099888,0,111.0,Enebolig,TB,Tatt i bruk,10101,10101,10101,272.0,,,57164852.0,Alnesgarden,7040.0,17.0,,,6055.0,GODØYA
919106,1532,GISKE,18099802,0,239.0,Annen lagerbygning,TB,Tatt i bruk,10101,10101,10101,9.0,,,57164852.0,Alnesgarden,7040.0,17.0,,,6055.0,GODØYA
919107,1532,GISKE,18099810,0,244.0,Driftsb. fiske/fangst/oppdr,BR,Bygning revet/brent,10101,10101,10101,152.0,,,57164852.0,Alnesgarden,7040.0,17.0,,,6055.0,GODØYA
919108,1532,GISKE,18099829,0,183.0,Naust båthus sjøbu,TB,Tatt i bruk,10101,10101,10101,76.0,,,,,,,,,,
919109,1532,GISKE,18099837,0,319.0,Annen kontorbygning,TB,Tatt i bruk,10101,10101,10101,108.0,,,,,,,,,,
919110,1532,GISKE,18099942,0,183.0,Naust båthus sjøbu,TB,Tatt i bruk,10101,10101,10101,51.0,,,,,,,,,,
919111,1532,GISKE,18099950,0,183.0,Naust båthus sjøbu,TB,Tatt i bruk,10101,10101,10101,53.0,,,,,,,,,,
919112,1532,GISKE,18099969,0,183.0,Naust båthus sjøbu,TB,Tatt i bruk,10101,10101,10101,17.0,,,,,,,,,,
919113,1532,GISKE,18099977,0,669.0,Annet kulturhus,TB,Tatt i bruk,10101,10101,10101,189.0,,,57164853.0,Nesbakken,7035.0,24.0,,,6055.0,GODØYA
919114,1532,GISKE,18099896,0,241.0,Hus for dyr/landbr.lager/silo,TB,Tatt i bruk,10101,10101,10101,233.0,,,57164852.0,Alnesgarden,7040.0,17.0,,,6055.0,GODØYA
919115,1532,GISKE,18099918,0,241.0,Hus for dyr/landbr.lager/silo,TB,Tatt i bruk,10101,10101,10101,38.0,,,57164852.0,Alnesgarden,7040.0,17.0,,,6055.0,GODØYA
919116,1532,GISKE,18099926,0,111.0,Enebolig,TB,Tatt i bruk,10101,10101,10101,110.0,,,57168009.0,Alnesgeilane,7033.0,32.0,,,6055.0,GODØYA
919117,1532,GISKE,18099934,0,183.0,Naust båthus sjøbu,TB,Tatt i bruk,10101,10101,10101,104.0,,,,,,,,,,
919118,1532,GISKE,18091569,0,181.0,Garasjeuthus anneks til bolig,TB,Tatt i bruk,10101,10101,10101,28.0,,,411173249.0,Synesvegen,4003.0,321.0,,,6040.0,VIGRA
919119,1532,GISKE,18097125,0,111.0,Enebolig,TB,Tatt i bruk,10101,10101,10101,217.0,,,57164413.0,Godøyvegen,7001.0,629.0,,,6055.0,GODØYA
919120,1532,GISKE,18091585,0,241.0,Hus for dyr/landbr.lager/silo,BR,Bygning revet/brent,10101,10101,10101,302.0,,,,,,,,,,
919121,1532,GISKE,18097133,0,181.0,Garasjeuthus anneks til bolig,TB,Tatt i bruk,10101,10101,10101,17.0,,,57164413.0,Godøyvegen,7001.0,629.0,,,6055.0,GODØYA
919122,1532,GISKE,18091593,0,111.0,Enebolig,TB,Tatt i bruk,10101,10101,10101,254.0,,,411170606.0,Synesvegen,4003.0,250.0,,,6040.0,VIGRA
919123,1532,GISKE,18097141,0,181.0,Garasjeuthus anneks til bolig,BR,Bygning revet/brent,20000727,10101,10101,22.0,,,57164414.0,Paulsneset,7014.0,16.0,,,6055.0,GODØYA
919124,1532,GISKE,18091607,0,111.0,Enebolig,TB,Tatt i bruk,10101,10101,10101,197.0,,,411170605.0,Synesvegen,4003.0,245.0,,,6040.0,VIGRA
919125,1532,GISKE,18091526,0,181.0,Garasjeuthus anneks til bolig,TB,Tatt i bruk,10101,10101,10101,23.0,,,411170604.0,Synesvegen,4003.0,235.0,,,6040.0,VIGRA
919126,1532,GISKE,18097087,0,183.0,Naust båthus sjøbu,TB,Tatt i bruk,10101,10101,10101,28.0,,,,,,,,,,
919127,1532,GISKE,18091534,0,111.0,Enebolig,TB,Tatt i bruk,10101,10101,10101,128.0,,,411173250.0,Synesvegen,4003.0,327.0,,,6040.0,VIGRA
919128,1532,GISKE,18097095,0,181.0,Garasjeuthus anneks til bolig,TB,Tatt i bruk,10101,10101,10101,19.0,,,57164412.0,Gøymyrane,7031.0,18.0,,,6055.0,GODØYA
919129,1532,GISKE,18091542,0,181.0,Garasjeuthus anneks til bolig,TB,Tatt i bruk,10101,10101,10101,29.0,,,411173250.0,Synesvegen,4003.0,327.0,,,6040.0,VIGRA
919130,1532,GISKE,18097109,0,124.0,"Våningshus, tomannsb./horisont.",TB,Tatt i bruk,10101,10101,10101,213.0,,,57164412.0,Gøymyrane,7031.0,18.0,,,6055.0,GODØYA
919131,1532,GISKE,18091550,0,111.0,Enebolig,TB,Tatt i bruk,10101,10101,10101,140.0,,,411173249.0,Synesvegen,4003.0,321.0,,,6040.0,VIGRA
919132,1532,GISKE,18097117,0,241.0,Hus for dyr/landbr.lager/silo,TB,Tatt i bruk,10101,10101,10101,105.0,,,57164412.0,Gøymyrane,7031.0,18.0,,,6055.0,GODØYA
919133,1532,GISKE,18091666,0,162.0,Helårsb.benyttes som fritidsb.,TB,Tatt i bruk,10101,10101,10101,264.0,,,408296707.0,Kyrkjevegen,4002.0,576.0,,,6040.0,VIGRA
919134,1532,GISKE,18097206,0,111.0,Enebolig,TB,Tatt i bruk,10101,10101,10101,86.0,,,411197219.0,Synesvegen,4003.0,861.0,,,6040.0,VIGRA
919135,1532,GISKE,18091674,0,111.0,Enebolig,TB,Tatt i bruk,10101,10101,10101,257.0,,,411157667.0,Synesvegen,4003.0,178.0,,,6040.0,VIGRA
919136,1532,GISKE,18097214,0,183.0,Naust båthus sjøbu,TB,Tatt i bruk,10101,10101,10101,43.0,,,,,,,,,,
919137,1532,GISKE,18091682,0,181.0,Garasjeuthus anneks til bolig,TB,Tatt i bruk,10101,10101,10101,45.0,,,411157667.0,Synesvegen,4003.0,178.0,,,6040.0,VIGRA
919138,1532,GISKE,18097222,0,111.0,Enebolig,TB,Tatt i bruk,10101,10101,10101,258.0,,,411234607.0,Hamnevegen,4045.0,157.0,,,6040.0,VIGRA
919139,1532,GISKE,18091690,0,181.0,Garasjeuthus anneks til bolig,TB,Tatt i bruk,10101,10101,10101,66.0,,,407953853.0,Postvegen,4001.0,51.0,,,6040.0,VIGRA
919140,1532,GISKE,18097230,0,161.0,Fritidsbygg(hyttersommerh. ol,TB,Tatt i bruk,10101,10101,10101,41.0,,,430007818.0,Synesvegen,4003.0,823.0,,,6040.0,VIGRA
919141,1532,GISKE,18097168,0,181.0,Garasjeuthus anneks til bolig,BR,Bygning revet/brent,20000727,10101,10101,18.0,,,57164414.0,Paulsneset,7014.0,16.0,,,6055.0,GODØYA
919142,1532,GISKE,18091615,0,181.0,Garasjeuthus anneks til bolig,TB,Tatt i bruk,10101,10101,10101,39.0,,,411170605.0,Synesvegen,4003.0,245.0,,,6040.0,VIGRA
919143,1532,GISKE,18091623,0,181.0,Garasjeuthus anneks til bolig,TB,Tatt i bruk,10101,10101,10101,23.0,,,411170605.0,Synesvegen,4003.0,245.0,,,6040.0,VIGRA
919144,1532,GISKE,18097176,0,113.0,Våningshus,TB,Tatt i bruk,10101,10101,10101,299.0,,,57164415.0,Godøyvegen,7001.0,140.0,,,6055.0,GODØYA
919145,1532,GISKE,18091631,0,241.0,Hus for dyr/landbr.lager/silo,TB,Tatt i bruk,10101,10101,10101,25.0,,,,,,,,,,
919146,1532,GISKE,18097184,0,241.0,Hus for dyr/landbr.lager/silo,TB,Tatt i bruk,10101,10101,10101,113.0,,,57164416.0,Paulsneset,7014.0,1.0,,,6055.0,GODØYA
919147,1532,GISKE,18091658,0,181.0,Garasjeuthus anneks til bolig,TB,Tatt i bruk,10101,10101,10101,43.0,,,408296707.0,Kyrkjevegen,4002.0,576.0,,,6040.0,VIGRA
919148,1532,GISKE,18097192,0,111.0,Enebolig,TB,Tatt i bruk,10101,10101,10101,266.0,,,57164416.0,Paulsneset,7014.0,1.0,,,6055.0,GODØYA
919149,1532,GISKE,18091380,0,181.0,Garasjeuthus anneks til bolig,FA,Ferdigattest,10101,20141210,10101,78.3,,,,,,,,,,
919150,1532,GISKE,18096951,0,241.0,Hus for dyr/landbr.lager/silo,TB,Tatt i bruk,10101,10101,10101,79.0,,,57164409.0,Godøyvegen,7001.0,319.0,,,6055.0,GODØYA
919151,1532,GISKE,18091399,0,241.0,Hus for dyr/landbr.lager/silo,TB,Tatt i bruk,10101,10101,10101,15.0,,,423970461.0,Vikevegen,4040.0,249.0,,,6040.0,VIGRA
919152,1532,GISKE,18096978,0,241.0,Hus for dyr/landbr.lager/silo,TB,Tatt i bruk,10101,10101,10101,20.0,,,57164409.0,Godøyvegen,7001.0,319.0,,,6055.0,GODØYA
919153,1532,GISKE,18091402,0,112.0,Enebolig m/hybel/sokkelleil.,TB,Tatt i bruk,10101,10101,19400101,278.0,,,408356098.0,Kyrkjevegen,4002.0,417.0,,,6040.0,VIGRA
919154,1532,GISKE,18096986,0,111.0,Enebolig,TB,Tatt i bruk,10101,10101,10101,271.0,,,57164410.0,Godøyvegen,7001.0,441.0,,,6055.0,GODØYA
919155,1532,GISKE,18091410,0,241.0,Hus for dyr/landbr.lager/silo,TB,Tatt i bruk,10101,10101,10101,268.0,,,408356098.0,Kyrkjevegen,4002.0,417.0,,,6040.0,VIGRA
919156,1532,GISKE,18096986,1,111.0,Enebolig,RA,Rammetillatelse,19990226,10101,10101,28.0,,,57164410.0,Godøyvegen,7001.0,441.0,,,6055.0,GODØYA
919157,1532,GISKE,18091356,0,113.0,Våningshus,BR,Bygning revet/brent,20060418,10101,10101,368.0,,,57163915.0,,,,,0.0,6040.0,VIGRA
919158,1532,GISKE,18096919,0,181.0,Garasjeuthus anneks til bolig,TB,Tatt i bruk,10101,10101,10101,12.0,,,57164407.0,Godøyvegen,7001.0,258.0,,,6055.0,GODØYA
919159,1532,GISKE,18096927,0,181.0,Garasjeuthus anneks til bolig,TB,Tatt i bruk,10101,10101,10101,15.0,,,57164407.0,Godøyvegen,7001.0,258.0,,,6055.0,GODØYA
919160,1532,GISKE,18091364,0,241.0,Hus for dyr/landbr.lager/silo,BR,Bygning revet/brent,20060418,10101,10101,334.0,,,57163915.0,,,,,0.0,6040.0,VIGRA
919161,1532,GISKE,18096935,0,111.0,Enebolig,TB,Tatt i bruk,10101,10101,10101,226.0,,,57164408.0,Godøyvegen,7001.0,457.0,,,6055.0,GODØYA
919162,1532,GISKE,18091372,0,113.0,Våningshus,TB,Tatt i bruk,10101,10101,10101,159.0,,,423970461.0,Vikevegen,4040.0,249.0,,,6040.0,VIGRA
919163,1532,GISKE,18096943,0,113.0,Våningshus,TB,Tatt i bruk,10101,10101,10101,147.0,,,57164409.0,Godøyvegen,7001.0,319.0,,,6055.0,GODØYA
919164,1532,GISKE,18091461,0,241.0,Hus for dyr/landbr.lager/silo,TB,Tatt i bruk,10101,10101,10101,29.0,,,,,,,,,,
919165,1532,GISKE,18097044,0,183.0,Naust båthus sjøbu,TB,Tatt i bruk,10101,10101,10101,9.0,,,57164411.0,Godøyvegen,7001.0,273.0,,,6055.0,GODØYA
919166,1532,GISKE,18091488,0,111.0,Enebolig,TB,Tatt i bruk,10101,10101,10101,173.0,,,411170599.0,Synesvegen,4003.0,196.0,,,6040.0,VIGRA
919167,1532,GISKE,18097052,0,113.0,Våningshus,TB,Tatt i bruk,10101,10101,19470101,239.0,,,57167423.0,Valkvævegen,7002.0,6.0,,,6055.0,GODØYA
919168,1532,GISKE,18091496,0,181.0,Garasjeuthus anneks til bolig,TB,Tatt i bruk,10101,10101,10101,35.0,,,411170599.0,Synesvegen,4003.0,196.0,,,6040.0,VIGRA
919169,1532,GISKE,18097060,0,241.0,Hus for dyr/landbr.lager/silo,TB,Tatt i bruk,10101,10101,10101,67.0,,,,,,,,,,
919170,1532,GISKE,18091518,0,111.0,Enebolig,TB,Tatt i bruk,10101,10101,10101,178.0,,,411170604.0,Synesvegen,4003.0,235.0,,,6040.0,VIGRA
919171,1532,GISKE,18097079,0,181.0,Garasjeuthus anneks til bolig,TB,Tatt i bruk,10101,10101,10101,18.0,,,,,,,,,,
919172,1532,GISKE,18091429,0,241.0,Hus for dyr/landbr.lager/silo,TB,Tatt i bruk,10101,10101,10101,50.0,,,408356098.0,Kyrkjevegen,4002.0,417.0,,,6040.0,VIGRA
919173,1532,GISKE,18096994,0,183.0,Naust båthus sjøbu,TB,Tatt i bruk,10101,10101,10101,36.0,,,57164410.0,Godøyvegen,7001.0,441.0,,,6055.0,GODØYA
919174,1532,GISKE,18091437,0,161.0,Fritidsbygg(hyttersommerh. ol,BR,Bygning revet/brent,10101,10101,10101,83.0,,,432750561.0,Budafjellvegen,4010.0,64.0,,,6040.0,VIGRA
919175,1532,GISKE,18097001,0,113.0,Våningshus,BR,Bygning revet/brent,10101,10101,10101,175.0,,,57164411.0,Godøyvegen,7001.0,273.0,,,6055.0,GODØYA
919176,1532,GISKE,18091445,0,231.0,Lagerhall,TB,Tatt i bruk,10101,10101,10101,418.0,,,57167830.0,,,,,0.0,6040.0,VIGRA
919177,1532,GISKE,18097028,0,241.0,Hus for dyr/landbr.lager/silo,TB,Tatt i bruk,10101,10101,10101,389.0,,,57164411.0,Godøyvegen,7001.0,273.0,,,6055.0,GODØYA
919178,1532,GISKE,18091453,0,181.0,Garasjeuthus anneks til bolig,TB,Tatt i bruk,10101,10101,10101,14.0,,,,,,,,,,
919179,1532,GISKE,18097036,0,241.0,Hus for dyr/landbr.lager/silo,TB,Tatt i bruk,10101,10101,10101,34.0,,,57164411.0,Godøyvegen,7001.0,273.0,,,6055.0,GODØYA
919180,1532,GISKE,18096803,0,241.0,Hus for dyr/landbr.lager/silo,TB,Tatt i bruk,10101,10101,10101,360.0,,,57164402.0,Godøyvegen,7001.0,93.0,,,6055.0,GODØYA
919181,1532,GISKE,18096811,0,183.0,Naust båthus sjøbu,TB,Tatt i bruk,10101,10101,10101,66.0,,,57164402.0,Godøyvegen,7001.0,93.0,,,6055.0,GODØYA
919182,1532,GISKE,18096838,0,241.0,Hus for dyr/landbr.lager/silo,TB,Tatt i bruk,10101,10101,10101,237.0,,,57164403.0,Godøyvegen,7001.0,295.0,,,6055.0,GODØYA
919183,1532,GISKE,18096846,0,161.0,Fritidsbygg(hyttersommerh. ol,BR,Bygning revet/brent,10101,10101,10101,201.0,,,,,,,,,,
919184,1532,GISKE,18096757,0,183.0,Naust båthus sjøbu,TB,Tatt i bruk,10101,10101,10101,22.0,,,57164398.0,Godøyvegen,7001.0,473.0,,,6055.0,GODØYA
919185,1532,GISKE,18096765,0,181.0,Garasjeuthus anneks til bolig,TB,Tatt i bruk,10101,10101,10101,12.0,,,57164400.0,Paulsneset,7014.0,3.0,,,6055.0,GODØYA
919186,1532,GISKE,18096773,0,111.0,Enebolig,TB,Tatt i bruk,10101,10101,10101,197.0,,,57164401.0,Godøyvegen,7001.0,767.0,,,6055.0,GODØYA
919187,1532,GISKE,18096781,0,181.0,Garasjeuthus anneks til bolig,TB,Tatt i bruk,10101,10101,10101,17.0,,,57164401.0,Godøyvegen,7001.0,767.0,,,6055.0,GODØYA
919188,1532,GISKE,18091305,0,113.0,Våningshus,TB,Tatt i bruk,10101,10101,10101,182.0,,,408296704.0,Kyrkjevegen,4002.0,469.0,,,6040.0,VIGRA
919189,1532,GISKE,18096897,0,111.0,Enebolig,TB,Tatt i bruk,10101,10101,10101,182.0,,,57164406.0,Godøyvegen,7001.0,411.0,,,6055.0,GODØYA
919190,1532,GISKE,18091313,0,241.0,Hus for dyr/landbr.lager/silo,TB,Tatt i bruk,10101,10101,10101,190.0,,,411157659.0,Synesvegen,4003.0,66.0,,,6040.0,VIGRA
919191,1532,GISKE,18096897,1,111.0,Enebolig,TB,Tatt i bruk,20060901,20060901,20061231,23.0,,,,,,,,,,
919192,1532,GISKE,18091321,0,113.0,Våningshus,TB,Tatt i bruk,10101,10101,10101,192.0,,,411157659.0,Synesvegen,4003.0,66.0,,,6040.0,VIGRA
919193,1532,GISKE,18091348,0,243.0,Veksthus,BR,Bygning revet/brent,10101,10101,10101,150.0,,,57163915.0,,,,,0.0,6040.0,VIGRA
919194,1532,GISKE,18096900,0,111.0,Enebolig,TB,Tatt i bruk,10101,10101,10101,163.0,,,57164407.0,Godøyvegen,7001.0,258.0,,,6055.0,GODØYA
919195,1532,GISKE,18096854,0,111.0,Enebolig,TB,Tatt i bruk,10101,10101,10101,225.0,,,57164404.0,Valkvævegen,7002.0,17.0,,,6055.0,GODØYA
919196,1532,GISKE,18096862,0,181.0,Garasjeuthus anneks til bolig,BR,Bygning revet/brent,10101,10101,10101,33.0,,,57164404.0,Valkvævegen,7002.0,17.0,,,6055.0,GODØYA
919197,1532,GISKE,18091275,0,162.0,Helårsb.benyttes som fritidsb.,TB,Tatt i bruk,10101,10101,10101,192.0,,,411519733.0,Blindheimsgarden,4035.0,320.0,,,6040.0,VIGRA
919198,1532,GISKE,18096870,0,113.0,Våningshus,BR,Bygning revet/brent,19990428,10101,10101,193.0,,,57164405.0,Gøymyrane,7031.0,47.0,,,6055.0,GODØYA
919199,1532,GISKE,18091283,0,122.0,"Tomannsbolig, horisontaldelt",TB,Tatt i bruk,10101,10101,10101,301.0,,,408098982.0,Postvegen,4001.0,76.0,,,6040.0,VIGRA
919200,1532,GISKE,18091291,0,241.0,Hus for dyr/landbr.lager/silo,TB,Tatt i bruk,10101,10101,10101,294.0,,,408296704.0,Kyrkjevegen,4002.0,469.0,,,6040.0,VIGRA
919201,1532,GISKE,18096889,0,241.0,Hus for dyr/landbr.lager/silo,GR,Bygning godkjent for riving/brenning,10101,10101,10101,131.0,,,,,,,,,,
919202,1532,GISKE,18096641,0,111.0,Enebolig,TB,Tatt i bruk,10101,10101,10101,227.0,,,57164395.0,Godøyvegen,7001.0,517.0,,,6055.0,GODØYA
919203,1532,GISKE,18096668,0,111.0,Enebolig,TB,Tatt i bruk,20070720,20070720,20071231,75.0,,,57167958.0,,,,,1.0,6055.0,GODØYA
919204,1532,GISKE,18096676,0,181.0,Garasjeuthus anneks til bolig,TB,Tatt i bruk,10101,10101,10101,60.0,,,57164395.0,Godøyvegen,7001.0,517.0,,,6055.0,GODØYA
919205,1532,GISKE,18096609,0,241.0,Hus for dyr/landbr.lager/silo,TB,Tatt i bruk,10101,10101,10101,128.0,,,57168380.0,Godøyvegen,7001.0,607.0,,,6055.0,GODØYA
919206,1532,GISKE,18096617,0,241.0,Hus for dyr/landbr.lager/silo,TB,Tatt i bruk,10101,10101,10101,194.0,,,,,,,,,,
919207,1532,GISKE,18096625,0,241.0,Hus for dyr/landbr.lager/silo,TB,Tatt i bruk,10101,10101,10101,18.0,,,,,,,,,,
919208,1532,GISKE,18096633,0,183.0,Naust båthus sjøbu,TB,Tatt i bruk,10101,10101,10101,30.0,,,,,,,,,,
919209,1532,GISKE,18096714,0,241.0,Hus for dyr/landbr.lager/silo,TB,Tatt i bruk,10101,10101,10101,268.0,,,57164396.0,Godøyvegen,7001.0,253.0,,,6055.0,GODØYA
919210,1532,GISKE,18096722,0,111.0,Enebolig,TB,Tatt i bruk,10101,10101,10101,239.0,,,57164397.0,Godøyvegen,7001.0,725.0,,,6055.0,GODØYA
919211,1532,GISKE,18096730,0,181.0,Garasjeuthus anneks til bolig,GR,Bygning godkjent for riving/brenning,10101,10101,10101,29.0,,,57164397.0,Godøyvegen,7001.0,725.0,,,6055.0,GODØYA
919212,1532,GISKE,18096749,0,111.0,Enebolig,TB,Tatt i bruk,10101,10101,10101,185.0,,,57164398.0,Godøyvegen,7001.0,473.0,,,6055.0,GODØYA
919213,1532,GISKE,18096684,0,113.0,Våningshus,TB,Tatt i bruk,10101,10101,10101,196.0,,,57167565.0,Godøyvegen,7001.0,135.0,,,6055.0,GODØYA
919214,1532,GISKE,18096684,1,113.0,Våningshus,RA,Rammetillatelse,20021015,10101,10101,30.0,,,57167565.0,Godøyvegen,7001.0,135.0,,,6055.0,GODØYA
919215,1532,GISKE,18096692,0,241.0,Hus for dyr/landbr.lager/silo,TB,Tatt i bruk,10101,10101,10101,225.0,,,,,,,,,,
919216,1532,GISKE,18096706,0,113.0,Våningshus,BR,Bygning revet/brent,10101,10101,10101,312.0,,,57164396.0,Godøyvegen,7001.0,253.0,,,6055.0,GODØYA
919217,1532,GISKE,18092182,0,662.0,Samfunnshus grendehus,TB,Tatt i bruk,10101,10101,10101,158.0,,,407950754.0,Postvegen,4001.0,52.0,,,6040.0,VIGRA
919218,1532,GISKE,18092190,0,162.0,Helårsb.benyttes som fritidsb.,TB,Tatt i bruk,10101,10101,10101,190.0,,,412747820.0,Vikevegen,4040.0,72.0,,,6040.0,VIGRA
919219,1532,GISKE,18092204,0,241.0,Hus for dyr/landbr.lager/silo,TB,Tatt i bruk,10101,10101,10101,188.0,,,,,,,,,,
919220,1532,GISKE,18092212,0,241.0,Hus for dyr/landbr.lager/silo,TB,Tatt i bruk,10101,10101,10101,28.0,,,,,,,,,,
919221,1532,GISKE,18092131,0,241.0,Hus for dyr/landbr.lager/silo,TB,Tatt i bruk,10101,10101,10101,100.0,,,407950752.0,Postvegen,4001.0,24.0,,,6040.0,VIGRA
919222,1532,GISKE,18092158,0,111.0,Enebolig,TB,Tatt i bruk,10101,10101,10101,257.0,,,412747825.0,Vikevegen,4040.0,73.0,,,6040.0,VIGRA
919223,1532,GISKE,18092174,0,241.0,Hus for dyr/landbr.lager/silo,TB,Tatt i bruk,10101,10101,10101,303.0,,,,,,,,,,
919224,1532,GISKE,18092263,0,112.0,Enebolig m/hybel/sokkelleil.,TB,Tatt i bruk,10101,10101,10101,178.0,,,411519732.0,Blindheimsgarden,4035.0,304.0,,,6040.0,VIGRA
919225,1532,GISKE,18092263,1,112.0,Enebolig m/hybel/sokkelleil.,RA,Rammetillatelse,19980615,10101,10101,53.0,,,,,,,,,,
919226,1532,GISKE,18092271,0,181.0,Garasjeuthus anneks til bolig,TB,Tatt i bruk,10101,10101,10101,24.0,,,,,,,,,,
919227,1532,GISKE,18092298,0,322.0,Butikk/forretningsbygning,TB,Tatt i bruk,10101,10101,10101,472.0,,,412747819.0,Vikevegen,4040.0,22.0,,,6040.0,VIGRA
919228,1532,GISKE,18092220,0,241.0,Hus for dyr/landbr.lager/silo,TB,Tatt i bruk,10101,10101,10101,1258.0,,,57167055.0,,,,,0.0,6040.0,VIGRA
919229,1532,GISKE,18092239,0,662.0,Samfunnshus grendehus,TB,Tatt i bruk,10101,10101,10101,111.0,,,57167056.0,,,,,0.0,6040.0,VIGRA
919230,1532,GISKE,18092247,0,219.0,Annen industribygning,TB,Tatt i bruk,10101,10101,10101,1080.0,,,412747824.0,Vikevegen,4040.0,110.0,,,6040.0,VIGRA
919231,1532,GISKE,18092255,0,673.0,Kremat. gravkapell bårehus,TB,Tatt i bruk,10101,10101,10101,23.0,,,57167058.0,,,,,0.0,6040.0,VIGRA
919232,1532,GISKE,18092042,1,111.0,Enebolig,TB,Tatt i bruk,19960618,19961015,19971201,46.0,,,411157666.0,Synesvegen,4003.0,177.0,,,6040.0,VIGRA
919233,1532,GISKE,18097567,0,181.0,Garasjeuthus anneks til bolig,TB,Tatt i bruk,10101,10101,10101,15.0,,,57164424.0,Godøyvegen,7001.0,562.0,,,6055.0,GODØYA
919234,1532,GISKE,18092050,0,181.0,Garasjeuthus anneks til bolig,TB,Tatt i bruk,10101,10101,10101,17.0,,,411157666.0,Synesvegen,4003.0,177.0,,,6040.0,VIGRA
919235,1532,GISKE,18092069,0,111.0,Enebolig,TB,Tatt i bruk,10101,10101,10101,229.0,,,408369779.0,Remane,4062.0,8.0,,,6040.0,VIGRA
919236,1532,GISKE,18092018,0,181.0,Garasjeuthus anneks til bolig,TB,Tatt i bruk,10101,10101,10101,45.0,,,412747827.0,Vikevegen,4040.0,77.0,,,6040.0,VIGRA
919237,1532,GISKE,18097524,0,111.0,Enebolig,TB,Tatt i bruk,10101,10101,10101,222.0,,,57164423.0,Paulsneset,7014.0,7.0,,,6055.0,GODØYA
919238,1532,GISKE,18092026,0,111.0,Enebolig,TB,Tatt i bruk,10101,10101,10101,265.0,,,412747827.0,Vikevegen,4040.0,77.0,,,6040.0,VIGRA
919239,1532,GISKE,18097532,0,181.0,Garasjeuthus anneks til bolig,TB,Tatt i bruk,10101,10101,10101,21.0,,,57164380.0,Godøyvegen,7001.0,691.0,,,6055.0,GODØYA
919240,1532,GISKE,18092034,0,111.0,Enebolig,TB,Tatt i bruk,10101,10101,10101,218.0,,,407950753.0,Postvegen,4001.0,25.0,,,6040.0,VIGRA
919241,1532,GISKE,18097540,0,111.0,Enebolig,TB,Tatt i bruk,10101,10101,10101,194.0,,,57164424.0,Godøyvegen,7001.0,562.0,,,6055.0,GODØYA
919242,1532,GISKE,18092042,0,111.0,Enebolig,TB,Tatt i bruk,10101,10101,10101,218.0,,,411157666.0,Synesvegen,4003.0,177.0,,,6040.0,VIGRA
919243,1532,GISKE,18097559,0,181.0,Garasjeuthus anneks til bolig,TB,Tatt i bruk,10101,10101,10101,15.0,,,57164424.0,Godøyvegen,7001.0,562.0,,,6055.0,GODØYA
919244,1532,GISKE,18092093,0,111.0,Enebolig,TB,Tatt i bruk,10101,10101,10101,244.0,,,411157661.0,Synesvegen,4003.0,144.0,,,6040.0,VIGRA
919245,1532,GISKE,18092107,0,111.0,Enebolig,TB,Tatt i bruk,10101,10101,10101,224.0,,,407950749.0,Postvegen,4001.0,18.0,,,6040.0,VIGRA
919246,1532,GISKE,18092115,0,181.0,Garasjeuthus anneks til bolig,TB,Tatt i bruk,10101,10101,10101,14.0,,,407950749.0,Postvegen,4001.0,18.0,,,6040.0,VIGRA
919247,1532,GISKE,18092123,0,111.0,Enebolig,TB,Tatt i bruk,10101,10101,10101,183.0,,,407950752.0,Postvegen,4001.0,24.0,,,6040.0,VIGRA
919248,1532,GISKE,18092077,0,111.0,Enebolig,TB,Tatt i bruk,10101,10101,10101,253.0,,,408356091.0,Kyrkjevegen,4002.0,599.0,,,6040.0,VIGRA
919249,1532,GISKE,18092077,1,111.0,Enebolig,IG,Igangsettingstillatelse,19970923,19971201,10101,10.0,,,408356091.0,Kyrkjevegen,4002.0,599.0,,,6040.0,VIGRA
919250,1532,GISKE,18092085,0,181.0,Garasjeuthus anneks til bolig,TB,Tatt i bruk,10101,10101,10101,21.0,,,408356091.0,Kyrkjevegen,4002.0,599.0,,,6040.0,VIGRA
919251,1532,GISKE,18091879,0,111.0,Enebolig,TB,Tatt i bruk,10101,10101,10101,267.0,,,411170602.0,Synesvegen,4003.0,199.0,,,6040.0,VIGRA
919252,1532,GISKE,18097419,0,241.0,Hus for dyr/landbr.lager/silo,TB,Tatt i bruk,10101,10101,10101,190.0,,,57164419.0,Ådalsvegen,7019.0,49.0,,,6055.0,GODØYA
919253,1532,GISKE,18091887,0,111.0,Enebolig,TB,Tatt i bruk,10101,10101,10101,210.0,,,411170608.0,Synesvegen,4003.0,275.0,,,6040.0,VIGRA
919254,1532,GISKE,18097427,0,241.0,Hus for dyr/landbr.lager/silo,TB,Tatt i bruk,10101,10101,10101,94.0,,,57164419.0,Ådalsvegen,7019.0,49.0,,,6055.0,GODØYA
919255,1532,GISKE,18091895,0,181.0,Garasjeuthus anneks til bolig,TB,Tatt i bruk,10101,10101,10101,37.0,,,411170608.0,Synesvegen,4003.0,275.0,,,6040.0,VIGRA
919256,1532,GISKE,18097435,0,111.0,Enebolig,TB,Tatt i bruk,10101,10101,10101,168.0,,,57164420.0,Godøyvegen,7001.0,280.0,,,6055.0,GODØYA
919257,1532,GISKE,18091909,0,111.0,Enebolig,TB,Tatt i bruk,10101,10101,10101,243.0,,,407950751.0,Postvegen,4001.0,22.0,,,6040.0,VIGRA
919258,1532,GISKE,18097435,1,111.0,Enebolig,TB,Tatt i bruk,19950421,19950501,19971201,42.0,,,57164420.0,Godøyvegen,7001.0,280.0,,,6055.0,GODØYA
919259,1532,GISKE,18091836,0,181.0,Garasjeuthus anneks til bolig,TB,Tatt i bruk,10101,10101,10101,21.0,,,408356094.0,Kyrkjevegen,4002.0,627.0,,,6040.0,VIGRA
919260,1532,GISKE,18097397,0,113.0,Våningshus,TB,Tatt i bruk,10101,10101,10101,197.2,,,321382279.0,Ådalsvegen,7019.0,41.0,,,6055.0,GODØYA
919261,1532,GISKE,18091844,0,181.0,Garasjeuthus anneks til bolig,TB,Tatt i bruk,10101,10101,10101,19.0,,,411157664.0,Synesvegen,4003.0,147.0,,,6040.0,VIGRA
919262,1532,GISKE,18097400,0,113.0,Våningshus,TB,Tatt i bruk,10101,10101,10101,241.0,,,57164419.0,Ådalsvegen,7019.0,49.0,,,6055.0,GODØYA
919263,1532,GISKE,18091852,0,111.0,Enebolig,TB,Tatt i bruk,10101,10101,10101,358.0,,,411157664.0,Synesvegen,4003.0,147.0,,,6040.0,VIGRA
919264,1532,GISKE,18097400,1,113.0,Våningshus,TB,Tatt i bruk,20020513,20020513,20020530,14.0,,,57164419.0,Ådalsvegen,7019.0,49.0,,,6055.0,GODØYA
919265,1532,GISKE,18091860,0,181.0,Garasjeuthus anneks til bolig,TB,Tatt i bruk,10101,10101,10101,50.0,,,411170602.0,Synesvegen,4003.0,199.0,,,6040.0,VIGRA
919266,1532,GISKE,18091968,0,111.0,Enebolig,TB,Tatt i bruk,10101,10101,10101,241.0,,,411157665.0,Synesvegen,4003.0,157.0,,,6040.0,VIGRA
919267,1532,GISKE,18097486,0,111.0,Enebolig,TB,Tatt i bruk,10101,10101,10101,233.0,,,57164421.0,Gøymyrane,7031.0,51.0,,,6055.0,GODØYA
919268,1532,GISKE,18091976,0,111.0,Enebolig,TB,Tatt i bruk,10101,10101,19900207,223.0,,,412747823.0,Vikevegen,4040.0,100.0,,,6040.0,VIGRA
919269,1532,GISKE,18097494,0,181.0,Garasjeuthus anneks til bolig,TB,Tatt i bruk,10101,10101,10101,15.0,,,57164421.0,Gøymyrane,7031.0,51.0,,,6055.0,GODØYA
919270,1532,GISKE,18091984,0,181.0,Garasjeuthus anneks til bolig,TB,Tatt i bruk,10101,10101,10101,41.0,,,,,,,,,,
919271,1532,GISKE,18097508,0,181.0,Garasjeuthus anneks til bolig,TB,Tatt i bruk,10101,10101,10101,14.0,,,57164421.0,Gøymyrane,7031.0,51.0,,,6055.0,GODØYA
919272,1532,GISKE,18091992,0,181.0,Garasjeuthus anneks til bolig,TB,Tatt i bruk,10101,10101,10101,8.0,,,,,,,,,,
919273,1532,GISKE,18097516,0,111.0,Enebolig,TB,Tatt i bruk,10101,10101,10101,129.0,,,57164422.0,Godøyvegen,7001.0,196.0,,,6055.0,GODØYA
919274,1532,GISKE,18091917,0,112.0,Enebolig m/hybel/sokkelleil.,TB,Tatt i bruk,10101,10101,10101,259.0,,,411157663.0,Synesvegen,4003.0,158.0,,,6040.0,VIGRA
919275,1532,GISKE,18091925,0,181.0,Garasjeuthus anneks til bolig,TB,Tatt i bruk,10101,10101,10101,104.0,,,412747822.0,Vikevegen,4040.0,86.0,,,6040.0,VIGRA
919276,1532,GISKE,18097443,0,181.0,Garasjeuthus anneks til bolig,TB,Tatt i bruk,10101,10101,10101,50.0,,,57164420.0,Godøyvegen,7001.0,280.0,,,6055.0,GODØYA
919277,1532,GISKE,18091933,0,111.0,Enebolig,TB,Tatt i bruk,10101,10101,10101,241.0,,,412747822.0,Vikevegen,4040.0,86.0,,,6040.0,VIGRA
919278,1532,GISKE,18097451,0,111.0,Enebolig,TB,Tatt i bruk,10101,10101,10101,234.0,,,57168487.0,Gøymyrane,7031.0,75.0,,,6055.0,GODØYA
919279,1532,GISKE,18091941,0,111.0,Enebolig,TB,Tatt i bruk,10101,10101,10101,202.0,,,411170600.0,Synesvegen,4003.0,204.0,,,6040.0,VIGRA
919280,1532,GISKE,18097478,0,181.0,Garasjeuthus anneks til bolig,TB,Tatt i bruk,10101,10101,10101,36.0,,,57168487.0,Gøymyrane,7031.0,75.0,,,6055.0,GODØYA
919281,1532,GISKE,18091739,1,719.0,Sykehus,TB,Tatt i bruk,10101,10101,10101,1705.0,,,409989905.0,Reset,4038.0,14.0,,,6040.0,VIGRA
919282,1532,GISKE,18097273,1,183.0,Naust båthus sjøbu,TB,Tatt i bruk,19980628,19990707,19991108,19.0,,,,,,,,,,
919283,1532,GISKE,18091739,2,719.0,Sykehus,TB,Tatt i bruk,19940714,19941101,19941212,16.0,,,409989905.0,Reset,4038.0,14.0,,,6040.0,VIGRA
919284,1532,GISKE,18097281,0,654.0,Tribune og idrettsgarderobe,TB,Tatt i bruk,10101,10101,10101,108.0,,,411338413.0,Synesrema,4057.0,36.0,,,6040.0,VIGRA
919285,1532,GISKE,18091739,3,719.0,Sykehus,TB,Tatt i bruk,19970923,19980401,19981119,393.0,,,409989905.0,Reset,4038.0,14.0,,,6040.0,VIGRA
919286,1532,GISKE,18097303,0,329.0,Annen forretningsbygning,TB,Tatt i bruk,10101,10101,10101,41.0,,,57167334.0,Nørestranda,4006.0,45.0,,,6040.0,VIGRA
919287,1532,GISKE,18091704,0,111.0,Enebolig,TB,Tatt i bruk,10101,10101,10101,305.0,,,407953853.0,Postvegen,4001.0,51.0,,,6040.0,VIGRA
919288,1532,GISKE,18097249,0,231.0,Lagerhall,TB,Tatt i bruk,10101,10101,10101,278.0,,,411236446.0,Hamnevegen,4045.0,301.0,,,6040.0,VIGRA
919289,1532,GISKE,18091712,0,112.0,Enebolig m/hybel/sokkelleil.,TB,Tatt i bruk,10101,10101,10101,275.0,,,423970459.0,Vikevegen,4040.0,168.0,,,6040.0,VIGRA
919290,1532,GISKE,18097257,0,999.0,,TB,Tatt i bruk,10101,10101,10101,0.0,,,57167332.0,,,,,0.0,6040.0,VIGRA
919291,1532,GISKE,18091720,0,181.0,Garasjeuthus anneks til bolig,TB,Tatt i bruk,10101,10101,10101,72.0,,,,,,,,,,
919292,1532,GISKE,18097265,0,183.0,Naust båthus sjøbu,BR,Bygning revet/brent,10101,10101,10101,95.0,,,,,,,,,,
919293,1532,GISKE,18091739,0,719.0,Sykehus,TB,Tatt i bruk,10101,10101,10101,607.0,,,409989905.0,Reset,4038.0,14.0,,,6040.0,VIGRA
919294,1532,GISKE,18097273,0,183.0,Naust båthus sjøbu,TB,Tatt i bruk,10101,10101,10101,20.0,,,,,,,,,,
919295,1532,GISKE,18091771,0,112.0,Enebolig m/hybel/sokkelleil.,TB,Tatt i bruk,10101,10101,10101,286.0,,,411157662.0,Synesvegen,4003.0,148.0,,,6040.0,VIGRA
919296,1532,GISKE,18097354,0,241.0,Hus for dyr/landbr.lager/silo,TB,Tatt i bruk,10101,10101,10101,357.0,,,57168358.0,,,,,0.0,6055.0,GODØYA
919297,1532,GISKE,18091798,0,111.0,Enebolig,TB,Tatt i bruk,10101,10101,10101,189.0,,,408356093.0,Kyrkjevegen,4002.0,603.0,,,6040.0,VIGRA
919298,1532,GISKE,18097362,0,111.0,Enebolig,TB,Tatt i bruk,10101,10101,10101,184.0,,,57164417.0,Godøyvegen,7001.0,88.0,,,6055.0,GODØYA
919299,1532,GISKE,18091801,0,181.0,Garasjeuthus anneks til bolig,TB,Tatt i bruk,10101,10101,10101,4.0,,,408356093.0,Kyrkjevegen,4002.0,603.0,,,6040.0,VIGRA
919300,1532,GISKE,18097370,0,112.0,Enebolig m/hybel/sokkelleil.,TB,Tatt i bruk,10101,10101,10101,218.0,,,57164418.0,Valkvævegen,7002.0,20.0,,,6055.0,GODØYA
919301,1532,GISKE,18091828,0,111.0,Enebolig,TB,Tatt i bruk,10101,10101,10101,244.0,,,408356094.0,Kyrkjevegen,4002.0,627.0,,,6040.0,VIGRA
919302,1532,GISKE,18097389,0,181.0,Garasjeuthus anneks til bolig,TB,Tatt i bruk,10101,10101,10101,4.0,,,,,,,,,,
919303,1532,GISKE,18097311,0,231.0,Lagerhall,TB,Tatt i bruk,10101,10101,10101,161.0,,,57167334.0,Nørestranda,4006.0,45.0,,,6040.0,VIGRA
919304,1532,GISKE,18091747,0,111.0,Enebolig,TB,Tatt i bruk,10101,10101,10101,159.0,,,407950750.0,Postvegen,4001.0,20.0,,,6040.0,VIGRA
919305,1532,GISKE,18097338,0,322.0,Butikk/forretningsbygning,TB,Tatt i bruk,10101,10101,19560101,3385.0,,,57167334.0,Nørestranda,4006.0,45.0,,,6040.0,VIGRA
919306,1532,GISKE,18091755,0,181.0,Garasjeuthus anneks til bolig,GR,Bygning godkjent for riving/brenning,10101,10101,10101,19.0,,,407950750.0,Postvegen,4001.0,20.0,,,6040.0,VIGRA
919307,1532,GISKE,18097346,0,999.0,,TB,Tatt i bruk,20041118,20060221,20060221,0.0,,,57167335.0,,,,,0.0,6040.0,VIGRA
919308,1532,GISKE,18091763,0,181.0,Garasjeuthus anneks til bolig,TB,Tatt i bruk,10101,10101,10101,45.0,,,411157662.0,Synesvegen,4003.0,148.0,,,6040.0,VIGRA
919309,1532,GISKE,18094363,0,111.0,Enebolig,TB,Tatt i bruk,10101,10101,10101,246.0,,,411234608.0,Hamnevegen,4045.0,163.0,,,6040.0,VIGRA
919310,1532,GISKE,18094371,0,111.0,Enebolig,TB,Tatt i bruk,10101,10101,10101,197.0,,,411338411.0,Synesrema,4057.0,21.0,,,6040.0,VIGRA
919311,1532,GISKE,18094398,0,181.0,Garasjeuthus anneks til bolig,TB,Tatt i bruk,10101,10101,10101,16.0,,,411338411.0,Synesrema,4057.0,21.0,,,6040.0,VIGRA
919312,1532,GISKE,18094320,0,111.0,Enebolig,TB,Tatt i bruk,10101,10101,10101,283.0,,,411236439.0,Hamnevegen,4045.0,173.0,,,6040.0,VIGRA
919313,1532,GISKE,18094339,0,111.0,Enebolig,TB,Tatt i bruk,10101,10101,10101,213.0,,,411173255.0,Synesvegen,4003.0,444.0,,,6040.0,VIGRA
919314,1532,GISKE,18094347,0,111.0,Enebolig,TB,Tatt i bruk,10101,10101,10101,236.0,,,411338409.0,Synesrema,4057.0,9.0,,,6040.0,VIGRA
919315,1532,GISKE,18094355,0,111.0,Enebolig,TB,Tatt i bruk,10101,10101,10101,242.0,,,411338414.0,Synesrema,4057.0,58.0,,,6040.0,VIGRA
919316,1532,GISKE,18094215,0,111.0,Enebolig,TB,Tatt i bruk,10101,10101,10101,60.0,,,411195336.0,Synesvegen,4003.0,837.0,,,6040.0,VIGRA
919317,1532,GISKE,18094231,0,181.0,Garasjeuthus anneks til bolig,TB,Tatt i bruk,10101,10101,10101,15.0,,,411173500.0,Synesvegen,4003.0,532.0,,,6040.0,VIGRA
919318,1532,GISKE,18094258,0,181.0,Garasjeuthus anneks til bolig,TB,Tatt i bruk,10101,10101,10101,40.0,,,411234603.0,Hamnevegen,4045.0,99.0,,,6040.0,VIGRA
919319,1532,GISKE,18094266,0,111.0,Enebolig,TB,Tatt i bruk,10101,10101,10101,179.0,,,411234603.0,Hamnevegen,4045.0,99.0,,,6040.0,VIGRA
919320,1532,GISKE,18094177,0,183.0,Naust båthus sjøbu,TB,Tatt i bruk,10101,10101,10101,51.0,,,,,,,,,,
919321,1532,GISKE,18094185,0,181.0,Garasjeuthus anneks til bolig,TB,Tatt i bruk,10101,10101,10101,42.0,,,,,,,,,,
919322,1532,GISKE,18094193,0,241.0,Hus for dyr/landbr.lager/silo,TB,Tatt i bruk,10101,10101,10101,316.0,,,,,,,,,,
919323,1532,GISKE,18094207,0,181.0,Garasjeuthus anneks til bolig,TB,Tatt i bruk,10101,10101,10101,28.0,,,,,,,,,,
919324,1532,GISKE,18094304,0,111.0,Enebolig,TB,Tatt i bruk,10101,10101,10101,208.0,,,411338410.0,Synesrema,4057.0,19.0,,,6040.0,VIGRA
919325,1532,GISKE,18094304,1,111.0,Enebolig,TB,Tatt i bruk,20000727,20010326,20030415,31.0,,,411338410.0,Synesrema,4057.0,19.0,,,6040.0,VIGRA
919326,1532,GISKE,18094312,0,111.0,Enebolig,TB,Tatt i bruk,10101,10101,10101,243.0,,,408252551.0,Kyrkjevegen,4002.0,31.0,,,6040.0,VIGRA
919327,1532,GISKE,18094266,1,111.0,Enebolig,RA,Rammetillatelse,20020512,10101,10101,18.0,,,411234603.0,Hamnevegen,4045.0,99.0,,,6040.0,VIGRA
919328,1532,GISKE,18094274,0,111.0,Enebolig,BU,Bygningsnummer utgått,10101,10101,10101,63.0,,,,,,,,,,
919329,1532,GISKE,18094282,0,111.0,Enebolig,TB,Tatt i bruk,10101,10101,10101,146.0,,,411195335.0,Synesvegen,4003.0,829.0,,,6040.0,VIGRA
919330,1532,GISKE,18094290,0,111.0,Enebolig,TB,Tatt i bruk,10101,10101,10101,124.0,,,411188631.0,Synesvegen,4003.0,695.0,,,6040.0,VIGRA
919331,1532,GISKE,18094037,0,241.0,Hus for dyr/landbr.lager/silo,TB,Tatt i bruk,10101,10101,10101,286.0,,,411173254.0,Synesvegen,4003.0,416.0,,,6040.0,VIGRA
919332,1532,GISKE,18094045,0,113.0,Våningshus,TB,Tatt i bruk,10101,10101,10101,239.0,,,411173254.0,Synesvegen,4003.0,416.0,,,6040.0,VIGRA
919333,1532,GISKE,18094053,0,241.0,Hus for dyr/landbr.lager/silo,BR,Bygning revet/brent,10101,10101,10101,161.0,,,411197228.0,Hamnevegen,4045.0,77.0,,,6040.0,VIGRA
919334,1532,GISKE,18094061,0,113.0,Våningshus,TB,Tatt i bruk,10101,10101,10101,454.0,,,411197228.0,Hamnevegen,4045.0,77.0,,,6040.0,VIGRA
919335,1532,GISKE,18093995,0,112.0,Enebolig m/hybel/sokkelleil.,TB,Tatt i bruk,10101,10101,10101,201.0,,,411343280.0,Romsdalsvegen,4056.0,78.0,,,6040.0,VIGRA
919336,1532,GISKE,18099500,0,124.0,"Våningshus, tomannsb./horisont.",TB,Tatt i bruk,10101,10101,10101,303.0,,,57164572.0,Jussbakken,7008.0,48.0,,,6055.0,GODØYA
919337,1532,GISKE,18094002,0,111.0,Enebolig,TB,Tatt i bruk,10101,10101,10101,143.0,,,411173502.0,Synesvegen,4003.0,536.0,,,6040.0,VIGRA
919338,1532,GISKE,18099519,0,111.0,Enebolig,TB,Tatt i bruk,10101,10101,10101,210.0,,,57164573.0,Godøyvegen,7001.0,887.0,,,6055.0,GODØYA
919339,1532,GISKE,18094010,0,181.0,Garasjeuthus anneks til bolig,BR,Bygning revet/brent,10101,10101,10101,29.0,,,424057435.0,Kyrkjevegen,4002.0,200.0,,,6040.0,VIGRA
919340,1532,GISKE,18094029,0,111.0,Enebolig,TB,Tatt i bruk,10101,10101,10101,198.0,,,424057435.0,Kyrkjevegen,4002.0,200.0,,,6040.0,VIGRA
919341,1532,GISKE,18094134,0,181.0,Garasjeuthus anneks til bolig,TB,Tatt i bruk,10101,10101,10101,24.0,,,,,,,,,,
919342,1532,GISKE,18094142,0,111.0,Enebolig,TB,Tatt i bruk,10101,10101,10101,223.0,,,408252556.0,Kyrkjevegen,4002.0,215.0,,,6040.0,VIGRA
919343,1532,GISKE,18094150,0,662.0,Samfunnshus grendehus,TB,Tatt i bruk,10101,10101,10101,291.0,,,408252558.0,Kyrkjevegen,4002.0,217.0,,,6040.0,VIGRA
919344,1532,GISKE,18094169,0,249.0,Annen landbruksbygning,TB,Tatt i bruk,10101,10101,10101,17.0,,,57167072.0,,,,,0.0,6040.0,VIGRA
919345,1532,GISKE,18094088,0,162.0,Helårsb.benyttes som fritidsb.,TB,Tatt i bruk,10101,10101,10101,148.0,,,411338415.0,Synesrema,4057.0,88.0,,,6040.0,VIGRA
919346,1532,GISKE,18094096,0,111.0,Enebolig,TB,Tatt i bruk,10101,10101,10101,195.0,,,408252552.0,Kyrkjevegen,4002.0,39.0,,,6040.0,VIGRA
919347,1532,GISKE,18094118,0,181.0,Garasjeuthus anneks til bolig,TB,Tatt i bruk,10101,10101,10101,66.0,,,,,,,,,,
919348,1532,GISKE,18094126,0,181.0,Garasjeuthus anneks til bolig,TB,Tatt i bruk,10101,10101,10101,47.0,,,,,,,,,,
919349,1532,GISKE,18096560,0,241.0,Hus for dyr/landbr.lager/silo,TB,Tatt i bruk,10101,10101,10101,150.0,,,,,,,,,,
919350,1532,GISKE,18096579,0,111.0,Enebolig,TB,Tatt i bruk,10101,10101,10101,306.0,,,57168448.0,Valkvævegen,7002.0,18.0,,,6055.0,GODØYA
919351,1532,GISKE,18096587,0,113.0,Våningshus,TB,Tatt i bruk,10101,10101,10101,214.0,,,57168380.0,Godøyvegen,7001.0,607.0,,,6055.0,GODØYA
919352,1532,GISKE,18096595,0,241.0,Hus for dyr/landbr.lager/silo,TB,Tatt i bruk,10101,10101,10101,19.0,,,57168380.0,Godøyvegen,7001.0,607.0,,,6055.0,GODØYA
919353,1532,GISKE,18096544,0,241.0,Hus for dyr/landbr.lager/silo,TB,Tatt i bruk,10101,10101,10101,44.0,,,57164392.0,Godøyvegen,7001.0,221.0,,,6055.0,GODØYA
919354,1532,GISKE,18096552,0,183.0,Naust båthus sjøbu,TB,Tatt i bruk,10101,10101,10101,71.0,,,57164392.0,Godøyvegen,7001.0,221.0,,,6055.0,GODØYA
919355,1532,GISKE,18098822,1,111.0,Enebolig,TB,Tatt i bruk,19951222,19960101,19971201,56.0,,,57164508.0,Leitebakken,7025.0,24.0,,,6055.0,GODØYA
919356,1532,GISKE,18098822,2,111.0,Enebolig,IG,Igangsettingstillatelse,20050606,20050606,10101,38.0,,,57164508.0,Leitebakken,7025.0,24.0,,,6055.0,GODØYA
919357,1532,GISKE,18098814,0,181.0,Garasjeuthus anneks til bolig,TB,Tatt i bruk,10101,10101,10101,27.0,,,57164507.0,Leitebakken,7025.0,9.0,,,6055.0,GODØYA
919358,1532,GISKE,18098814,1,181.0,Garasjeuthus anneks til bolig,TB,Tatt i bruk,19961011,19961101,19971201,9.0,,,57164507.0,Leitebakken,7025.0,9.0,,,6055.0,GODØYA
919359,1532,GISKE,18098822,0,111.0,Enebolig,TB,Tatt i bruk,10101,10101,10101,168.2,,,57164508.0,Leitebakken,7025.0,24.0,,,6055.0,GODØYA
919360,1532,GISKE,18098865,0,111.0,Enebolig,TB,Tatt i bruk,10101,10101,10101,241.0,,,57164515.0,Godøyvegen,7001.0,175.0,,,6055.0,GODØYA
919361,1532,GISKE,18098873,0,181.0,Garasjeuthus anneks til bolig,TB,Tatt i bruk,10101,10101,10101,69.0,,,,,,,,,,
919362,1532,GISKE,18098881,0,111.0,Enebolig,TB,Tatt i bruk,10101,10101,10101,262.0,,,57164516.0,Godøyvegen,7001.0,282.0,,,6055.0,GODØYA
919363,1532,GISKE,18098881,1,111.0,Enebolig,TB,Tatt i bruk,20060126,20060126,20060831,29.0,,,,,,,,,,
919364,1532,GISKE,18098830,0,111.0,Enebolig,TB,Tatt i bruk,10101,10101,10101,167.0,,,57164510.0,Leitebakken,7025.0,26.0,,,6055.0,GODØYA
919365,1532,GISKE,18098830,1,111.0,Enebolig,TB,Tatt i bruk,20000113,20011018,20060601,125.0,,,57164510.0,Leitebakken,7025.0,26.0,,,6055.0,GODØYA
919366,1532,GISKE,18098849,0,111.0,Enebolig,TB,Tatt i bruk,10101,10101,10101,159.0,,,57164513.0,Geilereset,7017.0,2.0,,,6055.0,GODØYA
919367,1532,GISKE,18098857,0,111.0,Enebolig,TB,Tatt i bruk,10101,10101,10101,220.0,,,57164514.0,Godøyvegen,7001.0,471.0,,,6055.0,GODØYA
919368,1532,GISKE,18098709,0,181.0,Garasjeuthus anneks til bolig,TB,Tatt i bruk,10101,10101,10101,34.0,,,57164501.0,Leitebakken,7025.0,20.0,,,6055.0,GODØYA
919369,1532,GISKE,18098717,0,111.0,Enebolig,TB,Tatt i bruk,10101,10101,10101,188.0,,,57164502.0,Leitebakken,7025.0,1.0,,,6055.0,GODØYA
919370,1532,GISKE,18098717,1,111.0,Enebolig,TB,Tatt i bruk,20050908,20051018,20051218,86.0,,,,,,,,,,
919371,1532,GISKE,18098660,0,111.0,Enebolig,TB,Tatt i bruk,10101,10101,10101,224.0,,,57164499.0,Leitebakken,7025.0,12.0,,,6055.0,GODØYA
919372,1532,GISKE,18098679,0,111.0,Enebolig,TB,Tatt i bruk,10101,10101,10101,188.0,,,57164500.0,Leitebakken,7025.0,14.0,,,6055.0,GODØYA
919373,1532,GISKE,18098687,0,181.0,Garasjeuthus anneks til bolig,TB,Tatt i bruk,10101,10101,10101,28.0,,,57164500.0,Leitebakken,7025.0,14.0,,,6055.0,GODØYA
919374,1532,GISKE,18098695,0,111.0,Enebolig,TB,Tatt i bruk,10101,10101,10101,177.0,,,57164501.0,Leitebakken,7025.0,20.0,,,6055.0,GODØYA
919375,1532,GISKE,18098776,0,111.0,Enebolig,TB,Tatt i bruk,10101,10101,10101,188.0,,,57164505.0,Leitebakken,7025.0,7.0,,,6055.0,GODØYA
919376,1532,GISKE,18098784,0,111.0,Enebolig,TB,Tatt i bruk,10101,10101,10101,188.0,,,57164506.0,Leitebakken,7025.0,22.0,,,6055.0,GODØYA
919377,1532,GISKE,18098792,0,181.0,Garasjeuthus anneks til bolig,TB,Tatt i bruk,10101,10101,10101,23.0,,,57164506.0,Leitebakken,7025.0,22.0,,,6055.0,GODØYA
919378,1532,GISKE,18098806,0,111.0,Enebolig,TB,Tatt i bruk,10101,10101,10101,143.0,,,57164507.0,Leitebakken,7025.0,9.0,,,6055.0,GODØYA
919379,1532,GISKE,18098725,0,181.0,Garasjeuthus anneks til bolig,TB,Tatt i bruk,10101,10101,10101,25.0,,,57164502.0,Leitebakken,7025.0,1.0,,,6055.0,GODØYA
919380,1532,GISKE,18098733,0,111.0,Enebolig,TB,Tatt i bruk,10101,10101,10101,232.0,,,57164503.0,Leitebakken,7025.0,3.0,,,6055.0,GODØYA
919381,1532,GISKE,18098741,0,181.0,Garasjeuthus anneks til bolig,TB,Tatt i bruk,10101,10101,10101,28.0,,,57164503.0,Leitebakken,7025.0,3.0,,,6055.0,GODØYA
919382,1532,GISKE,18098768,0,111.0,Enebolig,TB,Tatt i bruk,10101,10101,10101,270.0,,,57164504.0,Leitebakken,7025.0,5.0,,,6055.0,GODØYA
919383,1532,GISKE,18098539,0,111.0,Enebolig,TB,Tatt i bruk,10101,10101,10101,178.0,,,57164491.0,Leitet,7024.0,20.0,,,6055.0,GODØYA
919384,1532,GISKE,18098555,0,111.0,Enebolig,TB,Tatt i bruk,10101,10101,10101,164.0,,,57164493.0,Leitet,7024.0,24.0,,,6055.0,GODØYA
919385,1532,GISKE,18098563,0,181.0,Garasjeuthus anneks til bolig,TB,Tatt i bruk,10101,10101,10101,22.0,,,57164493.0,Leitet,7024.0,24.0,,,6055.0,GODØYA
919386,1532,GISKE,18098636,0,111.0,Enebolig,TB,Tatt i bruk,10101,10101,10101,159.0,,,57164496.0,Leitet,7024.0,30.0,,,6055.0,GODØYA
919387,1532,GISKE,18098644,0,111.0,Enebolig,TB,Tatt i bruk,10101,10101,10101,187.0,,,57164497.0,Leitet,7024.0,32.0,,,6055.0,GODØYA
919388,1532,GISKE,18098644,1,111.0,Enebolig,RA,Rammetillatelse,19990428,10101,10101,22.0,,,57164497.0,Leitet,7024.0,32.0,,,6055.0,GODØYA
919389,1532,GISKE,18098652,0,181.0,Garasjeuthus anneks til bolig,TB,Tatt i bruk,10101,10101,10101,78.0,,,57164497.0,Leitet,7024.0,32.0,,,6055.0,GODØYA
919390,1532,GISKE,18098571,0,111.0,Enebolig,TB,Tatt i bruk,10101,10101,10101,167.0,,,57164494.0,Leitet,7024.0,26.0,,,6055.0,GODØYA
919391,1532,GISKE,18098598,0,181.0,Garasjeuthus anneks til bolig,TB,Tatt i bruk,10101,10101,10101,32.0,,,57164494.0,Leitet,7024.0,26.0,,,6055.0,GODØYA
919392,1532,GISKE,18098601,0,111.0,Enebolig,TB,Tatt i bruk,10101,10101,10101,167.0,,,57164495.0,Leitet,7024.0,28.0,,,6055.0,GODØYA
919393,1532,GISKE,18098628,0,181.0,Garasjeuthus anneks til bolig,TB,Tatt i bruk,10101,10101,10101,21.0,,,57164495.0,Leitet,7024.0,28.0,,,6055.0,GODØYA
919394,1532,GISKE,18093855,0,241.0,Hus for dyr/landbr.lager/silo,TB,Tatt i bruk,10101,10101,10101,21.0,,,411195331.0,Synesvegen,4003.0,781.0,,,6040.0,VIGRA
919395,1532,GISKE,18099381,0,241.0,Hus for dyr/landbr.lager/silo,TB,Tatt i bruk,10101,10101,10101,521.0,,,,,,,,,,
919396,1532,GISKE,18093863,0,241.0,Hus for dyr/landbr.lager/silo,TB,Tatt i bruk,10101,10101,10101,119.0,,,,,,,,,,
919397,1532,GISKE,18099403,0,241.0,Hus for dyr/landbr.lager/silo,TB,Tatt i bruk,10101,10101,10101,20.0,,,,,,,,,,
919398,1532,GISKE,18093871,0,162.0,Helårsb.benyttes som fritidsb.,TB,Tatt i bruk,10101,10101,10101,154.0,,,411236441.0,Hamnevegen,4045.0,191.0,,,6040.0,VIGRA
919399,1532,GISKE,18099411,0,219.0,Annen industribygning,BR,Bygning revet/brent,10101,10101,10101,116.0,,,57164570.0,Jussbakken,7008.0,78.0,,,6055.0,GODØYA
919400,1532,GISKE,18093898,0,183.0,Naust båthus sjøbu,TB,Tatt i bruk,10101,10101,10101,36.0,,,413470744.0,Bureisingsvegen,4050.0,51.0,,,6040.0,VIGRA
919401,1532,GISKE,18099438,0,183.0,Naust båthus sjøbu,BR,Bygning revet/brent,10101,10101,10101,109.0,,,,,,,,,,
919402,1532,GISKE,18093812,0,113.0,Våningshus,TB,Tatt i bruk,10101,10101,10101,145.0,,,411236444.0,Hamnevegen,4045.0,235.0,,,6040.0,VIGRA
919403,1532,GISKE,18099349,0,249.0,Annen landbruksbygning,TB,Tatt i bruk,10101,10101,10101,24.0,,,57164569.0,Jussbakken,7008.0,116.0,,,6055.0,GODØYA
919404,1532,GISKE,18093820,0,241.0,Hus for dyr/landbr.lager/silo,TB,Tatt i bruk,10101,10101,10101,24.0,,,411236444.0,Hamnevegen,4045.0,235.0,,,6040.0,VIGRA
919405,1532,GISKE,18099357,0,183.0,Naust båthus sjøbu,TB,Tatt i bruk,10101,10101,10101,130.0,,,57164569.0,Jussbakken,7008.0,116.0,,,6055.0,GODØYA
919406,1532,GISKE,18093839,0,241.0,Hus for dyr/landbr.lager/silo,TB,Tatt i bruk,10101,10101,10101,478.0,,,411195331.0,Synesvegen,4003.0,781.0,,,6040.0,VIGRA
919407,1532,GISKE,18099365,0,249.0,Annen landbruksbygning,TB,Tatt i bruk,10101,10101,10101,17.0,,,,,,,,,,
919408,1532,GISKE,18093847,0,113.0,Våningshus,TB,Tatt i bruk,10101,10101,10101,315.0,,,411195331.0,Synesvegen,4003.0,781.0,,,6040.0,VIGRA
919409,1532,GISKE,18099373,0,113.0,Våningshus,TB,Tatt i bruk,10101,10101,10101,289.0,,,57164570.0,Jussbakken,7008.0,78.0,,,6055.0,GODØYA
919410,1532,GISKE,18093952,0,111.0,Enebolig,TB,Tatt i bruk,10101,10101,10101,161.0,,,413470742.0,Bureisingsvegen,4050.0,39.0,,,6040.0,VIGRA
919411,1532,GISKE,18099462,0,241.0,Hus for dyr/landbr.lager/silo,BR,Bygning revet/brent,10101,10101,10101,159.0,,,57164571.0,Jussbakken,7008.0,53.0,,,6055.0,GODØYA
919412,1532,GISKE,18093960,0,241.0,Hus for dyr/landbr.lager/silo,TB,Tatt i bruk,10101,10101,10101,278.0,,,,,,,,,,
919413,1532,GISKE,18099470,0,249.0,Annen landbruksbygning,BR,Bygning revet/brent,10101,10101,10101,14.0,,,57164571.0,Jussbakken,7008.0,53.0,,,6055.0,GODØYA
919414,1532,GISKE,18093979,0,122.0,"Tomannsbolig, horisontaldelt",TB,Tatt i bruk,10101,10101,10101,248.0,,,411195338.0,Synesvegen,4003.0,845.0,,,6040.0,VIGRA
919415,1532,GISKE,18099489,0,183.0,Naust båthus sjøbu,TB,Tatt i bruk,10101,10101,10101,39.0,,,57164571.0,Jussbakken,7008.0,53.0,,,6055.0,GODØYA
919416,1532,GISKE,18093987,0,241.0,Hus for dyr/landbr.lager/silo,TB,Tatt i bruk,10101,10101,10101,166.0,,,,,,,,,,
919417,1532,GISKE,18099497,0,241.0,Hus for dyr/landbr.lager/silo,TB,Tatt i bruk,10101,10101,10101,110.0,,,57164572.0,Jussbakken,7008.0,48.0,,,6055.0,GODØYA
919418,1532,GISKE,18093901,0,183.0,Naust båthus sjøbu,TB,Tatt i bruk,10101,10101,10101,37.0,,,,,,,,,,
919419,1532,GISKE,18099446,0,183.0,Naust båthus sjøbu,TB,Tatt i bruk,10101,10101,10101,65.0,,,,,,,,,,
919420,1532,GISKE,18093928,0,241.0,Hus for dyr/landbr.lager/silo,TB,Tatt i bruk,10101,10101,10101,21.0,,,413470744.0,Bureisingsvegen,4050.0,51.0,,,6040.0,VIGRA
919421,1532,GISKE,18099454,0,113.0,Våningshus,TB,Tatt i bruk,10101,10101,10101,184.0,,,57164571.0,Jussbakken,7008.0,53.0,,,6055.0,GODØYA
919422,1532,GISKE,18093936,0,241.0,Hus for dyr/landbr.lager/silo,TB,Tatt i bruk,10101,10101,10101,289.0,,,413470744.0,Bureisingsvegen,4050.0,51.0,,,6040.0,VIGRA
919423,1532,GISKE,18099454,1,113.0,Våningshus,TB,Tatt i bruk,20070419,20070419,20071119,49.0,,,,,,,,,,
919424,1532,GISKE,18093944,0,113.0,Våningshus,TB,Tatt i bruk,10101,10101,10101,189.0,,,413470744.0,Bureisingsvegen,4050.0,51.0,,,6040.0,VIGRA
919425,1532,GISKE,18093693,0,181.0,Garasjeuthus anneks til bolig,BR,Bygning revet/brent,10101,10101,20060601,30.0,,,57168924.0,Flyplassvegen,4033.0,27.0,,,6040.0,VIGRA
919426,1532,GISKE,18099209,0,183.0,Naust båthus sjøbu,TB,Tatt i bruk,10101,10101,10101,70.0,,,57164566.0,Jussbakken,7008.0,120.0,,,6055.0,GODØYA
919427,1532,GISKE,18099217,0,183.0,Naust båthus sjøbu,TB,Tatt i bruk,10101,10101,10101,52.0,,,57164567.0,Jussbakken,7008.0,94.0,,,6055.0,GODØYA
919428,1532,GISKE,18099225,0,113.0,Våningshus,TB,Tatt i bruk,10101,10101,10101,182.0,,,57164567.0,Jussbakken,7008.0,94.0,,,6055.0,GODØYA
919429,1532,GISKE,18093715,0,113.0,Våningshus,TB,Tatt i bruk,10101,10101,10101,309.0,,,411188635.0,Synesvegen,4003.0,739.0,,,6040.0,VIGRA
919430,1532,GISKE,18099233,0,241.0,Hus for dyr/landbr.lager/silo,TB,Tatt i bruk,10101,10101,10101,110.0,,,57164567.0,Jussbakken,7008.0,94.0,,,6055.0,GODØYA
919431,1532,GISKE,18093650,0,241.0,Hus for dyr/landbr.lager/silo,TB,Tatt i bruk,10101,10101,10101,42.0,,,413470739.0,Bureisingsvegen,4050.0,15.0,,,6040.0,VIGRA
919432,1532,GISKE,18093669,0,113.0,Våningshus,TB,Tatt i bruk,10101,10101,19300101,328.0,,,413470739.0,Bureisingsvegen,4050.0,15.0,,,6040.0,VIGRA
919433,1532,GISKE,18099179,0,241.0,Hus for dyr/landbr.lager/silo,TB,Tatt i bruk,10101,10101,10101,379.0,,,57164566.0,Jussbakken,7008.0,120.0,,,6055.0,GODØYA
919434,1532,GISKE,18093677,0,241.0,Hus for dyr/landbr.lager/silo,TB,Tatt i bruk,10101,10101,10101,300.0,,,413470739.0,Bureisingsvegen,4050.0,15.0,,,6040.0,VIGRA
919435,1532,GISKE,18099187,0,241.0,Hus for dyr/landbr.lager/silo,TB,Tatt i bruk,10101,10101,10101,39.0,,,57164566.0,Jussbakken,7008.0,120.0,,,6055.0,GODØYA
919436,1532,GISKE,18093685,0,999.0,,BR,Bygning revet/brent,10101,10101,20060601,0.0,,,57168924.0,Flyplassvegen,4033.0,27.0,,,6040.0,VIGRA
919437,1532,GISKE,18099195,0,249.0,Annen landbruksbygning,TB,Tatt i bruk,10101,10101,10101,20.0,,,57164566.0,Jussbakken,7008.0,120.0,,,6055.0,GODØYA
919438,1532,GISKE,18093774,0,113.0,Våningshus,TB,Tatt i bruk,10101,10101,10101,195.0,,,411236445.0,Hamnevegen,4045.0,255.0,,,6040.0,VIGRA
919439,1532,GISKE,18099292,0,249.0,Annen landbruksbygning,TB,Tatt i bruk,10101,10101,10101,73.0,,,57164568.0,Jussbakken,7008.0,110.0,,,6055.0,GODØYA
919440,1532,GISKE,18093782,0,241.0,Hus for dyr/landbr.lager/silo,TB,Tatt i bruk,10101,10101,10101,30.0,,,411234604.0,Hamnevegen,4045.0,117.0,,,6040.0,VIGRA
919441,1532,GISKE,18099306,0,183.0,Naust båthus sjøbu,TB,Tatt i bruk,10101,10101,10101,31.0,,,,,,,,,,
919442,1532,GISKE,18093790,0,113.0,Våningshus,TB,Tatt i bruk,10101,10101,19100101,171.0,,,411234604.0,Hamnevegen,4045.0,117.0,,,6040.0,VIGRA
919443,1532,GISKE,18099314,0,183.0,Naust båthus sjøbu,TB,Tatt i bruk,10101,10101,10101,88.0,,,57164568.0,Jussbakken,7008.0,110.0,,,6055.0,GODØYA
919444,1532,GISKE,18093804,0,241.0,Hus for dyr/landbr.lager/silo,TB,Tatt i bruk,10101,10101,10101,268.0,,,411234604.0,Hamnevegen,4045.0,117.0,,,6040.0,VIGRA
919445,1532,GISKE,18099330,0,241.0,Hus for dyr/landbr.lager/silo,TB,Tatt i bruk,10101,10101,10101,180.0,,,57164569.0,Jussbakken,7008.0,116.0,,,6055.0,GODØYA
919446,1532,GISKE,18093723,0,113.0,Våningshus,TB,Tatt i bruk,10101,10101,10101,217.0,,,408252555.0,Kyrkjevegen,4002.0,75.0,,,6040.0,VIGRA
919447,1532,GISKE,18099241,0,241.0,Hus for dyr/landbr.lager/silo,TB,Tatt i bruk,10101,10101,10101,49.0,,,57164567.0,Jussbakken,7008.0,94.0,,,6055.0,GODØYA
919448,1532,GISKE,18093731,0,241.0,Hus for dyr/landbr.lager/silo,TB,Tatt i bruk,10101,10101,10101,171.0,,,408252555.0,Kyrkjevegen,4002.0,75.0,,,6040.0,VIGRA
919449,1532,GISKE,18099268,0,241.0,Hus for dyr/landbr.lager/silo,TB,Tatt i bruk,10101,10101,10101,44.0,,,57164567.0,Jussbakken,7008.0,94.0,,,6055.0,GODØYA
919450,1532,GISKE,18093758,0,241.0,Hus for dyr/landbr.lager/silo,TB,Tatt i bruk,10101,10101,10101,48.0,,,408252555.0,Kyrkjevegen,4002.0,75.0,,,6040.0,VIGRA
919451,1532,GISKE,18099276,0,113.0,Våningshus,TB,Tatt i bruk,10101,10101,19190101,301.0,,,57164568.0,Jussbakken,7008.0,110.0,,,6055.0,GODØYA
919452,1532,GISKE,18093766,0,241.0,Hus for dyr/landbr.lager/silo,TB,Tatt i bruk,10101,10101,10101,308.0,,,411236445.0,Hamnevegen,4045.0,255.0,,,6040.0,VIGRA
919453,1532,GISKE,18099284,0,241.0,Hus for dyr/landbr.lager/silo,TB,Tatt i bruk,10101,10101,10101,277.0,,,57164568.0,Jussbakken,7008.0,110.0,,,6055.0,GODØYA
919454,1532,GISKE,18093510,0,249.0,Annen landbruksbygning,TB,Tatt i bruk,10101,10101,10101,126.0,,,,,,,,,,
919455,1532,GISKE,18099071,0,111.0,Enebolig,TB,Tatt i bruk,10101,10101,10101,188.0,,,57164549.0,Leiteråsa,7026.0,9.0,,,6055.0,GODØYA
919456,1532,GISKE,18093529,0,113.0,Våningshus,TB,Tatt i bruk,10101,10101,10101,332.0,,,411173508.0,Synesvegen,4003.0,603.0,,,6040.0,VIGRA
919457,1532,GISKE,18099071,1,111.0,Enebolig,TB,Tatt i bruk,19950531,19950703,19950814,153.0,,,57164549.0,Leiteråsa,7026.0,9.0,,,6055.0,GODØYA
919458,1532,GISKE,18093537,0,241.0,Hus for dyr/landbr.lager/silo,TB,Tatt i bruk,10101,10101,10101,514.0,,,411173508.0,Synesvegen,4003.0,603.0,,,6040.0,VIGRA
919459,1532,GISKE,18093545,0,113.0,Våningshus,TB,Tatt i bruk,10101,10101,19300101,281.0,,,411188636.0,Synesvegen,4003.0,749.0,,,6040.0,VIGRA
919460,1532,GISKE,18099098,0,111.0,Enebolig,TB,Tatt i bruk,10101,10101,10101,156.0,,,57164552.0,Godøyvegen,7001.0,370.0,,,6055.0,GODØYA
919461,1532,GISKE,18093472,0,241.0,Hus for dyr/landbr.lager/silo,TB,Tatt i bruk,10101,10101,10101,358.0,,,411188634.0,Synesvegen,4003.0,722.0,,,6040.0,VIGRA
919462,1532,GISKE,18099039,0,111.0,Enebolig,TB,Tatt i bruk,10101,10101,10101,192.0,,,57164530.0,Leitebakken,7025.0,28.0,,,6055.0,GODØYA
919463,1532,GISKE,18093480,0,113.0,Våningshus,BU,Bygningsnummer utgått,10101,10101,10101,202.0,,,411188634.0,Synesvegen,4003.0,722.0,,,6040.0,VIGRA
919464,1532,GISKE,18099047,0,112.0,Enebolig m/hybel/sokkelleil.,FA,Ferdigattest,10101,20150423,10101,191.0,,,57164534.0,Leiteråsa,7026.0,6.0,,,6055.0,GODØYA
919465,1532,GISKE,18093499,0,183.0,Naust båthus sjøbu,TB,Tatt i bruk,10101,10101,10101,107.0,,,411173508.0,Synesvegen,4003.0,603.0,,,6040.0,VIGRA
919466,1532,GISKE,18099055,0,111.0,Enebolig,TB,Tatt i bruk,10101,10101,10101,189.0,,,57164540.0,Leitebakken,7025.0,31.0,,,6055.0,GODØYA
919467,1532,GISKE,18093502,0,183.0,Naust båthus sjøbu,TB,Tatt i bruk,10101,10101,10101,56.0,,,411173508.0,Synesvegen,4003.0,603.0,,,6040.0,VIGRA
919468,1532,GISKE,18099063,0,111.0,Enebolig,TB,Tatt i bruk,10101,10101,10101,146.0,,,57164547.0,Leitebakken,7025.0,38.0,,,6055.0,GODØYA
919469,1532,GISKE,18093618,0,183.0,Naust båthus sjøbu,BR,Bygning revet/brent,10101,10101,10101,36.0,,,411195332.0,Synesvegen,4003.0,785.0,,,6040.0,VIGRA
919470,1532,GISKE,18099144,0,111.0,Enebolig,TB,Tatt i bruk,10101,10101,10101,401.0,,,57164565.0,Godøyvegen,7001.0,184.0,,,6055.0,GODØYA
919471,1532,GISKE,18093626,0,241.0,Hus for dyr/landbr.lager/silo,TB,Tatt i bruk,10101,10101,10101,478.0,,,,,,,,,,
919472,1532,GISKE,18099152,0,181.0,Garasjeuthus anneks til bolig,TB,Tatt i bruk,10101,10101,10101,18.0,,,57164565.0,Godøyvegen,7001.0,184.0,,,6055.0,GODØYA
919473,1532,GISKE,18093634,0,241.0,Hus for dyr/landbr.lager/silo,TB,Tatt i bruk,10101,10101,10101,257.0,,,413470740.0,Bureisingsvegen,4050.0,25.0,,,6040.0,VIGRA
919474,1532,GISKE,18099160,0,124.0,"Våningshus, tomannsb./horisont.",TB,Tatt i bruk,10101,10101,19120101,250.0,,,57164566.0,Jussbakken,7008.0,120.0,,,6055.0,GODØYA
919475,1532,GISKE,18093642,0,113.0,Våningshus,TB,Tatt i bruk,10101,10101,10101,298.0,,,413470740.0,Bureisingsvegen,4050.0,25.0,,,6040.0,VIGRA
919476,1532,GISKE,18099160,1,124.0,"Våningshus, tomannsb./horisont.",TB,Tatt i bruk,19950529,19950601,19971201,21.0,,,57164566.0,Jussbakken,7008.0,120.0,,,6055.0,GODØYA
919477,1532,GISKE,18093553,0,111.0,Enebolig,TB,Tatt i bruk,10101,10101,20050502,207.0,,,411188632.0,Synesvegen,4003.0,697.0,,,6040.0,VIGRA
919478,1532,GISKE,18099101,0,111.0,Enebolig,TB,Tatt i bruk,10101,10101,10101,188.0,,,57164554.0,Godøyvegen,7001.0,179.0,,,6055.0,GODØYA
919479,1532,GISKE,18093561,0,241.0,Hus for dyr/landbr.lager/silo,TB,Tatt i bruk,10101,10101,10101,48.0,,,,,,,,,,
919480,1532,GISKE,18099101,1,111.0,Enebolig,RA,Rammetillatelse,20000727,10101,10101,17.0,,,57164554.0,Godøyvegen,7001.0,179.0,,,6055.0,GODØYA
919481,1532,GISKE,18093588,0,241.0,Hus for dyr/landbr.lager/silo,TB,Tatt i bruk,10101,10101,10101,207.0,,,,,,,,,,
919482,1532,GISKE,18099128,0,111.0,Enebolig,TB,Tatt i bruk,10101,10101,10101,185.0,,,57164555.0,Valkvævegen,7002.0,22.0,,,6055.0,GODØYA
919483,1532,GISKE,18093596,0,113.0,Våningshus,TB,Tatt i bruk,10101,10101,10101,279.0,,,411195332.0,Synesvegen,4003.0,785.0,,,6040.0,VIGRA
919484,1532,GISKE,18099136,0,111.0,Enebolig,TB,Tatt i bruk,10101,10101,10101,188.0,,,57164557.0,Godøyvegen,7001.0,463.0,,,6055.0,GODØYA
919485,1532,GISKE,18093367,0,241.0,Hus for dyr/landbr.lager/silo,BR,Bygning revet/brent,10101,10101,10101,248.0,,,57163998.0,,,,,0.0,6040.0,VIGRA
919486,1532,GISKE,18098946,0,111.0,Enebolig,TB,Tatt i bruk,10101,10101,10101,186.0,,,57164519.0,Leitebakken,7025.0,19.0,,,6055.0,GODØYA
919487,1532,GISKE,18093375,0,113.0,Våningshus,TB,Tatt i bruk,10101,10101,19300101,190.0,,,411188638.0,Synesvegen,4003.0,763.0,,,6040.0,VIGRA
919488,1532,GISKE,18098954,0,111.0,Enebolig,TB,Tatt i bruk,10101,10101,10101,188.0,,,57164521.0,Leitebø,7027.0,3.0,,,6055.0,GODØYA
919489,1532,GISKE,18093375,1,113.0,Våningshus,TB,Tatt i bruk,19970320,19971201,19981101,56.0,,,411188638.0,Synesvegen,4003.0,763.0,,,6040.0,VIGRA
919490,1532,GISKE,18098954,1,111.0,Enebolig,RA,Rammetillatelse,20000915,10101,10101,22.0,,,57164521.0,Leitebø,7027.0,3.0,,,6055.0,GODØYA
919491,1532,GISKE,18098962,0,112.0,Enebolig m/hybel/sokkelleil.,TB,Tatt i bruk,10101,10101,10101,192.0,,,491796901.0,Godøyvegen,7001.0,308.0,,,6055.0,GODØYA
919492,1532,GISKE,18093324,0,241.0,Hus for dyr/landbr.lager/silo,TB,Tatt i bruk,10101,10101,10101,457.0,,,411188629.0,Synesvegen,4003.0,651.0,,,6040.0,VIGRA
919493,1532,GISKE,18093332,0,241.0,Hus for dyr/landbr.lager/silo,TB,Tatt i bruk,10101,10101,10101,51.0,,,411188629.0,Synesvegen,4003.0,651.0,,,6040.0,VIGRA
919494,1532,GISKE,18098903,0,111.0,Enebolig,TB,Tatt i bruk,10101,10101,10101,230.0,,,57164517.0,Leitet,7024.0,29.0,,,6055.0,GODØYA
919495,1532,GISKE,18093340,0,113.0,Våningshus,TB,Tatt i bruk,10101,10101,10101,257.0,,,411188629.0,Synesvegen,4003.0,651.0,,,6040.0,VIGRA
919496,1532,GISKE,18098911,0,722.0,Bo- og behandlingssenter,TB,Tatt i bruk,10101,10101,10101,1033.0,,,57164518.0,Sandmyrvegen,7023.0,4.0,,,6055.0,GODØYA
919497,1532,GISKE,18093359,0,113.0,Våningshus,BU,Bygningsnummer utgått,10101,10101,10101,265.0,,,57163998.0,,,,,0.0,6040.0,VIGRA
919498,1532,GISKE,18098938,0,651.0,Idrettshall,TB,Tatt i bruk,10101,10101,10101,264.0,,,57167003.0,Gøymyrane,7031.0,88.0,,,6055.0,GODØYA
919499,1532,GISKE,18093421,0,241.0,Hus for dyr/landbr.lager/silo,BR,Bygning revet/brent,10101,10101,10101,22.0,,,411173506.0,Synesvegen,4003.0,553.0,,,6040.0,VIGRA
919500,1532,GISKE,18098997,0,111.0,Enebolig,TB,Tatt i bruk,10101,10101,10101,282.0,,,57164525.0,Godøyvegen,7001.0,439.0,,,6055.0,GODØYA
919501,1532,GISKE,18093448,0,241.0,Hus for dyr/landbr.lager/silo,TB,Tatt i bruk,10101,10101,10101,27.0,,,411173506.0,Synesvegen,4003.0,553.0,,,6040.0,VIGRA
919502,1532,GISKE,18099004,0,111.0,Enebolig,TB,Tatt i bruk,10101,10101,10101,188.0,,,57164527.0,Leitet,7024.0,7.0,,,6055.0,GODØYA
919503,1532,GISKE,18093456,0,241.0,Hus for dyr/landbr.lager/silo,TB,Tatt i bruk,10101,10101,10101,157.0,,,411195334.0,Synesvegen,4003.0,819.0,,,6040.0,VIGRA
919504,1532,GISKE,18099012,0,181.0,Garasjeuthus anneks til bolig,TB,Tatt i bruk,10101,10101,10101,29.0,,,57164527.0,Leitet,7024.0,7.0,,,6055.0,GODØYA
919505,1532,GISKE,18093464,0,113.0,Våningshus,TB,Tatt i bruk,10101,10101,19100101,300.0,,,411195334.0,Synesvegen,4003.0,819.0,,,6040.0,VIGRA
919506,1532,GISKE,18099020,0,111.0,Enebolig,TB,Tatt i bruk,10101,10101,10101,190.0,,,57164529.0,Gøymyrane,7031.0,12.0,,,6055.0,GODØYA
919507,1532,GISKE,18093383,0,183.0,Naust båthus sjøbu,TB,Tatt i bruk,10101,10101,10101,30.0,,,,,,,,,,
919508,1532,GISKE,18098970,0,181.0,Garasjeuthus anneks til bolig,TB,Tatt i bruk,10101,10101,10101,26.0,,,,,,,,,,
919509,1532,GISKE,18093391,0,113.0,Våningshus,TB,Tatt i bruk,10101,10101,19500101,296.0,,,411195329.0,Synesvegen,4003.0,765.0,,,6040.0,VIGRA
919510,1532,GISKE,18098989,0,111.0,Enebolig,TB,Tatt i bruk,10101,10101,10101,173.0,,,57164524.0,Leitebakken,7025.0,21.0,,,6055.0,GODØYA
919511,1532,GISKE,18093405,0,123.0,"Våningshus, tomannsb./vertikal.",TB,Tatt i bruk,10101,10101,19060101,383.0,,,411173506.0,Synesvegen,4003.0,553.0,,,6040.0,VIGRA
919512,1532,GISKE,18098989,1,111.0,Enebolig,TB,Tatt i bruk,19970829,19981201,19990301,57.0,,,57164524.0,Leitebakken,7025.0,21.0,,,6055.0,GODØYA
919513,1532,GISKE,18093413,0,241.0,Hus for dyr/landbr.lager/silo,TB,Tatt i bruk,10101,10101,10101,468.0,,,411173506.0,Synesvegen,4003.0,553.0,,,6040.0,VIGRA
919514,1532,GISKE,18090880,0,113.0,Våningshus,TB,Tatt i bruk,10101,10101,19000101,271.0,,,424102013.0,Vikevegen,4040.0,224.0,,,6040.0,VIGRA
919515,1532,GISKE,18096269,0,249.0,Annen landbruksbygning,TB,Tatt i bruk,10101,10101,10101,87.0,,,,,,,,,,
919516,1532,GISKE,18090899,0,113.0,Våningshus,TB,Tatt i bruk,10101,10101,19600101,208.0,,,424102014.0,Vikevegen,4040.0,226.0,,,6040.0,VIGRA
919517,1532,GISKE,18090902,0,241.0,Hus for dyr/landbr.lager/silo,TB,Tatt i bruk,10101,10101,10101,294.0,,,424102013.0,Vikevegen,4040.0,224.0,,,6040.0,VIGRA
919518,1532,GISKE,18096285,0,241.0,Hus for dyr/landbr.lager/silo,TB,Tatt i bruk,10101,10101,10101,559.0,,,,,,,,,,
919519,1532,GISKE,18090910,0,241.0,Hus for dyr/landbr.lager/silo,TB,Tatt i bruk,10101,10101,10101,485.0,,,411170603.0,Synesvegen,4003.0,208.0,,,6040.0,VIGRA
919520,1532,GISKE,18096285,1,241.0,Hus for dyr/landbr.lager/silo,TB,Tatt i bruk,19970429,19970929,19971201,144.0,,,57164386.0,Godøyvegen,7001.0,119.0,,,6055.0,GODØYA
919521,1532,GISKE,18096226,0,183.0,Naust båthus sjøbu,TB,Tatt i bruk,10101,10101,10101,65.0,,,,,,,,,,
919522,1532,GISKE,18090856,0,113.0,Våningshus,TB,Tatt i bruk,10101,10101,10101,211.0,,,408369783.0,Remane,4062.0,99.0,,,6040.0,VIGRA
919523,1532,GISKE,18096234,0,181.0,Garasjeuthus anneks til bolig,TB,Tatt i bruk,10101,10101,10101,46.0,,,,,,,,,,
919524,1532,GISKE,18090864,0,241.0,Hus for dyr/landbr.lager/silo,TB,Tatt i bruk,10101,10101,10101,21.0,,,408369783.0,Remane,4062.0,99.0,,,6040.0,VIGRA
919525,1532,GISKE,18096242,0,241.0,Hus for dyr/landbr.lager/silo,TB,Tatt i bruk,10101,10101,10101,216.0,,,,,,,,,,
919526,1532,GISKE,18090872,0,241.0,Hus for dyr/landbr.lager/silo,TB,Tatt i bruk,10101,10101,10101,49.0,,,424102013.0,Vikevegen,4040.0,224.0,,,6040.0,VIGRA
919527,1532,GISKE,18096250,0,113.0,Våningshus,TB,Tatt i bruk,10101,10101,19000101,262.0,,,57167951.0,Godøyvegen,7001.0,111.0,,,6055.0,GODØYA
919528,1532,GISKE,18090961,0,113.0,Våningshus,TB,Tatt i bruk,10101,10101,10101,222.0,,,411404667.0,Blindheimsgarden,4035.0,167.0,,,6040.0,VIGRA
919529,1532,GISKE,18096323,0,241.0,Hus for dyr/landbr.lager/silo,TB,Tatt i bruk,10101,10101,10101,261.0,,,,,,,,,,
919530,1532,GISKE,18090988,0,241.0,Hus for dyr/landbr.lager/silo,TB,Tatt i bruk,10101,10101,10101,515.0,,,411404667.0,Blindheimsgarden,4035.0,167.0,,,6040.0,VIGRA
919531,1532,GISKE,18096358,0,249.0,Annen landbruksbygning,TB,Tatt i bruk,10101,10101,10101,22.0,,,57164388.0,Godøyvegen,7001.0,317.0,,,6055.0,GODØYA
919532,1532,GISKE,18090996,0,241.0,Hus for dyr/landbr.lager/silo,GR,Bygning godkjent for riving/brenning,10101,10101,10101,36.0,,,411404667.0,Blindheimsgarden,4035.0,167.0,,,6040.0,VIGRA
919533,1532,GISKE,18096366,0,113.0,Våningshus,TB,Tatt i bruk,10101,10101,10101,187.0,,,57164388.0,Godøyvegen,7001.0,317.0,,,6055.0,GODØYA
919534,1532,GISKE,18091003,0,113.0,Våningshus,BR,Bygning revet/brent,10101,10101,10101,214.0,,,,,,,,,,
919535,1532,GISKE,18096374,0,241.0,Hus for dyr/landbr.lager/silo,TB,Tatt i bruk,10101,10101,10101,164.0,,,57164388.0,Godøyvegen,7001.0,317.0,,,6055.0,GODØYA
919536,1532,GISKE,18090929,0,241.0,Hus for dyr/landbr.lager/silo,TB,Tatt i bruk,10101,10101,10101,313.0,,,,,,,,,,
919537,1532,GISKE,18090937,0,113.0,Våningshus,TB,Tatt i bruk,10101,10101,19300101,170.0,,,408369781.0,Remane,4062.0,85.0,,,6040.0,VIGRA
919538,1532,GISKE,18096293,0,183.0,Naust båthus sjøbu,TB,Tatt i bruk,10101,10101,10101,68.0,,,57164386.0,Godøyvegen,7001.0,119.0,,,6055.0,GODØYA
919539,1532,GISKE,18090945,0,241.0,Hus for dyr/landbr.lager/silo,TB,Tatt i bruk,10101,10101,10101,43.0,,,408369781.0,Remane,4062.0,85.0,,,6040.0,VIGRA
919540,1532,GISKE,18096307,0,183.0,Naust båthus sjøbu,TB,Tatt i bruk,10101,10101,10101,31.0,,,,,,,,,,
919541,1532,GISKE,18090953,0,249.0,Annen landbruksbygning,TB,Tatt i bruk,10101,10101,10101,30.0,,,411404667.0,Blindheimsgarden,4035.0,167.0,,,6040.0,VIGRA
919542,1532,GISKE,18096315,0,113.0,Våningshus,TB,Tatt i bruk,10101,10101,10101,353.0,,,57164387.0,Godøyvegen,7001.0,239.0,,,6055.0,GODØYA
919543,1532,GISKE,18090759,0,162.0,Helårsb.benyttes som fritidsb.,TB,Tatt i bruk,10101,10101,10101,253.0,,,411389288.0,Blindheimsgarden,4035.0,63.0,,,6040.0,VIGRA
919544,1532,GISKE,18096099,0,183.0,Naust båthus sjøbu,TB,Tatt i bruk,10101,10101,10101,61.0,,,57164383.0,Høgsteinvegen,7020.0,2.0,,,6055.0,GODØYA
919545,1532,GISKE,18090767,0,113.0,Våningshus,TB,Tatt i bruk,10101,10101,10101,318.0,,,411404659.0,Blindheimsgarden,4035.0,65.0,,,6040.0,VIGRA
919546,1532,GISKE,18096102,0,241.0,Hus for dyr/landbr.lager/silo,TB,Tatt i bruk,10101,10101,10101,76.0,,,57164383.0,Høgsteinvegen,7020.0,2.0,,,6055.0,GODØYA
919547,1532,GISKE,18090775,0,241.0,Hus for dyr/landbr.lager/silo,TB,Tatt i bruk,10101,10101,10101,604.0,,,411389288.0,Blindheimsgarden,4035.0,63.0,,,6040.0,VIGRA
919548,1532,GISKE,18096110,0,113.0,Våningshus,TB,Tatt i bruk,10101,10101,19080101,342.0,,,57164384.0,Godøyvegen,7001.0,645.0,,,6055.0,GODØYA
919549,1532,GISKE,18090783,0,241.0,Hus for dyr/landbr.lager/silo,TB,Tatt i bruk,10101,10101,10101,45.0,,,411389288.0,Blindheimsgarden,4035.0,63.0,,,6040.0,VIGRA
919550,1532,GISKE,18096129,0,113.0,Våningshus,TB,Tatt i bruk,10101,10101,19830101,206.0,,,507824549.0,Godøyvegen,7001.0,647.0,,,6055.0,GODØYA
919551,1532,GISKE,18090732,0,113.0,Våningshus,TB,Tatt i bruk,10101,10101,19700101,258.0,,,411672789.0,Blindheimsgarden,4035.0,35.0,,,6040.0,VIGRA
919552,1532,GISKE,18096056,0,241.0,Hus for dyr/landbr.lager/silo,TB,Tatt i bruk,10101,10101,10101,366.0,,,,,,,,,,
919553,1532,GISKE,18090732,1,113.0,Våningshus,TB,Tatt i bruk,19951102,19960716,19971201,42.0,,,411672790.0,Blindheimsgarden,4035.0,37.0,,,6040.0,VIGRA
919554,1532,GISKE,18096064,0,241.0,Hus for dyr/landbr.lager/silo,TB,Tatt i bruk,10101,10101,10101,47.0,,,,,,,,,,
919555,1532,GISKE,18096072,0,241.0,Hus for dyr/landbr.lager/silo,TB,Tatt i bruk,10101,10101,10101,54.0,,,,,,,,,,
919556,1532,GISKE,18090740,0,241.0,Hus for dyr/landbr.lager/silo,TB,Tatt i bruk,10101,10101,10101,265.0,,,,,,,,,,
919557,1532,GISKE,18096080,0,183.0,Naust båthus sjøbu,TB,Tatt i bruk,10101,10101,10101,98.0,,,,,,,,,,
919558,1532,GISKE,18090848,0,113.0,Våningshus,TB,Tatt i bruk,10101,10101,10101,251.0,,,411166959.0,Synesvegen,4003.0,124.0,,,6040.0,VIGRA
919559,1532,GISKE,18096188,0,183.0,Naust båthus sjøbu,TB,Tatt i bruk,10101,10101,10101,40.0,,,57164384.0,Godøyvegen,7001.0,645.0,,,6055.0,GODØYA
919560,1532,GISKE,18090848,1,113.0,Våningshus,TB,Tatt i bruk,20060308,20060308,20061108,25.0,,,,,,,,,,
919561,1532,GISKE,18096196,0,113.0,Våningshus,TB,Tatt i bruk,10101,10101,18700101,351.0,,,57167947.0,Godøyvegen,7001.0,340.0,,,6055.0,GODØYA
919562,1532,GISKE,18096218,0,241.0,Hus for dyr/landbr.lager/silo,TB,Tatt i bruk,10101,10101,10101,615.0,,,57164385.0,Godøyvegen,7001.0,342.0,,,6055.0,GODØYA
919563,1532,GISKE,18090848,2,113.0,Våningshus,TB,Tatt i bruk,20060308,20060308,20061108,0.0,,,,,,,,,,
919564,1532,GISKE,18096218,1,241.0,Hus for dyr/landbr.lager/silo,RA,Rammetillatelse,19980605,10101,10101,171.0,,,57164385.0,Godøyvegen,7001.0,342.0,,,6055.0,GODØYA
919565,1532,GISKE,18090791,0,241.0,Hus for dyr/landbr.lager/silo,TB,Tatt i bruk,10101,10101,10101,135.0,,,411389288.0,Blindheimsgarden,4035.0,63.0,,,6040.0,VIGRA
919566,1532,GISKE,18096137,0,241.0,Hus for dyr/landbr.lager/silo,TB,Tatt i bruk,10101,10101,10101,256.0,,,,,,,,,,
919567,1532,GISKE,18090805,0,241.0,Hus for dyr/landbr.lager/silo,BR,Bygning revet/brent,10101,10101,10101,418.0,,,,,,,,,,
919568,1532,GISKE,18096145,0,241.0,Hus for dyr/landbr.lager/silo,TB,Tatt i bruk,10101,10101,10101,74.0,,,,,,,,,,
919569,1532,GISKE,18090813,0,113.0,Våningshus,TB,Tatt i bruk,10101,10101,19000101,225.0,,,412752860.0,Malivegen,4037.0,90.0,,,6040.0,VIGRA
919570,1532,GISKE,18096153,0,241.0,Hus for dyr/landbr.lager/silo,TB,Tatt i bruk,10101,10101,10101,17.0,,,,,,,,,,
919571,1532,GISKE,18090821,0,241.0,Hus for dyr/landbr.lager/silo,TB,Tatt i bruk,10101,10101,10101,313.0,,,,,,,,,,
919572,1532,GISKE,18096161,0,183.0,Naust båthus sjøbu,TB,Tatt i bruk,10101,10101,10101,92.0,,,57164384.0,Godøyvegen,7001.0,645.0,,,6055.0,GODØYA
919573,1532,GISKE,18090589,0,241.0,Hus for dyr/landbr.lager/silo,TB,Tatt i bruk,10101,10101,10101,26.0,,,,,,,,,,
919574,1532,GISKE,18095912,0,241.0,Hus for dyr/landbr.lager/silo,TB,Tatt i bruk,10101,10101,10101,540.0,,,57164378.0,Kamsdalsvegen,7016.0,31.0,,,6055.0,GODØYA
919575,1532,GISKE,18090597,0,124.0,"Våningshus, tomannsb./horisont.",TB,Tatt i bruk,10101,10101,10101,374.0,,,411414179.0,Blindheimsgarden,4035.0,183.0,,,6040.0,VIGRA
919576,1532,GISKE,18095920,0,113.0,Våningshus,TB,Tatt i bruk,10101,10101,19500101,291.0,,,57164379.0,Godøyvegen,7001.0,711.0,,,6055.0,GODØYA
919577,1532,GISKE,18090600,0,241.0,Hus for dyr/landbr.lager/silo,TB,Tatt i bruk,10101,10101,10101,523.0,,,,,,,,,,
919578,1532,GISKE,18095939,0,241.0,Hus for dyr/landbr.lager/silo,BR,Bygning revet/brent,10101,10101,10101,16.0,,,57164379.0,Godøyvegen,7001.0,711.0,,,6055.0,GODØYA
919579,1532,GISKE,18090619,0,241.0,Hus for dyr/landbr.lager/silo,TB,Tatt i bruk,10101,10101,10101,74.0,,,,,,,,,,
919580,1532,GISKE,18095947,0,241.0,Hus for dyr/landbr.lager/silo,TB,Tatt i bruk,10101,10101,10101,436.0,,,57164379.0,Godøyvegen,7001.0,711.0,,,6055.0,GODØYA
919581,1532,GISKE,18090546,0,113.0,Våningshus,BR,Bygning revet/brent,10101,10101,19000101,282.0,,,411170607.0,Synesvegen,4003.0,262.0,,,6040.0,VIGRA
919582,1532,GISKE,18095874,0,249.0,Annen landbruksbygning,TB,Tatt i bruk,10101,10101,10101,44.0,,,57164377.0,Godøyvegen,7001.0,475.0,,,6055.0,GODØYA
919583,1532,GISKE,18090554,0,241.0,Hus for dyr/landbr.lager/silo,TB,Tatt i bruk,10101,10101,10101,542.0,,,,,,,,,,
919584,1532,GISKE,18095882,0,161.0,Fritidsbygg(hyttersommerh. ol,TB,Tatt i bruk,10101,10101,10101,278.0,,,57164378.0,Kamsdalsvegen,7016.0,31.0,,,6055.0,GODØYA
919585,1532,GISKE,18090562,0,241.0,Hus for dyr/landbr.lager/silo,TB,Tatt i bruk,10101,10101,10101,20.0,,,,,,,,,,
919586,1532,GISKE,18095890,0,241.0,Hus for dyr/landbr.lager/silo,TB,Tatt i bruk,10101,10101,10101,555.0,,,57164378.0,Kamsdalsvegen,7016.0,31.0,,,6055.0,GODØYA
919587,1532,GISKE,18090570,0,241.0,Hus for dyr/landbr.lager/silo,TB,Tatt i bruk,10101,10101,10101,26.0,,,,,,,,,,
919588,1532,GISKE,18095904,0,249.0,Annen landbruksbygning,TB,Tatt i bruk,10101,10101,10101,91.0,,,57164378.0,Kamsdalsvegen,7016.0,31.0,,,6055.0,GODØYA
919589,1532,GISKE,18090694,0,111.0,Enebolig,TB,Tatt i bruk,10101,10101,18900101,254.0,,,411612881.0,Gatå,4036.0,41.0,,,6040.0,VIGRA
919590,1532,GISKE,18096005,0,113.0,Våningshus,TB,Tatt i bruk,10101,10101,10101,277.0,,,57164381.0,Godøyvegen,7001.0,256.0,,,6055.0,GODØYA
919591,1532,GISKE,18090708,0,162.0,Helårsb.benyttes som fritidsb.,TB,Tatt i bruk,10101,10101,10101,340.0,,,411404668.0,Blindheimsgarden,4035.0,169.0,,,6040.0,VIGRA
919592,1532,GISKE,18096013,0,241.0,Hus for dyr/landbr.lager/silo,TB,Tatt i bruk,10101,10101,10101,172.0,,,57164381.0,Godøyvegen,7001.0,256.0,,,6055.0,GODØYA
919593,1532,GISKE,18090716,0,241.0,Hus for dyr/landbr.lager/silo,TB,Tatt i bruk,10101,10101,10101,90.0,,,,,,,,,,
919594,1532,GISKE,18096021,0,183.0,Naust båthus sjøbu,TB,Tatt i bruk,10101,10101,10101,53.0,,,57164381.0,Godøyvegen,7001.0,256.0,,,6055.0,GODØYA
919595,1532,GISKE,18090724,0,113.0,Våningshus,TB,Tatt i bruk,10101,10101,18700101,263.0,,,411672790.0,Blindheimsgarden,4035.0,37.0,,,6040.0,VIGRA
919596,1532,GISKE,18096048,0,241.0,Hus for dyr/landbr.lager/silo,BR,Bygning revet/brent,10101,10101,10101,17.0,,,57164381.0,Godøyvegen,7001.0,256.0,,,6055.0,GODØYA
919597,1532,GISKE,18090627,0,241.0,Hus for dyr/landbr.lager/silo,TB,Tatt i bruk,10101,10101,10101,29.0,,,,,,,,,,
919598,1532,GISKE,18095955,0,113.0,Våningshus,TB,Tatt i bruk,10101,10101,19520101,276.0,,,57164380.0,Godøyvegen,7001.0,691.0,,,6055.0,GODØYA
919599,1532,GISKE,18090635,0,241.0,Hus for dyr/landbr.lager/silo,TB,Tatt i bruk,10101,10101,10101,537.0,,,411519731.0,Blindheimsgarden,4035.0,276.0,,,6040.0,VIGRA
919600,1532,GISKE,18095963,0,241.0,Hus for dyr/landbr.lager/silo,TB,Tatt i bruk,10101,10101,10101,25.0,,,57164380.0,Godøyvegen,7001.0,691.0,,,6055.0,GODØYA
919601,1532,GISKE,18090678,0,241.0,Hus for dyr/landbr.lager/silo,TB,Tatt i bruk,10101,10101,10101,415.0,,,411519731.0,Blindheimsgarden,4035.0,276.0,,,6040.0,VIGRA
919602,1532,GISKE,18095971,0,241.0,Hus for dyr/landbr.lager/silo,TB,Tatt i bruk,10101,10101,10101,432.0,,,57164380.0,Godøyvegen,7001.0,691.0,,,6055.0,GODØYA
919603,1532,GISKE,18090686,0,241.0,Hus for dyr/landbr.lager/silo,TB,Tatt i bruk,10101,10101,10101,98.0,,,411612881.0,Gatå,4036.0,41.0,,,6040.0,VIGRA
919604,1532,GISKE,18095998,0,183.0,Naust båthus sjøbu,TB,Tatt i bruk,10101,10101,10101,36.0,,,57164380.0,Godøyvegen,7001.0,691.0,,,6055.0,GODØYA
919605,1532,GISKE,18090449,0,241.0,Hus for dyr/landbr.lager/silo,TB,Tatt i bruk,10101,10101,10101,85.0,,,411510186.0,Blindheimsgarden,4035.0,201.0,,,6040.0,VIGRA
919606,1532,GISKE,18095742,0,183.0,Naust båthus sjøbu,TB,Tatt i bruk,10101,10101,10101,46.0,,,,,,,,,,
919607,1532,GISKE,18090457,0,241.0,Hus for dyr/landbr.lager/silo,TB,Tatt i bruk,10101,10101,10101,28.0,,,411510186.0,Blindheimsgarden,4035.0,201.0,,,6040.0,VIGRA
919608,1532,GISKE,18095750,0,113.0,Våningshus,TB,Tatt i bruk,10101,10101,10101,301.0,,,57164374.0,Godøyvegen,7001.0,571.0,,,6055.0,GODØYA
919609,1532,GISKE,18090465,0,113.0,Våningshus,TB,Tatt i bruk,10101,10101,10101,166.0,,,411612882.0,Gatå,4036.0,129.0,,,6040.0,VIGRA
919610,1532,GISKE,18095769,0,241.0,Hus for dyr/landbr.lager/silo,TB,Tatt i bruk,10101,10101,10101,425.0,,,57164374.0,Godøyvegen,7001.0,571.0,,,6055.0,GODØYA
919611,1532,GISKE,18090473,0,113.0,Våningshus,BU,Bygningsnummer utgått,10101,10101,10101,196.0,,,411510185.0,Blindheimsgarden,4035.0,190.0,,,6040.0,VIGRA
919612,1532,GISKE,18095777,0,241.0,Hus for dyr/landbr.lager/silo,TB,Tatt i bruk,10101,10101,10101,31.0,,,57164374.0,Godøyvegen,7001.0,571.0,,,6055.0,GODØYA
919613,1532,GISKE,18090430,1,241.0,Hus for dyr/landbr.lager/silo,TB,Tatt i bruk,19940823,19940912,19950811,168.0,,,411510186.0,Blindheimsgarden,4035.0,201.0,,,6040.0,VIGRA
919614,1532,GISKE,18095718,2,241.0,Hus for dyr/landbr.lager/silo,IG,Igangsettingstillatelse,20020311,20020823,10101,134.0,,,57164373.0,Godøyvegen,7001.0,400.0,,,6055.0,GODØYA
919615,1532,GISKE,18090430,2,241.0,Hus for dyr/landbr.lager/silo,TB,Tatt i bruk,19950623,19961015,19990115,201.0,,,411510186.0,Blindheimsgarden,4035.0,201.0,,,6040.0,VIGRA
919616,1532,GISKE,18095726,0,241.0,Hus for dyr/landbr.lager/silo,TB,Tatt i bruk,10101,10101,10101,4.0,,,57164373.0,Godøyvegen,7001.0,400.0,,,6055.0,GODØYA
919617,1532,GISKE,18095734,0,241.0,Hus for dyr/landbr.lager/silo,TB,Tatt i bruk,10101,10101,10101,146.0,,,57164373.0,Godøyvegen,7001.0,400.0,,,6055.0,GODØYA
919618,1532,GISKE,18095823,0,111.0,Enebolig,BR,Bygning revet/brent,10101,10101,10101,208.0,,,,,,,,,,
919619,1532,GISKE,18090538,0,671.0,Kirke kapell,TB,Tatt i bruk,10101,10101,10101,553.0,,,408356096.0,Kyrkjevegen,4002.0,661.0,,,6040.0,VIGRA
919620,1532,GISKE,18095831,0,113.0,Våningshus,TB,Tatt i bruk,10101,10101,19510101,309.0,,,328675327.0,Godøyvegen,7001.0,483.0,,,6055.0,GODØYA
919621,1532,GISKE,18090538,1,671.0,Kirke kapell,TB,Tatt i bruk,19930216,19940103,19941201,11.0,,,408356096.0,Kyrkjevegen,4002.0,661.0,,,6040.0,VIGRA
919622,1532,GISKE,18095858,0,241.0,Hus for dyr/landbr.lager/silo,TB,Tatt i bruk,10101,10101,10101,411.0,,,57164377.0,Godøyvegen,7001.0,475.0,,,6055.0,GODØYA
919623,1532,GISKE,18095866,0,249.0,Annen landbruksbygning,TB,Tatt i bruk,10101,10101,10101,144.0,,,57164377.0,Godøyvegen,7001.0,475.0,,,6055.0,GODØYA
919624,1532,GISKE,18090481,0,241.0,Hus for dyr/landbr.lager/silo,TB,Tatt i bruk,10101,10101,10101,349.0,,,,,,,,,,
919625,1532,GISKE,18095785,0,183.0,Naust båthus sjøbu,TB,Tatt i bruk,10101,10101,10101,51.0,,,57164375.0,Kamsdalsvegen,7016.0,2.0,,,6055.0,GODØYA
919626,1532,GISKE,18090503,0,241.0,Hus for dyr/landbr.lager/silo,TB,Tatt i bruk,10101,10101,10101,32.0,,,,,,,,,,
919627,1532,GISKE,18095793,0,241.0,Hus for dyr/landbr.lager/silo,TB,Tatt i bruk,10101,10101,10101,458.0,,,57164375.0,Kamsdalsvegen,7016.0,2.0,,,6055.0,GODØYA
919628,1532,GISKE,18090511,0,241.0,Hus for dyr/landbr.lager/silo,TB,Tatt i bruk,10101,10101,10101,88.0,,,,,,,,,,
919629,1532,GISKE,18095807,0,113.0,Våningshus,TB,Tatt i bruk,10101,10101,10101,460.0,,,57167943.0,Kamsdalsvegen,7016.0,6.0,,,6055.0,GODØYA
919630,1532,GISKE,18090511,1,241.0,Hus for dyr/landbr.lager/silo,TB,Tatt i bruk,19950808,19950904,19951004,33.0,,,411510185.0,Blindheimsgarden,4035.0,190.0,,,6040.0,VIGRA
919631,1532,GISKE,18095815,0,241.0,Hus for dyr/landbr.lager/silo,TB,Tatt i bruk,10101,10101,10101,36.0,,,57164375.0,Kamsdalsvegen,7016.0,2.0,,,6055.0,GODØYA
919632,1532,GISKE,18091224,0,241.0,Hus for dyr/landbr.lager/silo,TB,Tatt i bruk,10101,10101,10101,53.0,,,408369780.0,Remane,4062.0,53.0,,,6040.0,VIGRA
919633,1532,GISKE,18091232,0,241.0,Hus for dyr/landbr.lager/silo,TB,Tatt i bruk,10101,10101,10101,32.0,,,408369780.0,Remane,4062.0,53.0,,,6040.0,VIGRA
919634,1532,GISKE,18091240,0,241.0,Hus for dyr/landbr.lager/silo,TB,Tatt i bruk,10101,10101,10101,453.0,,,412752861.0,Malivegen,4037.0,121.0,,,6040.0,VIGRA
919635,1532,GISKE,18091259,0,113.0,Våningshus,TB,Tatt i bruk,10101,10101,10101,179.0,,,412752861.0,Malivegen,4037.0,121.0,,,6040.0,VIGRA
919636,1532,GISKE,18091186,0,181.0,Garasjeuthus anneks til bolig,TB,Tatt i bruk,10101,10101,10101,37.0,,,,,,,,,,
919637,1532,GISKE,18091194,0,113.0,Våningshus,TB,Tatt i bruk,10101,10101,10101,230.0,,,412122133.0,Blindheimsgarden,4035.0,225.0,,,6040.0,VIGRA
919638,1532,GISKE,18091208,0,241.0,Hus for dyr/landbr.lager/silo,TB,Tatt i bruk,10101,10101,10101,21.0,,,408369780.0,Remane,4062.0,53.0,,,6040.0,VIGRA
919639,1532,GISKE,18091216,0,113.0,Våningshus,TB,Tatt i bruk,10101,10101,10101,207.0,,,408369780.0,Remane,4062.0,53.0,,,6040.0,VIGRA
919640,1532,GISKE,18091267,0,241.0,Hus for dyr/landbr.lager/silo,TB,Tatt i bruk,10101,10101,10101,251.0,,,411519733.0,Blindheimsgarden,4035.0,320.0,,,6040.0,VIGRA
919641,1532,GISKE,18091062,0,111.0,Enebolig,TB,Tatt i bruk,10101,10101,10101,202.0,,,407953851.0,Postvegen,4001.0,48.0,,,6040.0,VIGRA
919642,1532,GISKE,18096420,0,181.0,Garasjeuthus anneks til bolig,TB,Tatt i bruk,10101,10101,10101,32.0,,,57164389.0,Godøyvegen,7001.0,90.0,,,6055.0,GODØYA
919643,1532,GISKE,18091070,0,522.0,Vandre-/feriehjem,TB,Tatt i bruk,10101,10101,10101,423.0,,,407953850.0,Postvegen,4001.0,46.0,,,6040.0,VIGRA
919644,1532,GISKE,18096439,0,181.0,Garasjeuthus anneks til bolig,TB,Tatt i bruk,10101,10101,10101,68.0,,,57164389.0,Godøyvegen,7001.0,90.0,,,6055.0,GODØYA
919645,1532,GISKE,18091070,1,522.0,Vandre-/feriehjem,TB,Tatt i bruk,20000907,10101,10101,32.0,,,407953850.0,Postvegen,4001.0,46.0,,,6040.0,VIGRA
919646,1532,GISKE,18096447,0,183.0,Naust båthus sjøbu,TB,Tatt i bruk,10101,10101,10101,20.0,,,57164390.0,Godøyvegen,7001.0,372.0,,,6055.0,GODØYA
919647,1532,GISKE,18096455,0,111.0,Enebolig,TB,Tatt i bruk,10101,10101,10101,241.0,,,57164390.0,Godøyvegen,7001.0,372.0,,,6055.0,GODØYA
919648,1532,GISKE,18091089,0,181.0,Garasjeuthus anneks til bolig,TB,Tatt i bruk,10101,10101,10101,7.0,,,,,,,,,,
919649,1532,GISKE,18091011,0,113.0,Våningshus,TB,Tatt i bruk,10101,10101,19700101,196.0,,,407953852.0,Postvegen,4001.0,60.0,,,6040.0,VIGRA
919650,1532,GISKE,18096390,0,181.0,Garasjeuthus anneks til bolig,TB,Tatt i bruk,10101,10101,10101,76.0,,,57164389.0,Godøyvegen,7001.0,90.0,,,6055.0,GODØYA
919651,1532,GISKE,18091038,0,241.0,Hus for dyr/landbr.lager/silo,TB,Tatt i bruk,10101,10101,10101,127.0,,,,,,,,,,
919652,1532,GISKE,18096404,0,111.0,Enebolig,TB,Tatt i bruk,10101,10101,10101,226.0,,,57164389.0,Godøyvegen,7001.0,90.0,,,6055.0,GODØYA
919653,1532,GISKE,18091046,0,181.0,Garasjeuthus anneks til bolig,TB,Tatt i bruk,10101,10101,10101,72.0,,,,,,,,,,
919654,1532,GISKE,18096404,1,111.0,Enebolig,RA,Rammetillatelse,19960620,10101,10101,10.0,,,,,,,,,,
919655,1532,GISKE,18091054,0,111.0,Enebolig,TB,Tatt i bruk,10101,10101,10101,270.0,,,407950755.0,Postvegen,4001.0,36.0,,,6040.0,VIGRA
919656,1532,GISKE,18096412,0,181.0,Garasjeuthus anneks til bolig,TB,Tatt i bruk,10101,10101,10101,69.0,,,57164389.0,Godøyvegen,7001.0,90.0,,,6055.0,GODØYA
919657,1532,GISKE,18096528,0,113.0,Våningshus,TB,Tatt i bruk,10101,10101,10101,262.0,,,57164392.0,Godøyvegen,7001.0,221.0,,,6055.0,GODØYA
919658,1532,GISKE,18091135,0,241.0,Hus for dyr/landbr.lager/silo,TB,Tatt i bruk,10101,10101,10101,141.0,,,411157668.0,Synesvegen,4003.0,186.0,,,6040.0,VIGRA
919659,1532,GISKE,18096536,0,241.0,Hus for dyr/landbr.lager/silo,TB,Tatt i bruk,10101,10101,10101,187.0,,,57164392.0,Godøyvegen,7001.0,221.0,,,6055.0,GODØYA
919660,1532,GISKE,18091143,0,113.0,Våningshus,TB,Tatt i bruk,10101,10101,10101,197.0,,,411157668.0,Synesvegen,4003.0,186.0,,,6040.0,VIGRA
919661,1532,GISKE,18091151,0,113.0,Våningshus,TB,Tatt i bruk,10101,10101,10101,184.0,,,411612880.0,Gatå,4036.0,4.0,,,6040.0,VIGRA
919662,1532,GISKE,18091178,0,241.0,Hus for dyr/landbr.lager/silo,TB,Tatt i bruk,10101,10101,10101,259.0,,,,,,,,,,
919663,1532,GISKE,18096463,0,183.0,Naust båthus sjøbu,TB,Tatt i bruk,10101,10101,10101,40.0,,,57164391.0,Godøyvegen,7001.0,207.0,,,6055.0,GODØYA
919664,1532,GISKE,18091097,0,239.0,Annen lagerbygning,TB,Tatt i bruk,10101,10101,10101,40.0,,,407953850.0,Postvegen,4001.0,46.0,,,6040.0,VIGRA
919665,1532,GISKE,18096471,0,113.0,Våningshus,TB,Tatt i bruk,10101,10101,10101,243.0,,,57167956.0,Godøyvegen,7001.0,205.0,,,6055.0,GODØYA
919666,1532,GISKE,18091100,0,181.0,Garasjeuthus anneks til bolig,TB,Tatt i bruk,10101,10101,10101,31.0,,,,,,,,,,
919667,1532,GISKE,18096498,0,113.0,Våningshus,TB,Tatt i bruk,10101,10101,10101,245.0,,,57164391.0,Godøyvegen,7001.0,207.0,,,6055.0,GODØYA
919668,1532,GISKE,18091119,0,241.0,Hus for dyr/landbr.lager/silo,TB,Tatt i bruk,10101,10101,10101,179.0,,,411157660.0,Synesvegen,4003.0,119.0,,,6040.0,VIGRA
919669,1532,GISKE,18096501,0,241.0,Hus for dyr/landbr.lager/silo,TB,Tatt i bruk,10101,10101,10101,389.0,,,57164391.0,Godøyvegen,7001.0,207.0,,,6055.0,GODØYA
919670,1532,GISKE,18091127,0,124.0,"Våningshus, tomannsb./horisont.",TB,Tatt i bruk,10101,10101,10101,308.0,,,411157660.0,Synesvegen,4003.0,119.0,,,6040.0,VIGRA
919671,1532,GISKE,18093316,0,111.0,Enebolig,TB,Tatt i bruk,10101,10101,19720101,256.0,,,411612879.0,Røssvikvegen,4047.0,193.0,,,6040.0,VIGRA
919672,1532,GISKE,18093294,2,111.0,Enebolig,TB,Tatt i bruk,20051010,20051010,20051210,0.0,,,,,,,,,,
919673,1532,GISKE,18093308,0,111.0,Enebolig,TB,Tatt i bruk,10101,10101,10101,182.0,,,411519736.0,Røssvikgarden,4046.0,59.0,,,6040.0,VIGRA
919674,1532,GISKE,18093189,0,241.0,Hus for dyr/landbr.lager/silo,TB,Tatt i bruk,10101,10101,10101,303.0,,,408292351.0,Kyrkjevegen,4002.0,278.0,,,6040.0,VIGRA
919675,1532,GISKE,18093197,0,241.0,Hus for dyr/landbr.lager/silo,TB,Tatt i bruk,10101,10101,10101,49.0,,,408292349.0,Kyrkjevegen,4002.0,250.0,,,6040.0,VIGRA
919676,1532,GISKE,18093200,0,113.0,Våningshus,TB,Tatt i bruk,10101,10101,10101,260.0,,,408292349.0,Kyrkjevegen,4002.0,250.0,,,6040.0,VIGRA
919677,1532,GISKE,18093219,0,241.0,Hus for dyr/landbr.lager/silo,TB,Tatt i bruk,10101,10101,10101,293.0,,,408292349.0,Kyrkjevegen,4002.0,250.0,,,6040.0,VIGRA
919678,1532,GISKE,18093146,0,113.0,Våningshus,TB,Tatt i bruk,10101,10101,19100101,199.0,,,411595278.0,Røssvikvegen,4047.0,98.0,,,6040.0,VIGRA
919679,1532,GISKE,18093154,0,241.0,Hus for dyr/landbr.lager/silo,TB,Tatt i bruk,10101,10101,10101,58.0,,,411595278.0,Røssvikvegen,4047.0,98.0,,,6040.0,VIGRA
919680,1532,GISKE,18093162,0,241.0,Hus for dyr/landbr.lager/silo,TB,Tatt i bruk,10101,10101,10101,37.0,,,411595278.0,Røssvikvegen,4047.0,98.0,,,6040.0,VIGRA
919681,1532,GISKE,18093170,0,113.0,Våningshus,TB,Tatt i bruk,10101,10101,19100101,389.0,,,408292351.0,Kyrkjevegen,4002.0,278.0,,,6040.0,VIGRA
919682,1532,GISKE,18093278,0,212.0,Verkstedbygning,TB,Tatt i bruk,10101,10101,10101,233.0,,,411595276.0,Røssvikvegen,4047.0,44.0,,,6040.0,VIGRA
919683,1532,GISKE,18093286,0,113.0,Våningshus,TB,Tatt i bruk,10101,10101,10101,280.0,,,411519734.0,Røssvikgarden,4046.0,49.0,,,6040.0,VIGRA
919684,1532,GISKE,18093294,0,111.0,Enebolig,TB,Tatt i bruk,10101,10101,10101,210.0,,,408292350.0,Kyrkjevegen,4002.0,270.0,,,6040.0,VIGRA
919685,1532,GISKE,18093294,1,111.0,Enebolig,TB,Tatt i bruk,20051010,20051010,20051210,5.0,,,,,,,,,,
919686,1532,GISKE,18093227,0,111.0,Enebolig,TB,Tatt i bruk,10101,10101,10101,305.0,,,411595277.0,Røssvikvegen,4047.0,46.0,,,6040.0,VIGRA
919687,1532,GISKE,18093235,0,181.0,Garasjeuthus anneks til bolig,TB,Tatt i bruk,10101,10101,10101,28.0,,,411595277.0,Røssvikvegen,4047.0,46.0,,,6040.0,VIGRA
919688,1532,GISKE,18093243,0,181.0,Garasjeuthus anneks til bolig,TB,Tatt i bruk,10101,10101,10101,36.0,,,411595277.0,Røssvikvegen,4047.0,46.0,,,6040.0,VIGRA
919689,1532,GISKE,18093251,0,111.0,Enebolig,TB,Tatt i bruk,10101,10101,10101,202.0,,,411173251.0,Synesvegen,4003.0,335.0,,,6040.0,VIGRA
919690,1532,GISKE,18090317,0,241.0,Hus for dyr/landbr.lager/silo,TB,Tatt i bruk,10101,10101,10101,267.0,,,408296705.0,Kyrkjevegen,4002.0,530.0,,,6040.0,VIGRA
919691,1532,GISKE,18095602,0,241.0,Hus for dyr/landbr.lager/silo,TB,Tatt i bruk,10101,10101,10101,65.0,,,57164371.0,Kamsdalsvegen,7016.0,21.0,,,6055.0,GODØYA
919692,1532,GISKE,18090325,0,113.0,Våningshus,TB,Tatt i bruk,10101,10101,18900101,331.0,,,412752859.0,Malivegen,4037.0,51.0,,,6040.0,VIGRA
919693,1532,GISKE,18095610,0,113.0,Våningshus,TB,Tatt i bruk,10101,10101,10101,187.0,,,57164371.0,Kamsdalsvegen,7016.0,21.0,,,6055.0,GODØYA
919694,1532,GISKE,18090333,0,241.0,Hus for dyr/landbr.lager/silo,TB,Tatt i bruk,10101,10101,10101,664.0,,,412752859.0,Malivegen,4037.0,51.0,,,6040.0,VIGRA
919695,1532,GISKE,18095629,0,241.0,Hus for dyr/landbr.lager/silo,TB,Tatt i bruk,10101,10101,10101,43.0,,,57164371.0,Kamsdalsvegen,7016.0,21.0,,,6055.0,GODØYA
919696,1532,GISKE,18090341,0,241.0,Hus for dyr/landbr.lager/silo,TB,Tatt i bruk,10101,10101,10101,14.0,,,412752859.0,Malivegen,4037.0,51.0,,,6040.0,VIGRA
919697,1532,GISKE,18095637,0,241.0,Hus for dyr/landbr.lager/silo,TB,Tatt i bruk,10101,10101,10101,473.0,,,57164371.0,Kamsdalsvegen,7016.0,21.0,,,6055.0,GODØYA
919698,1532,GISKE,18090279,0,113.0,Våningshus,TB,Tatt i bruk,10101,10101,19770101,280.0,,,411404661.0,Blindheimsgarden,4035.0,103.0,,,6040.0,VIGRA
919699,1532,GISKE,18095564,0,113.0,Våningshus,TB,Tatt i bruk,10101,10101,19790101,211.0,,,57167942.0,Fløtane,7011.0,5.0,,,6055.0,GODØYA
919700,1532,GISKE,18090287,0,241.0,Hus for dyr/landbr.lager/silo,TB,Tatt i bruk,10101,10101,10101,436.0,,,411404662.0,Blindheimsgarden,4035.0,105.0,,,6040.0,VIGRA
919701,1532,GISKE,18095572,0,539.0,Annen restaurantbygning,FA,Ferdigattest,10101,10101,10101,329.0,,,57164370.0,Fløtane,7011.0,7.0,,,6055.0,GODØYA
919702,1532,GISKE,18090295,0,241.0,Hus for dyr/landbr.lager/silo,TB,Tatt i bruk,10101,10101,10101,140.0,,,,,,,,,,
919703,1532,GISKE,18095580,0,241.0,Hus for dyr/landbr.lager/silo,TB,Tatt i bruk,10101,10101,10101,61.0,,,57164370.0,Fløtane,7011.0,7.0,,,6055.0,GODØYA
919704,1532,GISKE,18090309,0,113.0,Våningshus,TB,Tatt i bruk,10101,10101,19000101,327.0,,,408296705.0,Kyrkjevegen,4002.0,530.0,,,6040.0,VIGRA
919705,1532,GISKE,18095599,0,183.0,Naust båthus sjøbu,TB,Tatt i bruk,10101,10101,10101,46.0,,,57164370.0,Fløtane,7011.0,7.0,,,6055.0,GODØYA
919706,1532,GISKE,18090406,0,241.0,Hus for dyr/landbr.lager/silo,TB,Tatt i bruk,10101,10101,10101,592.0,,,408356097.0,Kyrkjevegen,4002.0,480.0,,,6040.0,VIGRA
919707,1532,GISKE,18095696,0,123.0,"Våningshus, tomannsb./vertikal.",TB,Tatt i bruk,10101,10101,10101,343.0,,,57164373.0,Godøyvegen,7001.0,400.0,,,6055.0,GODØYA
919708,1532,GISKE,18090414,0,241.0,Hus for dyr/landbr.lager/silo,TB,Tatt i bruk,10101,10101,10101,32.0,,,408356097.0,Kyrkjevegen,4002.0,480.0,,,6040.0,VIGRA
919709,1532,GISKE,18095718,0,241.0,Hus for dyr/landbr.lager/silo,TB,Tatt i bruk,10101,10101,10101,734.0,,,57164373.0,Godøyvegen,7001.0,400.0,,,6055.0,GODØYA
919710,1532,GISKE,18090422,0,113.0,Våningshus,TB,Tatt i bruk,10101,10101,19040101,288.0,,,411510186.0,Blindheimsgarden,4035.0,201.0,,,6040.0,VIGRA
919711,1532,GISKE,18095718,1,241.0,Hus for dyr/landbr.lager/silo,TB,Tatt i bruk,19951017,19961022,19971215,113.0,,,57164373.0,Godøyvegen,7001.0,400.0,,,6055.0,GODØYA
919712,1532,GISKE,18090430,0,241.0,Hus for dyr/landbr.lager/silo,TB,Tatt i bruk,10101,10101,10101,357.0,,,411510186.0,Blindheimsgarden,4035.0,201.0,,,6040.0,VIGRA
919713,1532,GISKE,18090368,0,241.0,Hus for dyr/landbr.lager/silo,TB,Tatt i bruk,10101,10101,10101,41.0,,,412752859.0,Malivegen,4037.0,51.0,,,6040.0,VIGRA
919714,1532,GISKE,18095645,0,111.0,Enebolig,TB,Tatt i bruk,10101,10101,10101,308.0,,,57168047.0,Godøyvegen,7001.0,551.0,,,6055.0,GODØYA
919715,1532,GISKE,18090376,0,241.0,Hus for dyr/landbr.lager/silo,TB,Tatt i bruk,10101,10101,10101,130.0,,,412752859.0,Malivegen,4037.0,51.0,,,6040.0,VIGRA
919716,1532,GISKE,18095653,0,181.0,Garasjeuthus anneks til bolig,TB,Tatt i bruk,10101,10101,10101,35.0,,,57168047.0,Godøyvegen,7001.0,551.0,,,6055.0,GODØYA
919717,1532,GISKE,18090384,0,183.0,Naust båthus sjøbu,TB,Tatt i bruk,10101,10101,10101,221.0,,,411404666.0,Blindheimsgarden,4035.0,135.0,,,6040.0,VIGRA
919718,1532,GISKE,18095661,0,241.0,Hus for dyr/landbr.lager/silo,TB,Tatt i bruk,10101,10101,10101,365.0,,,,,,,,,,
919719,1532,GISKE,18090392,0,123.0,"Våningshus, tomannsb./vertikal.",TB,Tatt i bruk,10101,10101,19000101,336.0,,,408356097.0,Kyrkjevegen,4002.0,480.0,,,6040.0,VIGRA
919720,1532,GISKE,18095688,0,183.0,Naust båthus sjøbu,TB,Tatt i bruk,10101,10101,10101,58.0,,,,,,,,,,
919721,1532,GISKE,18095467,0,124.0,"Våningshus, tomannsb./horisont.",TB,Tatt i bruk,10101,10101,10101,326.0,,,57164368.0,Kamsdalsvegen,7016.0,66.0,,,6055.0,GODØYA
919722,1532,GISKE,18095513,0,113.0,Våningshus,TB,Tatt i bruk,10101,10101,10101,51.0,,,518470400.0,Høgsteinvegen,7020.0,36.0,,,6055.0,GODØYA
919723,1532,GISKE,18095521,0,183.0,Naust båthus sjøbu,TB,Tatt i bruk,10101,10101,10101,63.0,,,57164369.0,Høgsteinvegen,7020.0,38.0,,,6055.0,GODØYA
919724,1532,GISKE,18090252,0,241.0,Hus for dyr/landbr.lager/silo,TB,Tatt i bruk,10101,10101,10101,714.0,,,411404666.0,Blindheimsgarden,4035.0,135.0,,,6040.0,VIGRA
919725,1532,GISKE,18095548,0,241.0,Hus for dyr/landbr.lager/silo,TB,Tatt i bruk,10101,10101,10101,24.0,,,57164368.0,Kamsdalsvegen,7016.0,66.0,,,6055.0,GODØYA
919726,1532,GISKE,18090260,0,241.0,Hus for dyr/landbr.lager/silo,TB,Tatt i bruk,10101,10101,10101,63.0,,,411404666.0,Blindheimsgarden,4035.0,135.0,,,6040.0,VIGRA
919727,1532,GISKE,18095556,0,113.0,Våningshus,TB,Tatt i bruk,10101,10101,10101,234.0,,,57164370.0,Fløtane,7011.0,7.0,,,6055.0,GODØYA
919728,1532,GISKE,18095475,0,241.0,Hus for dyr/landbr.lager/silo,TB,Tatt i bruk,10101,10101,10101,594.0,,,57164368.0,Kamsdalsvegen,7016.0,66.0,,,6055.0,GODØYA
919729,1532,GISKE,18095483,0,183.0,Naust båthus sjøbu,TB,Tatt i bruk,10101,10101,10101,50.0,,,57164368.0,Kamsdalsvegen,7016.0,66.0,,,6055.0,GODØYA
919730,1532,GISKE,18095491,0,241.0,Hus for dyr/landbr.lager/silo,TB,Tatt i bruk,10101,10101,10101,276.0,,,57164368.0,Kamsdalsvegen,7016.0,66.0,,,6055.0,GODØYA
919731,1532,GISKE,18095505,0,113.0,Våningshus,TB,Tatt i bruk,10101,10101,10101,182.0,,,57164369.0,Høgsteinvegen,7020.0,38.0,,,6055.0,GODØYA
919732,1532,GISKE,18097931,0,181.0,Garasjeuthus anneks til bolig,TB,Tatt i bruk,10101,10101,10101,19.0,,,57164446.0,Gøymyrane,7031.0,10.0,,,6055.0,GODØYA
919733,1532,GISKE,18092387,0,181.0,Garasjeuthus anneks til bolig,TB,Tatt i bruk,10101,10101,10101,31.0,,,411346253.0,Tørneset,4041.0,12.0,,,6040.0,VIGRA
919734,1532,GISKE,18097958,0,122.0,"Tomannsbolig, horisontaldelt",TB,Tatt i bruk,10101,10101,10101,275.0,,,57164446.0,Gøymyrane,7031.0,10.0,,,6055.0,GODØYA
919735,1532,GISKE,18092395,0,111.0,Enebolig,TB,Tatt i bruk,19771214,19771214,19790425,164.0,,,411346254.0,Tørneset,4041.0,14.0,,,6040.0,VIGRA
919736,1532,GISKE,18097966,0,111.0,Enebolig,TB,Tatt i bruk,10101,10101,10101,195.0,,,57164447.0,Godøyvegen,7001.0,296.0,,,6055.0,GODØYA
919737,1532,GISKE,18097974,0,181.0,Garasjeuthus anneks til bolig,TB,Tatt i bruk,10101,10101,10101,24.0,,,57164447.0,Godøyvegen,7001.0,296.0,,,6055.0,GODØYA
919738,1532,GISKE,18097893,0,181.0,Garasjeuthus anneks til bolig,TB,Tatt i bruk,10101,10101,10101,18.0,,,57164442.0,Geilereset,7017.0,5.0,,,6055.0,GODØYA
919739,1532,GISKE,18092352,0,219.0,Annen industribygning,TB,Tatt i bruk,10101,10101,10101,299.0,,,411404663.0,Blindheimsgarden,4035.0,127.0,,,6040.0,VIGRA
919740,1532,GISKE,18097907,0,111.0,Enebolig,TB,Tatt i bruk,10101,10101,10101,257.0,,,57164443.0,Kamsdalsvegen,7016.0,86.0,,,6055.0,GODØYA
919741,1532,GISKE,18092360,0,183.0,Naust båthus sjøbu,TB,Tatt i bruk,10101,10101,10101,42.0,,,,,,,,,,
919742,1532,GISKE,18097915,0,181.0,Garasjeuthus anneks til bolig,TB,Tatt i bruk,10101,10101,10101,51.0,,,57164443.0,Kamsdalsvegen,7016.0,86.0,,,6055.0,GODØYA
919743,1532,GISKE,18092379,0,111.0,Enebolig,TB,Tatt i bruk,10101,10101,10101,168.0,,,411346253.0,Tørneset,4041.0,12.0,,,6040.0,VIGRA
919744,1532,GISKE,18097923,0,112.0,Enebolig m/hybel/sokkelleil.,TB,Tatt i bruk,10101,10101,10101,209.0,,,57164444.0,Geilevika,7018.0,3.0,,,6055.0,GODØYA
919745,1532,GISKE,18092379,1,111.0,Enebolig,IG,Igangsettingstillatelse,20050615,20050615,10101,40.0,,,,,,,,,,
919746,1532,GISKE,18092425,0,111.0,Enebolig,TB,Tatt i bruk,10101,10101,10101,263.0,,,411346252.0,Tørneset,4041.0,11.0,,,6040.0,VIGRA
919747,1532,GISKE,18098024,0,181.0,Garasjeuthus anneks til bolig,TB,Tatt i bruk,10101,10101,10101,28.0,,,57164450.0,Godøyvegen,7001.0,153.0,,,6055.0,GODØYA
919748,1532,GISKE,18092433,0,111.0,Enebolig,TB,Tatt i bruk,10101,10101,10101,194.0,,,411346256.0,Tørneset,4041.0,18.0,,,6040.0,VIGRA
919749,1532,GISKE,18098032,0,111.0,Enebolig,TB,Tatt i bruk,10101,10101,10101,202.0,,,57164450.0,Godøyvegen,7001.0,153.0,,,6055.0,GODØYA
919750,1532,GISKE,18092441,0,111.0,Enebolig,TB,Tatt i bruk,10101,10101,10101,191.0,,,412747826.0,Vikevegen,4040.0,75.0,,,6040.0,VIGRA
919751,1532,GISKE,18098040,0,122.0,"Tomannsbolig, horisontaldelt",TB,Tatt i bruk,10101,10101,10101,223.0,,,57164451.0,Kamsdalsvegen,7016.0,91.0,,,6055.0,GODØYA
919752,1532,GISKE,18092441,1,111.0,Enebolig,RA,Rammetillatelse,20000831,10101,10101,23.0,,,412747826.0,Vikevegen,4040.0,75.0,,,6040.0,VIGRA
919753,1532,GISKE,18098059,0,181.0,Garasjeuthus anneks til bolig,TB,Tatt i bruk,10101,10101,10101,14.0,,,57164451.0,Kamsdalsvegen,7016.0,91.0,,,6055.0,GODØYA
919754,1532,GISKE,18092395,1,111.0,Enebolig,TB,Tatt i bruk,20050922,20050922,20050922,17.0,,,,,,,,,,
919755,1532,GISKE,18097982,0,111.0,Enebolig,TB,Tatt i bruk,10101,10101,10101,186.0,,,57164448.0,Støbakkvika,7022.0,11.0,,,6055.0,GODØYA
919756,1532,GISKE,18097990,0,183.0,Naust båthus sjøbu,TB,Tatt i bruk,10101,10101,10101,61.0,,,,,,,,,,
919757,1532,GISKE,18092409,0,111.0,Enebolig,TB,Tatt i bruk,10101,10101,10101,188.0,,,411346255.0,Tørneset,4041.0,16.0,,,6040.0,VIGRA
919758,1532,GISKE,18098008,0,111.0,Enebolig,TB,Tatt i bruk,10101,10101,10101,187.0,,,57164449.0,Valkvævegen,7002.0,15.0,,,6055.0,GODØYA
919759,1532,GISKE,18092417,0,181.0,Garasjeuthus anneks til bolig,TB,Tatt i bruk,10101,10101,10101,36.0,,,411346255.0,Tørneset,4041.0,16.0,,,6040.0,VIGRA
919760,1532,GISKE,18098016,0,181.0,Garasjeuthus anneks til bolig,TB,Tatt i bruk,10101,10101,10101,27.0,,,57164449.0,Valkvævegen,7002.0,15.0,,,6055.0,GODØYA
919761,1532,GISKE,18097796,0,112.0,Enebolig m/hybel/sokkelleil.,TB,Tatt i bruk,10101,10101,10101,177.0,,,57164437.0,Godøyvegen,7001.0,304.0,,,6055.0,GODØYA
919762,1532,GISKE,18097796,1,112.0,Enebolig m/hybel/sokkelleil.,RA,Rammetillatelse,20030604,10101,10101,61.0,,,57164437.0,Godøyvegen,7001.0,304.0,,,6055.0,GODØYA
919763,1532,GISKE,18097818,0,113.0,Våningshus,TB,Tatt i bruk,10101,10101,10101,215.0,,,57164438.0,Kamsdalsvegen,7016.0,80.0,,,6055.0,GODØYA
919764,1532,GISKE,18097826,0,241.0,Hus for dyr/landbr.lager/silo,TB,Tatt i bruk,10101,10101,10101,103.0,,,57164438.0,Kamsdalsvegen,7016.0,80.0,,,6055.0,GODØYA
919765,1532,GISKE,18097761,0,181.0,Garasjeuthus anneks til bolig,TB,Tatt i bruk,10101,10101,10101,33.0,,,57164435.0,Godøyvegen,7001.0,149.0,,,6055.0,GODØYA
919766,1532,GISKE,18097761,1,181.0,Garasjeuthus anneks til bolig,IG,Igangsettingstillatelse,20041118,20041203,10101,13.0,,,,,,,,,,
919767,1532,GISKE,18097788,0,111.0,Enebolig,TB,Tatt i bruk,10101,10101,10101,213.0,,,57164436.0,Godøyvegen,7001.0,151.0,,,6055.0,GODØYA
919768,1532,GISKE,18092344,0,672.0,Bedehus menighetshus,TB,Tatt i bruk,10101,10101,10101,298.0,,,408356095.0,Kyrkjevegen,4002.0,651.0,,,6040.0,VIGRA
919769,1532,GISKE,18097869,1,111.0,Enebolig,TB,Tatt i bruk,19920708,19921102,19921208,37.0,,,57164441.0,Godøyvegen,7001.0,348.0,,,6055.0,GODØYA
919770,1532,GISKE,18092344,1,672.0,Bedehus menighetshus,TB,Tatt i bruk,19960310,19960708,10101,61.0,,,408356095.0,Kyrkjevegen,4002.0,651.0,,,6040.0,VIGRA
919771,1532,GISKE,18097877,0,181.0,Garasjeuthus anneks til bolig,TB,Tatt i bruk,10101,10101,10101,41.0,,,57164441.0,Godøyvegen,7001.0,348.0,,,6055.0,GODØYA
919772,1532,GISKE,18092344,2,672.0,Bedehus menighetshus,TB,Tatt i bruk,20070118,20070118,20070801,0.0,,,408356095.0,Kyrkjevegen,4002.0,651.0,,,6040.0,VIGRA
919773,1532,GISKE,18097885,0,111.0,Enebolig,TB,Tatt i bruk,10101,10101,10101,206.0,,,57164442.0,Geilereset,7017.0,5.0,,,6055.0,GODØYA
919774,1532,GISKE,18097834,0,111.0,Enebolig,TB,Tatt i bruk,10101,10101,10101,250.0,,,57164439.0,Kamsdalsvegen,7016.0,82.0,,,6055.0,GODØYA
919775,1532,GISKE,18097842,0,181.0,Garasjeuthus anneks til bolig,TB,Tatt i bruk,10101,10101,10101,34.0,,,57164439.0,Kamsdalsvegen,7016.0,82.0,,,6055.0,GODØYA
919776,1532,GISKE,18092328,0,181.0,Garasjeuthus anneks til bolig,TB,Tatt i bruk,10101,10101,10101,83.0,,,,,,,,,,
919777,1532,GISKE,18097850,0,111.0,Enebolig,TB,Tatt i bruk,10101,10101,10101,243.0,,,57164440.0,Negardvegen,7015.0,25.0,,,6055.0,GODØYA
919778,1532,GISKE,18092336,0,181.0,Garasjeuthus anneks til bolig,TB,Tatt i bruk,10101,10101,10101,22.0,,,,,,,,,,
919779,1532,GISKE,18097869,0,111.0,Enebolig,TB,Tatt i bruk,10101,10101,10101,181.0,,,57164441.0,Godøyvegen,7001.0,348.0,,,6055.0,GODØYA
919780,1532,GISKE,18097672,0,111.0,Enebolig,TB,Tatt i bruk,10101,10101,10101,187.0,,,57164429.0,Negardvegen,7015.0,22.0,,,6055.0,GODØYA
919781,1532,GISKE,18097680,0,181.0,Garasjeuthus anneks til bolig,TB,Tatt i bruk,10101,10101,10101,31.0,,,57164429.0,Negardvegen,7015.0,22.0,,,6055.0,GODØYA
919782,1532,GISKE,18097699,0,113.0,Våningshus,TB,Tatt i bruk,10101,10101,10101,154.0,,,57164430.0,Høgsteinvegen,7020.0,35.0,,,6055.0,GODØYA
919783,1532,GISKE,18097702,0,112.0,Enebolig m/hybel/sokkelleil.,TB,Tatt i bruk,10101,10101,10101,198.0,,,57164431.0,Paulsneset,7014.0,5.0,,,6055.0,GODØYA
919784,1532,GISKE,18097621,0,111.0,Enebolig,TB,Tatt i bruk,10101,10101,10101,111.0,,,57168845.0,Godøyvegen,7001.0,249.0,,,6055.0,GODØYA
919785,1532,GISKE,18097648,0,181.0,Garasjeuthus anneks til bolig,TB,Tatt i bruk,10101,10101,10101,20.0,,,,,,,,,,
919786,1532,GISKE,18097656,0,111.0,Enebolig,TB,Tatt i bruk,10101,10101,10101,219.0,,,57164428.0,Ådalsvegen,7019.0,8.0,,,6055.0,GODØYA
919787,1532,GISKE,18097664,0,181.0,Garasjeuthus anneks til bolig,TB,Tatt i bruk,10101,10101,10101,15.0,,,57164428.0,Ådalsvegen,7019.0,8.0,,,6055.0,GODØYA
919788,1532,GISKE,18097737,0,111.0,Enebolig,TB,Tatt i bruk,10101,10101,10101,210.0,,,57164433.0,Godøyvegen,7001.0,637.0,,,6055.0,GODØYA
919789,1532,GISKE,18097745,0,181.0,Garasjeuthus anneks til bolig,TB,Tatt i bruk,10101,10101,10101,31.0,,,57164433.0,Godøyvegen,7001.0,637.0,,,6055.0,GODØYA
919790,1532,GISKE,18097753,0,111.0,Enebolig,TB,Tatt i bruk,10101,10101,10101,202.0,,,57164435.0,Godøyvegen,7001.0,149.0,,,6055.0,GODØYA
919791,1532,GISKE,18097702,1,112.0,Enebolig m/hybel/sokkelleil.,RA,Rammetillatelse,19990122,10101,10101,41.0,,,57164431.0,Paulsneset,7014.0,5.0,,,6055.0,GODØYA
919792,1532,GISKE,18097710,0,181.0,Garasjeuthus anneks til bolig,TB,Tatt i bruk,10101,10101,10101,23.0,,,,,,,,,,
919793,1532,GISKE,18097729,0,111.0,Enebolig,TB,Tatt i bruk,10101,10101,10101,191.0,,,57164432.0,Støbakkvika,7022.0,1.0,,,6055.0,GODØYA
919794,1532,GISKE,18097729,1,111.0,Enebolig,TB,Tatt i bruk,20071029,20071129,20080129,13.0,,,57164432.0,Støbakkvika,7022.0,1.0,,,6055.0,GODØYA
919795,1532,GISKE,18097583,0,181.0,Garasjeuthus anneks til bolig,TB,Tatt i bruk,10101,10101,10101,16.0,,,57164425.0,Paulsneset,7014.0,2.0,,,6055.0,GODØYA
919796,1532,GISKE,18097591,0,122.0,"Tomannsbolig, horisontaldelt",TB,Tatt i bruk,10101,10101,10101,216.0,,,57164427.0,Valkvævegen,7002.0,12.0,,,6055.0,GODØYA
919797,1532,GISKE,18097605,0,181.0,Garasjeuthus anneks til bolig,TB,Tatt i bruk,10101,10101,10101,20.0,,,57164427.0,Valkvævegen,7002.0,12.0,,,6055.0,GODØYA
919798,1532,GISKE,18097613,0,181.0,Garasjeuthus anneks til bolig,TB,Tatt i bruk,10101,10101,10101,37.0,,,57164427.0,Valkvævegen,7002.0,12.0,,,6055.0,GODØYA
919799,1532,GISKE,18097575,0,122.0,"Tomannsbolig, horisontaldelt",TB,Tatt i bruk,10101,10101,10101,225.0,,,57164425.0,Paulsneset,7014.0,2.0,,,6055.0,GODØYA
919800,1532,GISKE,18093006,0,241.0,Hus for dyr/landbr.lager/silo,TB,Tatt i bruk,10101,10101,10101,36.0,,,411173252.0,Synesvegen,4003.0,360.0,,,6040.0,VIGRA
919801,1532,GISKE,18093014,0,124.0,"Våningshus, tomannsb./horisont.",TB,Tatt i bruk,10101,10101,19200101,290.0,,,411519735.0,Røssvikgarden,4046.0,53.0,,,6040.0,VIGRA
919802,1532,GISKE,18093022,0,249.0,Annen landbruksbygning,TB,Tatt i bruk,10101,10101,10101,32.0,,,,,,,,,,
919803,1532,GISKE,18093030,0,241.0,Hus for dyr/landbr.lager/silo,TB,Tatt i bruk,10101,10101,10101,24.0,,,,,,,,,,
919804,1532,GISKE,18092964,0,124.0,"Våningshus, tomannsb./horisont.",TB,Tatt i bruk,10101,10101,19010101,229.0,,,411173253.0,Synesvegen,4003.0,388.0,,,6040.0,VIGRA
919805,1532,GISKE,18098504,0,111.0,Enebolig,TB,Tatt i bruk,10101,10101,10101,207.0,,,57164488.0,Leitebakken,7025.0,18.0,,,6055.0,GODØYA
919806,1532,GISKE,18092972,0,241.0,Hus for dyr/landbr.lager/silo,TB,Tatt i bruk,10101,10101,10101,162.0,,,,,,,,,,
919807,1532,GISKE,18098504,1,111.0,Enebolig,TB,Tatt i bruk,10101,10101,10101,207.0,,,57164488.0,Leitebakken,7025.0,18.0,,,6055.0,GODØYA
919808,1532,GISKE,18092980,0,113.0,Våningshus,TB,Tatt i bruk,10101,10101,18500101,194.0,,,411173252.0,Synesvegen,4003.0,360.0,,,6040.0,VIGRA
919809,1532,GISKE,18098512,0,181.0,Garasjeuthus anneks til bolig,TB,Tatt i bruk,10101,10101,10101,16.0,,,57164488.0,Leitebakken,7025.0,18.0,,,6055.0,GODØYA
919810,1532,GISKE,18092999,0,241.0,Hus for dyr/landbr.lager/silo,TB,Tatt i bruk,10101,10101,10101,252.0,,,411173252.0,Synesvegen,4003.0,360.0,,,6040.0,VIGRA
919811,1532,GISKE,18098520,0,111.0,Enebolig,TB,Tatt i bruk,10101,10101,10101,192.0,,,57164490.0,Leitet,7024.0,18.0,,,6055.0,GODØYA
919812,1532,GISKE,18093081,0,241.0,Hus for dyr/landbr.lager/silo,TB,Tatt i bruk,10101,10101,10101,387.0,,,,,,,,,,
919813,1532,GISKE,18093103,0,113.0,Våningshus,TB,Tatt i bruk,10101,10101,19260101,274.0,,,411234599.0,Hamnevegen,4045.0,74.0,,,6040.0,VIGRA
919814,1532,GISKE,18093111,0,241.0,Hus for dyr/landbr.lager/silo,TB,Tatt i bruk,10101,10101,10101,26.0,,,,,,,,,,
919815,1532,GISKE,18093138,0,241.0,Hus for dyr/landbr.lager/silo,TB,Tatt i bruk,10101,10101,10101,444.0,,,411595278.0,Røssvikvegen,4047.0,98.0,,,6040.0,VIGRA
919816,1532,GISKE,18093049,0,241.0,Hus for dyr/landbr.lager/silo,TB,Tatt i bruk,10101,10101,10101,156.0,,,424057436.0,Kyrkjevegen,4002.0,236.0,,,6040.0,VIGRA
919817,1532,GISKE,18093057,0,113.0,Våningshus,TB,Tatt i bruk,10101,10101,19200101,226.0,,,424057436.0,Kyrkjevegen,4002.0,236.0,,,6040.0,VIGRA
919818,1532,GISKE,18093065,0,241.0,Hus for dyr/landbr.lager/silo,TB,Tatt i bruk,10101,10101,10101,303.0,,,424057436.0,Kyrkjevegen,4002.0,236.0,,,6040.0,VIGRA
919819,1532,GISKE,18093073,0,249.0,Annen landbruksbygning,TB,Tatt i bruk,10101,10101,10101,26.0,,,424057436.0,Kyrkjevegen,4002.0,236.0,,,6040.0,VIGRA
919820,1532,GISKE,18092832,0,241.0,Hus for dyr/landbr.lager/silo,TB,Tatt i bruk,10101,10101,10101,100.0,,,57163979.0,,,,,0.0,6040.0,VIGRA
919821,1532,GISKE,18098407,0,111.0,Enebolig,TB,Tatt i bruk,10101,10101,10101,148.0,,,57164480.0,Godøyvegen,7001.0,91.0,,,6055.0,GODØYA
919822,1532,GISKE,18092840,0,241.0,Hus for dyr/landbr.lager/silo,TB,Tatt i bruk,10101,10101,10101,67.0,,,57163979.0,,,,,0.0,6040.0,VIGRA
919823,1532,GISKE,18098415,0,111.0,Enebolig,TB,Tatt i bruk,10101,10101,10101,216.0,,,57164481.0,Kamsdalsvegen,7016.0,84.0,,,6055.0,GODØYA
919824,1532,GISKE,18092859,0,241.0,Hus for dyr/landbr.lager/silo,TB,Tatt i bruk,10101,10101,10101,366.0,,,,,,,,,,
919825,1532,GISKE,18098423,0,111.0,Enebolig,TB,Tatt i bruk,10101,10101,10101,200.0,,,57164482.0,Godøyvegen,7001.0,315.0,,,6055.0,GODØYA
919826,1532,GISKE,18092867,0,113.0,Våningshus,TB,Tatt i bruk,10101,10101,19000101,273.0,,,408292352.0,Kyrkjevegen,4002.0,317.0,,,6040.0,VIGRA
919827,1532,GISKE,18098431,0,111.0,Enebolig,TB,Tatt i bruk,10101,10101,10101,261.0,,,57164483.0,Godøyvegen,7001.0,461.0,,,6055.0,GODØYA
919828,1532,GISKE,18092794,0,241.0,Hus for dyr/landbr.lager/silo,TB,Tatt i bruk,10101,10101,10101,38.0,,,,,,,,,,
919829,1532,GISKE,18098369,0,181.0,Garasjeuthus anneks til bolig,TB,Tatt i bruk,10101,10101,10101,30.0,,,,,,,,,,
919830,1532,GISKE,18092808,0,181.0,Garasjeuthus anneks til bolig,TB,Tatt i bruk,10101,10101,10101,14.0,,,411519738.0,Røssvikgarden,4046.0,79.0,,,6040.0,VIGRA
919831,1532,GISKE,18098377,0,111.0,Enebolig,TB,Tatt i bruk,10101,10101,10101,186.0,,,57164477.0,Leitebø,7027.0,1.0,,,6055.0,GODØYA
919832,1532,GISKE,18092816,0,161.0,Fritidsbygg(hyttersommerh. ol,TB,Tatt i bruk,10101,10101,10101,39.0,,,411595270.0,Røssvikgarden,4046.0,77.0,,,6040.0,VIGRA
919833,1532,GISKE,18098385,0,181.0,Garasjeuthus anneks til bolig,TB,Tatt i bruk,10101,10101,10101,33.0,,,57164477.0,Leitebø,7027.0,1.0,,,6055.0,GODØYA
919834,1532,GISKE,18092824,0,113.0,Våningshus,BR,Bygning revet/brent,10101,10101,10101,309.0,,,,,,,,,,
919835,1532,GISKE,18098393,0,181.0,Garasjeuthus anneks til bolig,TB,Tatt i bruk,10101,10101,10101,31.0,,,57164478.0,Kamsdalsvegen,7016.0,79.0,,,6055.0,GODØYA
919836,1532,GISKE,18092913,0,241.0,Hus for dyr/landbr.lager/silo,TB,Tatt i bruk,10101,10101,10101,45.0,,,411595275.0,Røssvikgarden,4046.0,195.0,,,6040.0,VIGRA
919837,1532,GISKE,18098482,0,111.0,Enebolig,TB,Tatt i bruk,10101,10101,10101,182.0,,,57164486.0,Leitebakken,7025.0,8.0,,,6055.0,GODØYA
919838,1532,GISKE,18092921,0,241.0,Hus for dyr/landbr.lager/silo,TB,Tatt i bruk,10101,10101,10101,660.0,,,411595275.0,Røssvikgarden,4046.0,195.0,,,6040.0,VIGRA
919839,1532,GISKE,18098490,0,111.0,Enebolig,TB,Tatt i bruk,10101,10101,10101,287.0,,,57164487.0,Leitebakken,7025.0,16.0,,,6055.0,GODØYA
919840,1532,GISKE,18092948,0,183.0,Naust båthus sjøbu,BR,Bygning revet/brent,10101,10101,10101,62.0,,,411595275.0,Røssvikgarden,4046.0,195.0,,,6040.0,VIGRA
919841,1532,GISKE,18098490,1,111.0,Enebolig,TB,Tatt i bruk,20020513,20020513,20020513,14.0,,,57164487.0,Leitebakken,7025.0,16.0,,,6055.0,GODØYA
919842,1532,GISKE,18092956,0,241.0,Hus for dyr/landbr.lager/silo,TB,Tatt i bruk,10101,10101,10101,94.0,,,,,,,,,,
919843,1532,GISKE,18092875,0,111.0,Enebolig,BF,Bygning flyttet,10101,10101,10101,124.0,,,481314378.0,,,,,0.0,6040.0,VIGRA
919844,1532,GISKE,18098431,1,111.0,Enebolig,RA,Rammetillatelse,19980126,10101,10101,35.0,,,57164483.0,Godøyvegen,7001.0,461.0,,,6055.0,GODØYA
919845,1532,GISKE,18092883,0,241.0,Hus for dyr/landbr.lager/silo,TB,Tatt i bruk,10101,10101,10101,63.0,,,,,,,,,,
919846,1532,GISKE,18098458,0,162.0,Helårsb.benyttes som fritidsb.,TB,Tatt i bruk,10101,10101,10101,222.0,,,57164484.0,Leitebakken,7025.0,2.0,,,6055.0,GODØYA
919847,1532,GISKE,18092891,0,113.0,Våningshus,TB,Tatt i bruk,10101,10101,10101,371.0,,,411595275.0,Røssvikgarden,4046.0,195.0,,,6040.0,VIGRA
919848,1532,GISKE,18098466,0,181.0,Garasjeuthus anneks til bolig,BR,Bygning revet/brent,10101,10101,10101,28.0,,,57164484.0,Leitebakken,7025.0,2.0,,,6055.0,GODØYA
919849,1532,GISKE,18092905,0,249.0,Annen landbruksbygning,TB,Tatt i bruk,10101,10101,10101,63.0,,,411595275.0,Røssvikgarden,4046.0,195.0,,,6040.0,VIGRA
919850,1532,GISKE,18098474,0,111.0,Enebolig,TB,Tatt i bruk,10101,10101,10101,189.0,,,57164485.0,Leitebakken,7025.0,4.0,,,6055.0,GODØYA
919851,1532,GISKE,18092689,0,183.0,Naust båthus sjøbu,TB,Tatt i bruk,10101,10101,10101,78.0,,,,,,,,,,
919852,1532,GISKE,18098245,0,111.0,Enebolig,TB,Tatt i bruk,10101,10101,10101,173.0,,,57164468.0,Teppemyra,7021.0,10.0,,,6055.0,GODØYA
919853,1532,GISKE,18092697,0,241.0,Hus for dyr/landbr.lager/silo,TB,Tatt i bruk,10101,10101,10101,17.0,,,,,,,,,,
919854,1532,GISKE,18098253,0,111.0,Enebolig,TB,Tatt i bruk,10101,10101,10101,174.0,,,57164469.0,Teppemyra,7021.0,11.0,,,6055.0,GODØYA
919855,1532,GISKE,18092700,0,124.0,"Våningshus, tomannsb./horisont.",TB,Tatt i bruk,10101,10101,18860101,366.0,,,411595274.0,Røssvikgarden,4046.0,117.0,,,6040.0,VIGRA
919856,1532,GISKE,18098261,0,181.0,Garasjeuthus anneks til bolig,TB,Tatt i bruk,10101,10101,10101,22.0,,,57164469.0,Teppemyra,7021.0,11.0,,,6055.0,GODØYA
919857,1532,GISKE,18092719,0,241.0,Hus for dyr/landbr.lager/silo,TB,Tatt i bruk,10101,10101,10101,450.0,,,,,,,,,,
919858,1532,GISKE,18098288,0,111.0,Enebolig,TB,Tatt i bruk,10101,10101,10101,243.0,,,57164470.0,Teppemyra,7021.0,12.0,,,6055.0,GODØYA
919859,1532,GISKE,18092646,0,112.0,Enebolig m/hybel/sokkelleil.,TB,Tatt i bruk,10101,10101,10101,282.0,,,411404664.0,Blindheimsgarden,4035.0,131.0,,,6040.0,VIGRA
919860,1532,GISKE,18098202,2,111.0,Enebolig,RA,Rammetillatelse,20010201,10101,10101,100.0,,,57164464.0,Teppemyra,7021.0,6.0,,,6055.0,GODØYA
919861,1532,GISKE,18092654,0,183.0,Naust båthus sjøbu,TB,Tatt i bruk,10101,10101,10101,119.0,,,,,,,,,,
919862,1532,GISKE,18098210,0,111.0,Enebolig,TB,Tatt i bruk,10101,10101,10101,202.0,,,57164466.0,Teppemyra,7021.0,8.0,,,6055.0,GODØYA
919863,1532,GISKE,18092662,0,183.0,Naust båthus sjøbu,TB,Tatt i bruk,10101,10101,10101,84.0,,,,,,,,,,
919864,1532,GISKE,18098229,0,181.0,Garasjeuthus anneks til bolig,TB,Tatt i bruk,10101,10101,10101,24.0,,,57164466.0,Teppemyra,7021.0,8.0,,,6055.0,GODØYA
919865,1532,GISKE,18092670,0,183.0,Naust båthus sjøbu,TB,Tatt i bruk,10101,10101,10101,42.0,,,,,,,,,,
919866,1532,GISKE,18098237,0,111.0,Enebolig,TB,Tatt i bruk,10101,10101,10101,168.0,,,57164467.0,Teppemyra,7021.0,9.0,,,6055.0,GODØYA
919867,1532,GISKE,18092778,0,123.0,"Våningshus, tomannsb./vertikal.",TB,Tatt i bruk,10101,10101,19700101,436.0,,,411595269.0,Røssvikgarden,4046.0,81.0,,,6040.0,VIGRA
919868,1532,GISKE,18098342,0,112.0,Enebolig m/hybel/sokkelleil.,TB,Tatt i bruk,10101,10101,10101,244.0,,,57164474.0,Godøyvegen,7001.0,246.0,,,6055.0,GODØYA
919869,1532,GISKE,18092778,1,123.0,"Våningshus, tomannsb./vertikal.",TB,Tatt i bruk,19950712,19950814,19970610,166.0,,,411519738.0,Røssvikgarden,4046.0,79.0,,,6040.0,VIGRA
919870,1532,GISKE,18098342,1,112.0,Enebolig m/hybel/sokkelleil.,TB,Tatt i bruk,19960528,19960716,19971201,53.0,,,57164474.0,Godøyvegen,7001.0,246.0,,,6055.0,GODØYA
919871,1532,GISKE,18092786,0,241.0,Hus for dyr/landbr.lager/silo,TB,Tatt i bruk,10101,10101,10101,490.0,,,,,,,,,,
919872,1532,GISKE,18098350,0,122.0,"Tomannsbolig, horisontaldelt",TB,Tatt i bruk,10101,10101,10101,246.0,,,57164475.0,Godøyvegen,7001.0,299.0,,,6055.0,GODØYA
919873,1532,GISKE,18092727,0,183.0,Naust båthus sjøbu,TB,Tatt i bruk,10101,10101,10101,60.0,,,411595272.0,Røssvikgarden,4046.0,89.0,,,6040.0,VIGRA
919874,1532,GISKE,18098296,0,111.0,Enebolig,TB,Tatt i bruk,10101,10101,10101,191.0,,,57164471.0,Teppemyra,7021.0,13.0,,,6055.0,GODØYA
919875,1532,GISKE,18092735,0,241.0,Hus for dyr/landbr.lager/silo,TB,Tatt i bruk,10101,10101,10101,524.0,,,,,,,,,,
919876,1532,GISKE,18098318,0,112.0,Enebolig m/hybel/sokkelleil.,TB,Tatt i bruk,10101,10101,10101,263.0,,,144500019.0,Teppemyra,7021.0,16.0,,,6055.0,GODØYA
919877,1532,GISKE,18092743,0,241.0,Hus for dyr/landbr.lager/silo,BR,Bygning revet/brent,10101,10101,10101,35.0,,,,,,,,,,
919878,1532,GISKE,18098326,0,111.0,Enebolig,TB,Tatt i bruk,10101,10101,10101,219.0,,,57164473.0,Teppemyra,7021.0,18.0,,,6055.0,GODØYA
919879,1532,GISKE,18092751,0,113.0,Våningshus,BR,Bygning revet/brent,10101,10101,10101,258.0,,,411612879.0,Røssvikvegen,4047.0,193.0,,,6040.0,VIGRA
919880,1532,GISKE,18098334,0,181.0,Garasjeuthus anneks til bolig,TB,Tatt i bruk,10101,10101,10101,19.0,,,57164473.0,Teppemyra,7021.0,18.0,,,6055.0,GODØYA
919881,1532,GISKE,18092506,0,183.0,Naust båthus sjøbu,TB,Tatt i bruk,10101,10101,10101,77.0,,,412752859.0,Malivegen,4037.0,51.0,,,6040.0,VIGRA
919882,1532,GISKE,18098105,0,111.0,Enebolig,TB,Tatt i bruk,10101,10101,10101,181.0,,,57164455.0,Støbakkvika,7022.0,13.0,,,6055.0,GODØYA
919883,1532,GISKE,18092514,0,183.0,Naust båthus sjøbu,TB,Tatt i bruk,10101,10101,10101,91.0,,,411414179.0,Blindheimsgarden,4035.0,183.0,,,6040.0,VIGRA
919884,1532,GISKE,18098113,0,111.0,Enebolig,TB,Tatt i bruk,10101,10101,10101,207.0,,,57164456.0,Øvrebøvegen,7028.0,2.0,,,6055.0,GODØYA
919885,1532,GISKE,18092522,0,183.0,Naust båthus sjøbu,BR,Bygning revet/brent,10101,10101,10101,28.0,,,411672790.0,Blindheimsgarden,4035.0,37.0,,,6040.0,VIGRA
919886,1532,GISKE,18098121,0,111.0,Enebolig,TB,Tatt i bruk,10101,10101,10101,211.0,,,57164458.0,Øvrebøvegen,7028.0,5.0,,,6055.0,GODØYA
919887,1532,GISKE,18092530,0,183.0,Naust båthus sjøbu,TB,Tatt i bruk,10101,10101,10101,45.0,,,412752860.0,Malivegen,4037.0,90.0,,,6040.0,VIGRA
919888,1532,GISKE,18098148,0,111.0,Enebolig,TB,Tatt i bruk,10101,10101,10101,191.0,,,57164459.0,Godøyvegen,7001.0,735.0,,,6055.0,GODØYA
919889,1532,GISKE,18092468,0,181.0,Garasjeuthus anneks til bolig,TB,Tatt i bruk,10101,10101,10101,43.0,,,412747826.0,Vikevegen,4040.0,75.0,,,6040.0,VIGRA
919890,1532,GISKE,18098067,0,111.0,Enebolig,TB,Tatt i bruk,10101,10101,10101,194.0,,,57164452.0,Godøyvegen,7001.0,627.0,,,6055.0,GODØYA
919891,1532,GISKE,18092476,0,111.0,Enebolig,TB,Tatt i bruk,10101,10101,10101,108.0,,,411346251.0,Tørneset,4041.0,9.0,,,6040.0,VIGRA
919892,1532,GISKE,18098075,0,111.0,Enebolig,TB,Tatt i bruk,10101,10101,10101,230.0,,,57164453.0,Godøyvegen,7001.0,230.0,,,6055.0,GODØYA
919893,1532,GISKE,18092484,0,111.0,Enebolig,FA,Ferdigattest,20100701,20100716,10101,193.0,,,,,,,,,,
919894,1532,GISKE,18098083,0,181.0,Garasjeuthus anneks til bolig,TB,Tatt i bruk,10101,10101,10101,32.0,,,,,,,,,,
919895,1532,GISKE,18092492,0,249.0,Annen landbruksbygning,TB,Tatt i bruk,10101,10101,10101,22.0,,,408292354.0,Kyrkjevegen,4002.0,396.0,,,6040.0,VIGRA
919896,1532,GISKE,18098091,0,181.0,Garasjeuthus anneks til bolig,TB,Tatt i bruk,10101,10101,10101,48.0,,,57164454.0,Godøyvegen,7001.0,730.0,,,6055.0,GODØYA
919897,1532,GISKE,18092581,0,181.0,Garasjeuthus anneks til bolig,TB,Tatt i bruk,10101,10101,10101,28.0,,,408296706.0,Kyrkjevegen,4002.0,551.0,,,6040.0,VIGRA
919898,1532,GISKE,18098180,0,111.0,Enebolig,TB,Tatt i bruk,10101,10101,10101,198.0,,,57164462.0,Teppemyra,7021.0,4.0,,,6055.0,GODØYA
919899,1532,GISKE,18092603,0,161.0,Fritidsbygg(hyttersommerh. ol,TB,Tatt i bruk,10101,10101,10101,58.0,,,411404660.0,Blindheimsgarden,4035.0,107.0,,,6040.0,VIGRA
919900,1532,GISKE,18098199,0,181.0,Garasjeuthus anneks til bolig,TB,Tatt i bruk,10101,10101,10101,30.0,,,57164463.0,Teppemyra,7021.0,5.0,,,6055.0,GODØYA
919901,1532,GISKE,18092611,0,161.0,Fritidsbygg(hyttersommerh. ol,TB,Tatt i bruk,10101,10101,10101,41.0,,,57167065.0,,,,,0.0,6040.0,VIGRA
919902,1532,GISKE,18098202,0,111.0,Enebolig,TB,Tatt i bruk,10101,10101,10101,165.0,,,57164464.0,Teppemyra,7021.0,6.0,,,6055.0,GODØYA
919903,1532,GISKE,18092638,0,161.0,Fritidsbygg(hyttersommerh. ol,TB,Tatt i bruk,10101,10101,10101,53.0,,,408296702.0,Kyrkjevegen,4002.0,438.0,,,6040.0,VIGRA
919904,1532,GISKE,18098202,1,111.0,Enebolig,RA,Rammetillatelse,20000831,10101,10101,14.0,,,57164464.0,Teppemyra,7021.0,6.0,,,6055.0,GODØYA
919905,1532,GISKE,18092549,0,183.0,Naust båthus sjøbu,TB,Tatt i bruk,10101,10101,10101,69.0,,,411510186.0,Blindheimsgarden,4035.0,201.0,,,6040.0,VIGRA
919906,1532,GISKE,18098156,0,181.0,Garasjeuthus anneks til bolig,TB,Tatt i bruk,10101,10101,10101,16.0,,,57164459.0,Godøyvegen,7001.0,735.0,,,6055.0,GODØYA
919907,1532,GISKE,18092557,0,183.0,Naust båthus sjøbu,TB,Tatt i bruk,10101,10101,10101,48.0,,,57163883.0,,,,,0.0,6040.0,VIGRA
919908,1532,GISKE,18098164,0,111.0,Enebolig,TB,Tatt i bruk,10101,10101,10101,276.0,,,57164461.0,Teppemyra,7021.0,2.0,,,6055.0,GODØYA
919909,1532,GISKE,18092565,0,183.0,Naust båthus sjøbu,TB,Tatt i bruk,10101,10101,10101,81.0,,,411404666.0,Blindheimsgarden,4035.0,135.0,,,6040.0,VIGRA
919910,1532,GISKE,18098164,1,111.0,Enebolig,RA,Rammetillatelse,20000727,10101,10101,20.0,,,57164411.0,Godøyvegen,7001.0,273.0,,,6055.0,GODØYA
919911,1532,GISKE,18092573,0,162.0,Helårsb.benyttes som fritidsb.,TB,Tatt i bruk,10101,10101,10101,127.0,,,408296706.0,Kyrkjevegen,4002.0,551.0,,,6040.0,VIGRA
919912,1532,GISKE,18098172,0,181.0,Garasjeuthus anneks til bolig,TB,Tatt i bruk,10101,10101,10101,22.0,,,57164461.0,Teppemyra,7021.0,2.0,,,6055.0,GODØYA
919913,1532,GISKE,18090058,0,181.0,Garasjeuthus anneks til bolig,TB,Tatt i bruk,10101,10101,10101,36.0,,,408244045.0,Budafjellvegen,4010.0,62.0,,,6040.0,VIGRA
919914,1532,GISKE,18095297,0,111.0,Enebolig,TB,Tatt i bruk,10101,10101,10101,227.0,,,57168008.0,Nørestranda,4006.0,215.0,,,6040.0,VIGRA
919915,1532,GISKE,18090066,0,111.0,Enebolig,TB,Tatt i bruk,10101,10101,10101,188.0,,,407285124.0,Demmevegen,4027.0,15.0,,,6040.0,VIGRA
919916,1532,GISKE,18095300,0,111.0,Enebolig,TB,Tatt i bruk,10101,10101,10101,147.0,,,57164352.0,Nørestranda,4006.0,148.0,,,6040.0,VIGRA
919917,1532,GISKE,18090074,0,122.0,"Tomannsbolig, horisontaldelt",TB,Tatt i bruk,10101,10101,10101,232.0,,,408231124.0,Hauvegen,4012.0,25.0,,,6040.0,VIGRA
919918,1532,GISKE,18095319,0,181.0,Garasjeuthus anneks til bolig,TB,Tatt i bruk,10101,10101,10101,52.0,,,57164352.0,Nørestranda,4006.0,148.0,,,6040.0,VIGRA
919919,1532,GISKE,18090082,0,122.0,"Tomannsbolig, horisontaldelt",TB,Tatt i bruk,10101,10101,10101,255.0,,,408197648.0,Hauvegen,4012.0,3.0,,,6040.0,VIGRA
919920,1532,GISKE,18095254,0,241.0,Hus for dyr/landbr.lager/silo,TB,Tatt i bruk,10101,10101,10101,226.0,,,,,,,,,,
919921,1532,GISKE,18090031,0,111.0,Enebolig,TB,Tatt i bruk,10101,10101,10101,174.0,,,408244045.0,Budafjellvegen,4010.0,62.0,,,6040.0,VIGRA
919922,1532,GISKE,18095262,0,113.0,Våningshus,TB,Tatt i bruk,10101,10101,19600101,195.0,,,57164350.0,Nørestranda,4006.0,131.0,,,6040.0,VIGRA
919923,1532,GISKE,18090031,1,111.0,Enebolig,IG,Igangsettingstillatelse,20030708,20030808,10101,25.0,,,408244045.0,Budafjellvegen,4010.0,62.0,,,6040.0,VIGRA
919924,1532,GISKE,18095270,0,111.0,Enebolig,TB,Tatt i bruk,10101,10101,10101,194.0,,,,,,,,,,
919925,1532,GISKE,18095289,0,181.0,Garasjeuthus anneks til bolig,TB,Tatt i bruk,10101,10101,10101,65.0,,,57164351.0,Nørestranda,4006.0,221.0,,,6040.0,VIGRA
919926,1532,GISKE,18090082,3,122.0,"Tomannsbolig, horisontaldelt",TB,Tatt i bruk,20050315,20050315,20060301,29.0,,,,,,,,,,
919927,1532,GISKE,18095386,0,111.0,Enebolig,TB,Tatt i bruk,10101,10101,10101,224.0,,,57164356.0,Gjøsundremane,4061.0,43.0,,,6040.0,VIGRA
919928,1532,GISKE,18090090,0,241.0,Hus for dyr/landbr.lager/silo,TB,Tatt i bruk,10101,10101,10101,73.0,,,,,,,,,,
919929,1532,GISKE,18095394,0,111.0,Enebolig,TB,Tatt i bruk,10101,10101,10101,160.0,,,57164357.0,Gjøsundremane,4061.0,10.0,,,6040.0,VIGRA
919930,1532,GISKE,18090104,0,113.0,Våningshus,TB,Tatt i bruk,10101,10101,18720101,385.0,,,411519730.0,Blindheimsgarden,4035.0,230.0,,,6040.0,VIGRA
919931,1532,GISKE,18095408,0,111.0,Enebolig,TB,Tatt i bruk,10101,10101,10101,166.0,,,57164358.0,Gjøsundremane,4061.0,20.0,,,6040.0,VIGRA
919932,1532,GISKE,18090082,1,122.0,"Tomannsbolig, horisontaldelt",TB,Tatt i bruk,20060315,20060315,20060501,65.0,,,,,,,,,,
919933,1532,GISKE,18095335,0,111.0,Enebolig,TB,Tatt i bruk,10101,10101,10101,188.0,,,57164353.0,Nørestranda,4006.0,85.0,,,6040.0,VIGRA
919934,1532,GISKE,18095343,0,181.0,Garasjeuthus anneks til bolig,TB,Tatt i bruk,10101,10101,10101,36.0,,,57164354.0,Gjøsundremane,4061.0,42.0,,,6040.0,VIGRA
919935,1532,GISKE,18090082,2,122.0,"Tomannsbolig, horisontaldelt",TB,Tatt i bruk,20060315,20060510,20060510,0.0,,,,,,,,,,
919936,1532,GISKE,18095351,0,111.0,Enebolig,TB,Tatt i bruk,10101,10101,10101,140.0,,,57164355.0,Nørestranda,4006.0,105.0,,,6040.0,VIGRA
919937,1532,GISKE,18095351,1,111.0,Enebolig,TB,Tatt i bruk,20060926,20060930,20070601,88.0,,,57164355.0,Nørestranda,4006.0,105.0,,,6040.0,VIGRA
919938,1532,GISKE,18095092,0,241.0,Hus for dyr/landbr.lager/silo,TB,Tatt i bruk,10101,10101,10101,546.0,,,57164347.0,Nørestranda,4006.0,107.0,,,6040.0,VIGRA
919939,1532,GISKE,18095114,0,113.0,Våningshus,TB,Tatt i bruk,10101,10101,10101,243.0,,,57164348.0,Nørestranda,4006.0,50.0,,,6040.0,VIGRA
919940,1532,GISKE,18095122,0,113.0,Våningshus,TB,Tatt i bruk,10101,10101,10101,223.0,,,57168007.0,Nørestranda,4006.0,52.0,,,6040.0,VIGRA
919941,1532,GISKE,18095068,0,111.0,Enebolig,TB,Tatt i bruk,10101,10101,10101,187.0,,,57168921.0,Nørestranda,4006.0,79.0,,,6040.0,VIGRA
919942,1532,GISKE,18095076,0,113.0,Våningshus,TB,Tatt i bruk,10101,10101,10101,268.0,,,57168453.0,Nørestranda,4006.0,77.0,,,6040.0,VIGRA
919943,1532,GISKE,18095076,1,113.0,Våningshus,IG,Igangsettingstillatelse,20030819,20030825,10101,12.0,,,57168453.0,Nørestranda,4006.0,77.0,,,6040.0,VIGRA
919944,1532,GISKE,18095084,0,113.0,Våningshus,TB,Tatt i bruk,10101,10101,10101,270.0,,,57164347.0,Nørestranda,4006.0,107.0,,,6040.0,VIGRA
919945,1532,GISKE,18095203,0,241.0,Hus for dyr/landbr.lager/silo,TB,Tatt i bruk,10101,10101,10101,40.0,,,57164349.0,Nørestranda,4006.0,181.0,,,6040.0,VIGRA
919946,1532,GISKE,18095211,0,113.0,Våningshus,TB,Tatt i bruk,10101,10101,10101,193.0,,,57164349.0,Nørestranda,4006.0,181.0,,,6040.0,VIGRA
919947,1532,GISKE,18095238,0,183.0,Naust båthus sjøbu,TB,Tatt i bruk,10101,10101,10101,32.0,,,57164349.0,Nørestranda,4006.0,181.0,,,6040.0,VIGRA
919948,1532,GISKE,18095246,0,113.0,Våningshus,TB,Tatt i bruk,10101,10101,10101,191.0,,,57168463.0,Nørestranda,4006.0,133.0,,,6040.0,VIGRA
919949,1532,GISKE,18095130,0,241.0,Hus for dyr/landbr.lager/silo,TB,Tatt i bruk,10101,10101,10101,393.0,,,,,,,,,,
919950,1532,GISKE,18095149,0,183.0,Naust båthus sjøbu,TB,Tatt i bruk,10101,10101,10101,72.0,,,,,,,,,,
919951,1532,GISKE,18095157,0,181.0,Garasjeuthus anneks til bolig,TB,Tatt i bruk,10101,10101,10101,48.0,,,,,,,,,,
919952,1532,GISKE,18095181,0,241.0,Hus for dyr/landbr.lager/silo,TB,Tatt i bruk,10101,10101,10101,326.0,,,57164349.0,Nørestranda,4006.0,181.0,,,6040.0,VIGRA
919953,1532,GISKE,18094932,0,113.0,Våningshus,TB,Tatt i bruk,10101,10101,10101,324.0,,,57168469.0,Nørestranda,4006.0,81.0,,,6040.0,VIGRA
919954,1532,GISKE,18094940,0,241.0,Hus for dyr/landbr.lager/silo,TB,Tatt i bruk,10101,10101,10101,513.0,,,57168469.0,Nørestranda,4006.0,81.0,,,6040.0,VIGRA
919955,1532,GISKE,18094959,0,241.0,Hus for dyr/landbr.lager/silo,TB,Tatt i bruk,10101,10101,10101,109.0,,,57168469.0,Nørestranda,4006.0,81.0,,,6040.0,VIGRA
919956,1532,GISKE,18094967,0,161.0,Fritidsbygg(hyttersommerh. ol,TB,Tatt i bruk,10101,10101,10101,44.0,,,57168469.0,Nørestranda,4006.0,81.0,,,6040.0,VIGRA
919957,1532,GISKE,18094894,0,111.0,Enebolig,TB,Tatt i bruk,10101,10101,10101,506.0,,,411338416.0,Synesrema,4057.0,105.0,,,6040.0,VIGRA
919958,1532,GISKE,18094908,0,111.0,Enebolig,TB,Tatt i bruk,10101,10101,10101,188.0,,,411197220.0,Synesvegen,4003.0,863.0,,,6040.0,VIGRA
919959,1532,GISKE,18094916,0,111.0,Enebolig,TB,Tatt i bruk,10101,10101,10101,206.0,,,411173503.0,Synesvegen,4003.0,538.0,,,6040.0,VIGRA
919960,1532,GISKE,18094924,0,111.0,Enebolig,TB,Tatt i bruk,10101,10101,10101,143.0,,,411173501.0,Synesvegen,4003.0,534.0,,,6040.0,VIGRA
919961,1532,GISKE,18095017,0,241.0,Hus for dyr/landbr.lager/silo,TB,Tatt i bruk,10101,10101,10101,353.0,,,57164346.0,Gjøsundremane,4061.0,36.0,,,6040.0,VIGRA
919962,1532,GISKE,18095025,0,241.0,Hus for dyr/landbr.lager/silo,TB,Tatt i bruk,10101,10101,10101,13.0,,,,,,,,,,
919963,1532,GISKE,18095033,0,241.0,Hus for dyr/landbr.lager/silo,BR,Bygning revet/brent,10101,10101,10101,46.0,,,57168453.0,Nørestranda,4006.0,77.0,,,6040.0,VIGRA
919964,1532,GISKE,18095041,0,241.0,Hus for dyr/landbr.lager/silo,TB,Tatt i bruk,10101,10101,10101,319.0,,,57168453.0,Nørestranda,4006.0,77.0,,,6040.0,VIGRA
919965,1532,GISKE,18094975,0,241.0,Hus for dyr/landbr.lager/silo,TB,Tatt i bruk,10101,10101,10101,17.0,,,57168469.0,Nørestranda,4006.0,81.0,,,6040.0,VIGRA
919966,1532,GISKE,18094983,0,241.0,Hus for dyr/landbr.lager/silo,TB,Tatt i bruk,10101,10101,10101,341.0,,,57164345.0,Gjøsundremane,4061.0,26.0,,,6040.0,VIGRA
919967,1532,GISKE,18094991,0,113.0,Våningshus,TB,Tatt i bruk,10101,10101,10101,274.0,,,57164345.0,Gjøsundremane,4061.0,26.0,,,6040.0,VIGRA
919968,1532,GISKE,18095009,0,124.0,"Våningshus, tomannsb./horisont.",TB,Tatt i bruk,10101,10101,10101,302.0,,,57164346.0,Gjøsundremane,4061.0,36.0,,,6040.0,VIGRA
919969,1532,GISKE,18094789,0,112.0,Enebolig m/hybel/sokkelleil.,TB,Tatt i bruk,10101,10101,10101,212.0,,,430095646.0,Klungreteigen,4063.0,5.0,,,6040.0,VIGRA
919970,1532,GISKE,18094797,0,111.0,Enebolig,TB,Tatt i bruk,10101,10101,10101,176.0,,,430095643.0,Klungreteigen,4063.0,8.0,,,6040.0,VIGRA
919971,1532,GISKE,18094800,0,111.0,Enebolig,TB,Tatt i bruk,10101,10101,10101,292.0,,,430096258.0,Janteigen,4055.0,2.0,,,6040.0,VIGRA
919972,1532,GISKE,18094819,0,111.0,Enebolig,TB,Tatt i bruk,10101,10101,10101,187.3,,,430098329.0,Janteigen,4055.0,4.0,,,6040.0,VIGRA
919973,1532,GISKE,18094754,0,111.0,Enebolig,TB,Tatt i bruk,10101,10101,10101,110.0,,,413470745.0,Bureisingsvegen,4050.0,52.0,,,6040.0,VIGRA
919974,1532,GISKE,18094754,1,111.0,Enebolig,TB,Tatt i bruk,19951006,20000104,20000125,18.0,,,413470745.0,Bureisingsvegen,4050.0,52.0,,,6040.0,VIGRA
919975,1532,GISKE,18094762,0,111.0,Enebolig,TB,Tatt i bruk,10101,10101,10101,226.0,,,430095641.0,Klungreteigen,4063.0,4.0,,,6040.0,VIGRA
919976,1532,GISKE,18094843,0,111.0,Enebolig,TB,Tatt i bruk,10101,10101,10101,185.0,,,430100759.0,Janteigen,4055.0,31.0,,,6040.0,VIGRA
919977,1532,GISKE,18094851,0,181.0,Garasjeuthus anneks til bolig,TB,Tatt i bruk,10101,10101,10101,26.0,,,,,,,,,,
919978,1532,GISKE,18094878,0,111.0,Enebolig,TB,Tatt i bruk,10101,10101,10101,188.0,,,430099058.0,Janteigen,4055.0,29.0,,,6040.0,VIGRA
919979,1532,GISKE,18094886,0,181.0,Garasjeuthus anneks til bolig,TB,Tatt i bruk,10101,10101,10101,30.0,,,430099058.0,Janteigen,4055.0,29.0,,,6040.0,VIGRA
919980,1532,GISKE,18094827,0,111.0,Enebolig,TB,Tatt i bruk,10101,10101,10101,192.0,,,430098330.0,Janteigen,4055.0,6.0,,,6040.0,VIGRA
919981,1532,GISKE,18094827,1,111.0,Enebolig,TB,Tatt i bruk,20070301,20070307,20070901,39.0,,,,,,,,,,
919982,1532,GISKE,18094835,0,111.0,Enebolig,TB,Tatt i bruk,10101,10101,10101,192.0,,,430098333.0,Janteigen,4055.0,1.0,,,6040.0,VIGRA
919983,1532,GISKE,18090155,0,241.0,Hus for dyr/landbr.lager/silo,TB,Tatt i bruk,10101,10101,10101,35.0,,,57163883.0,,,,,0.0,6040.0,VIGRA
919984,1532,GISKE,18095440,0,111.0,Enebolig,TB,Tatt i bruk,10101,10101,10101,167.0,,,57164360.0,Gjøsundremane,4061.0,44.0,,,6040.0,VIGRA
919985,1532,GISKE,18090163,0,241.0,Hus for dyr/landbr.lager/silo,TB,Tatt i bruk,10101,10101,10101,14.0,,,57163883.0,,,,,0.0,6040.0,VIGRA
919986,1532,GISKE,18095459,0,111.0,Enebolig,TB,Tatt i bruk,10101,10101,10101,172.0,,,57164362.0,Nørestranda,4006.0,217.0,,,6040.0,VIGRA
919987,1532,GISKE,18090171,0,113.0,Våningshus,TB,Tatt i bruk,10101,10101,18800101,264.0,,,411510188.0,Blindheimsgarden,4035.0,214.0,,,6040.0,VIGRA
919988,1532,GISKE,18090198,0,241.0,Hus for dyr/landbr.lager/silo,TB,Tatt i bruk,10101,10101,10101,32.0,,,411510188.0,Blindheimsgarden,4035.0,214.0,,,6040.0,VIGRA
919989,1532,GISKE,18090112,0,241.0,Hus for dyr/landbr.lager/silo,TB,Tatt i bruk,10101,10101,10101,125.0,,,,,,,,,,
919990,1532,GISKE,18095416,0,111.0,Enebolig,TB,Tatt i bruk,10101,10101,10101,259.0,,,57164359.0,Gjøsundremane,4061.0,41.0,,,6040.0,VIGRA
919991,1532,GISKE,18090120,0,241.0,Hus for dyr/landbr.lager/silo,TB,Tatt i bruk,10101,10101,10101,15.0,,,,,,,,,,
919992,1532,GISKE,18095424,0,181.0,Garasjeuthus anneks til bolig,BR,Bygning revet/brent,19970619,10101,10101,36.0,,,57164359.0,Gjøsundremane,4061.0,41.0,,,6040.0,VIGRA
919993,1532,GISKE,18090139,0,241.0,Hus for dyr/landbr.lager/silo,TB,Tatt i bruk,10101,10101,10101,124.0,,,,,,,,,,
919994,1532,GISKE,18090147,0,241.0,Hus for dyr/landbr.lager/silo,TB,Tatt i bruk,10101,10101,10101,516.0,,,,,,,,,,
919995,1532,GISKE,18095432,0,181.0,Garasjeuthus anneks til bolig,TB,Tatt i bruk,10101,10101,10101,26.0,,,57164360.0,Gjøsundremane,4061.0,44.0,,,6040.0,VIGRA
919996,1532,GISKE,18090201,0,241.0,Hus for dyr/landbr.lager/silo,TB,Tatt i bruk,10101,10101,10101,71.0,,,411510188.0,Blindheimsgarden,4035.0,214.0,,,6040.0,VIGRA
919997,1532,GISKE,18090228,0,241.0,Hus for dyr/landbr.lager/silo,TB,Tatt i bruk,10101,10101,10101,98.0,,,411404666.0,Blindheimsgarden,4035.0,135.0,,,6040.0,VIGRA
919998,1532,GISKE,18090236,0,113.0,Våningshus,TB,Tatt i bruk,10101,10101,18900101,242.0,,,411404666.0,Blindheimsgarden,4035.0,135.0,,,6040.0,VIGRA
919999,1532,GISKE,18090244,0,124.0,"Våningshus, tomannsb./horisont.",TB,Tatt i bruk,10101,10101,19700101,236.0,,,411404665.0,Blindheimsgarden,4035.0,133.0,,,6040.0,VIGRA
